139.153922312
74.8583981674
152.089801912
34.8374707042
223.839025744
229.765902861
139.392477173
459.108683646
67.1011584689
120.070006978
76.6100725821
259.691684519
96.9784753902
21.3275505071
71.8065434673
920.624547228
163.870531283
384.639581966
66.6704016557
84.5004562245
108.79397505
28.296951535
192.051065513
58.217571608
82.1149281452
80.6928493012
35.4046735131
45.4784390553
71.6939826583
179.784841651
402.26635929
281.050568667
122.645625534
32.7192468291
100.526033778
213.051123267
88.2253175398
157.775326362
449.942509039
75.7775805627
32.0046901538
65.8418193461
90.0316820544
27.1780546587
51.269332538
229.358377569
70.3423053784
37.0694430616
350.643719045
80.1179214929
95.6572793666
45.3659676938
71.2846592542
208.449121778
130.245786596
88.173554489
300.787784955
427.659202173
142.467307516
106.845149515
104.760198508
78.1326252253
50.1697454898
55.7348433066
83.7809213527
90.8237077832
117.312587043
79.9939215974
72.0370718311
210.512151754
52.5728586438
184.472643822
74.7010563612
136.864518797
62.12906527
88.6997444597
100.051277415
80.2998366121
44.3621252848
96.8269553177
51.8382472756
80.2387467103
59.7345787191
379.65941274
40.1163507763
249.479023763
80.5770840475
256.512446829
136.363496875
58.7860402469
199.954989866
34.7748026509
53.8984306348
29.870451174
100.379850352
222.167582
108.705034068
33.4562040119
36.6342561732
95.7606479111
158.508174497
67.1759042427
248.888440972
147.98266853
73.0171442172
67.1128846209
38.8340415357
30.044626946
74.2633596062
76.4201549599
73.56770872
719.307125376
65.5895983717
85.9437117734
48.6372608048
150.189537588
98.3389359424
136.407433502
145.580988181
120.708273656
27.888688621
158.732919099
73.875758725
65.1388191053
138.381765369
80.8956022552
93.9347704867
101.436550043
65.0360373352
93.3903993491
71.3411751403
162.716110178
72.7598595734
75.8418378457
28.8520091116
88.323812581
103.5299742
345.161808536
28.1336216776
402.533255935
72.3657310617
45.0515254276
82.6514081225
371.964826473
32.946595163
80.5230833287
48.8643311387
44.7052913367
39.3005661938
86.1550446626
133.051183942
44.7211268092
99.3031491606
62.2689204716
78.6321930555
162.146167804
122.22149631
72.801185096
494.556395773
184.727203763
104.713610358
52.5628967536
240.965554284
319.850179365
25.7089534076
86.6936292376
588.734831816
84.1895240885
77.6440028794
615.713973656
30.9212732069
25.7904368709
316.357474868
31.6038891409
39.7112497392
198.815080632
220.846129209
169.05773854
69.7172499429
72.2058252552
62.9655101331
36.5349142654
39.3135750654
80.1551208151
72.7460179836
75.789578798
54.3850567121
122.360539603
66.5769892911
85.739514445
48.0074091633
791.594152691
65.8292147109
50.1297017723
68.7302736914
96.399991389
191.023877259
116.990962126
151.565206254
208.265971077
280.27263824
214.660011585
73.1544262585
105.439323334
62.4864830475
49.0852653823
84.0551812146
500.002858372
36.5839327162
80.3388069187
26.4999903453
121.5978343
199.478351316
462.783965287
399.576534896
100.928299489
150.744004013
78.3026869862
107.990369224
45.290876581
86.3984957233
95.7436001362
305.136890796
76.3880659863
150.862856662
111.609298259
57.4360450103
48.5099620181
64.2358303205
45.1713583988
88.404350522
118.961191838
358.284858077
103.477277159
271.088930729
72.0934253753
79.7481142304
160.974232054
166.505707268
118.048107964
121.364629877
131.452321861
32.2375857373
78.4156644002
137.552265696
171.778621766
43.92843717
80.4594590861
64.0967673027
57.988697971
264.618073244
103.34003898
94.1247281632
83.4186044927
100.452402029
64.8654343115
30.3796420165
93.3870122876
83.7005895776
64.0002412385
34.6665922705
57.7759086296
49.8263943955
224.477628898
219.057158447
92.9590824622
71.9455427593
128.907648428
42.8355756747
48.7762005766
28.4709505967
195.625818134
20.94170818
70.6213459714
57.0214623365
52.787213339
94.0955622252
103.612085257
527.491553639
342.227710919
78.7932318508
195.554128442
31.9975775409
78.9109778803
109.987887361
384.937955539
97.8531687879
254.806540107
51.8446215101
336.155741977
689.234629674
68.6116718751
192.851928165
70.717115344
197.493563875
109.679079779
67.0161624348
683.561268879
85.3558421244
130.9359158
100.031401773
78.8470452492
70.1846450343
32.0318927186
87.4896615424
220.021679806
85.8738635565
256.898153763
80.8336898647
26.8661329783
59.0176849728
131.870805663
126.149162132
25.5271675682
128.261920572
170.974593139
120.373393547
160.653043459
42.5870601856
71.6439162086
81.0720079114
77.4693651384
160.606402937
75.0139943178
45.2944865682
37.5585108456
74.8079456137
113.23088188
99.1804792897
509.706621203
34.2565264342
52.8679072276
77.870059232
68.3220858429
363.751490214
387.079404511
78.5955072255
35.1317885189
95.2183941783
75.9783475711
24.1793740843
99.0055029958
57.2218170796
158.230871704
150.151058816
78.3553050826
48.1633075212
105.234029079
62.6294574662
32.2518241806
84.9130983014
107.028918174
85.4879438493
79.2729816975
128.985498463
58.8114802343
66.9992216716
28.4072954197
79.91856537
229.019729598
52.1164416118
143.631404851
37.0939759744
88.2573749963
88.4751541822
166.242258624
56.3082393909
99.313204068
57.1936381995
584.668576222
116.151234448
67.874578822
47.2348587119
108.456129235
72.2724161055
69.5530339439
63.8092396217
165.813951544
22.3133967049
86.7150085968
127.384592806
68.734832105
225.36530212
79.1489776277
1103.98381876
89.5738596505
204.164017357
141.259911805
438.70266786
77.6219110525
73.0542112927
65.0606645254
81.9700825721
476.001352407
93.953240747
52.8472244946
78.4638594231
69.7758604192
54.6253185295
163.290293624
147.991489463
46.2475553991
118.887593866
82.6172971937
179.905026426
90.4215748531
79.5348828272
78.9696973965
88.0216671483
77.4259793793
145.715627329
50.0948599589
174.937545323
99.9998508194
41.2656346917
182.033600911
83.3029694697
97.5164859216
159.062633114
108.768944604
58.3689518511
70.2327303306
126.289935138
83.9668739487
44.7081755612
63.9545238629
93.9380838331
84.5550989276
80.9102020826
153.596524554
219.72440478
31.2351008101
58.2801098026
296.39539739
98.2463593956
64.4351316594
60.1014053841
336.019028936
77.1021078649
56.8740137105
64.0703921714
91.4205143532
103.237266286
88.0890876004
119.13782174
234.106749132
241.673737357
82.9979755402
103.455083895
72.5618787417
103.722863955
455.269802111
100.701465099
41.8272757301
24.547719868
302.645468222
410.232522645
77.3118197879
62.2238198218
113.281852242
147.697976452
223.436320727
46.7098201809
67.2843226306
76.8710336554
79.0147156271
170.49784268
291.104790143
75.4766758396
76.1172684412
254.231610922
70.0748464883
121.266592326
90.6059711675
82.4913628913
167.601665856
62.6918088314
90.9956810342
234.581411584
448.586440526
36.6785451671
132.502686166
223.439117369
107.366297084
64.2160445137
43.2149211425
73.5145820677
138.473342004
81.0605690782
89.8884900974
76.3773059153
51.0428383312
158.117797398
154.292901439
87.4412670749
73.2795223205
70.304983007
82.6829152081
169.346196418
344.766439606
55.4141525174
76.0043748402
197.511303378
60.1620151756
84.4053250227
142.483518042
217.85459995
85.470489355
31.491701505
78.5272995856
97.8834623448
105.56810698
111.671519413
87.8846231528
111.492925199
52.6742497401
33.1044242661
115.565433851
69.3636194694
26.7843092274
328.31461341
194.023093907
146.762599093
49.7664538262
54.9954920782
448.310825505
87.7490560223
174.409639108
87.4859676698
223.422099698
77.2898451192
122.609854182
67.0875759426
244.298597679
72.9499558799
36.8439128905
129.516819934
221.476736556
88.8792281463
43.9616532975
76.3500464157
359.200826946
150.81967225
89.6286176279
76.802503915
301.376757582
602.371560638
68.4640486946
157.767865859
82.3577737657
76.0804963989
255.276235377
81.1827094236
175.432991307
553.126420788
35.4880334848
68.3201494799
33.9960647456
80.8727995149
58.2294603005
26.4841288731
303.01021017
199.920139122
61.817515186
149.4893111
496.477748937
43.0969552667
574.777079033
443.022873086
643.075228899
102.640174955
336.585872886
119.677487068
128.269147416
66.7175261398
65.3180384213
239.725828111
55.6633264625
154.468574748
81.0751505369
326.299609623
425.175799582
155.76963787
75.327537344
25.667282129
205.491588277
65.5372326975
380.663596917
80.4878153297
41.4694130071
274.594632456
129.014937187
67.1481141187
77.4946278063
59.5949214065
11.641809393
54.7828049422
22.962531922
109.846452208
74.4507461316
162.463149008
90.7787706064
111.259378371
98.3819248757
83.8372693972
99.7343408099
116.727469216
114.171986214
86.995450251
110.776269685
113.063932543
20.2279542836
196.395226204
142.862066199
28.2875061265
64.3409537591
173.200803647
126.596682798
180.463267964
505.153571875
410.675898305
172.108722164
506.136029705
120.581765971
374.79783298
142.548723315
90.0212189312
27.0288978766
58.0943944585
169.324499774
93.8830502063
510.290663747
71.4313495249
70.9243995303
404.64295261
29.9322236216
73.7026822181
209.994194765
366.658476654
89.9805450247
236.990018588
87.4663198126
83.3633691973
85.079332498
56.310935946
61.9380154149
87.5011789624
93.5790426295
139.117735124
148.687774948
160.334913162
126.432205725
369.845035926
60.2595440426
365.967314284
186.79433056
186.67840774
81.2108628251
84.1204411758
151.530160388
27.2184938798
29.7810882915
113.670861693
115.31426384
203.251590094
70.7520706584
85.4659801772
43.6883555218
127.01293263
480.765606075
126.674079182
52.7369174495
38.1353020845
111.505878941
236.657934507
61.9955036243
69.7000808726
161.746833667
93.763165568
359.003787291
57.9012060619
539.29752173
207.322092633
88.7856177579
125.385952359
238.535268205
204.091283242
127.527769468
65.1969091488
38.003181007
98.7856880911
86.4461285403
76.0938362006
241.140835708
41.3792930832
79.2282420252
47.1564904783
123.283763173
69.9117546947
50.3496774538
166.119116025
237.047767854
96.5161690532
272.766180571
58.8212070707
68.0718638814
102.350833974
93.6623658113
76.9971835405
166.241415852
65.8578723413
299.020874771
74.2451686416
54.8304321551
277.630256308
104.361308239
76.4408154993
64.2052097274
61.7423302613
336.74949867
68.709110095
37.7582387878
83.5006261556
146.614270606
183.159386841
37.5666293119
66.6908150172
25.8692100973
381.401929576
84.1310335405
63.1831410236
1284.05119104
46.3653788596
111.613860933
59.7991076314
86.0091676049
82.5597698471
105.171509407
195.099654573
61.5234995964
87.7000683223
81.4072313176
63.8120580835
209.785046137
66.0054641018
60.1423749513
53.6871058923
39.384394489
127.181577147
290.409715749
65.0768738342
152.34058111
54.1305626381
96.4578760444
252.649240193
147.965062768
184.875749996
149.124413172
367.120578188
68.912470932
63.6050507687
209.173160953
283.009264359
143.499224509
159.994880752
71.8284248787
308.182855052
71.8258565553
82.5380314483
170.374831893
86.145495251
221.456245103
70.3582918001
66.663661996
109.652704512
77.8962244306
244.276105064
41.6342600618
52.1776437621
96.8202071149
65.9451553431
310.082727209
80.7708310635
45.458119411
114.053469206
160.37225229
209.830029743
14.7762898299
64.0750529013
365.401515411
86.275940536
34.8466929697
73.61687144
100.662768024
137.103051509
91.8480261338
71.4270714411
308.588082816
233.192809757
59.381289153
71.1075904531
225.60543531
50.0569248438
97.3642178547
50.0540256949
308.199990901
76.8103101946
206.516474885
52.0638436181
125.524673079
55.5156277971
97.9218605267
38.7754129887
85.0504584494
150.68690484
90.2102356079
282.44608778
123.48128691
80.0540964141
73.1899303464
53.861184863
145.126987591
486.19132086
94.6622376932
325.547970501
37.0762050594
70.5057395564
79.7662408293
120.183100976
75.3909711189
92.3248267092
142.306792393
67.1444951383
24.8424886947
41.5032481896
110.408655194
194.403203499
305.986763219
76.9357761481
147.317793449
76.89099269
133.791837789
52.8957791049
74.9309719878
107.423713642
83.4645567584
577.043096908
91.8588458611
73.779298742
53.9910195486
54.5757493285
243.221188565
436.138411385
67.9490368144
57.77331246
95.0197727739
75.529066182
56.7079126265
253.666365803
138.565489018
93.2768609559
116.413173273
71.319436711
394.230580486
84.0425066884
211.441582436
95.1516115955
113.372142977
38.0695993442
82.7366356127
90.7097717275
76.4877284789
64.6545723253
49.0312616735
327.486784074
282.670927102
60.412161017
641.902889858
45.0251733863
102.794117013
28.2856271609
55.5222404231
82.015730319
27.8951242722
50.4805796095
76.6512995428
95.2106340886
103.152604787
54.1186669774
87.0621711417
151.760068732
201.495171191
38.0738862258
86.4996747493
160.38804612
124.264255567
68.6585332956
80.4369675666
323.49602797
69.5752571128
281.417799069
88.9940923118
184.14244519
132.238752829
856.623070199
148.178550458
92.4086997516
79.4375282914
45.9054184302
60.371720888
77.2923411462
381.673460816
199.639479837
54.2698039203
91.5246767078
49.6644839315
43.2131404303
59.6033033345
78.626351673
65.956738938
70.5728589411
52.9552325335
33.1676325352
134.281140266
75.7750807189
87.4326966112
74.4850289417
96.4032062067
76.2863173022
58.7775546672
45.5251929704
48.4714828301
63.3281814151
86.9166173201
36.6026721173
52.4121597642
83.2670013931
225.225030722
184.328726414
91.7887955418
48.2977912198
81.2345216114
28.8640442856
130.251671413
41.4204498921
89.458927214
128.824552923
86.3533099693
67.6803501248
96.6986832957
571.358841182
102.392162084
76.6821879459
285.22044826
654.456963702
126.966262315
56.3826879308
76.7107213043
47.4199523095
78.4616889555
103.357551885
92.839528917
110.936139538
64.1991601502
168.248532208
60.7431790181
1036.58236074
109.117446958
88.9167562824
48.1287174596
91.8761163728
77.9846987273
36.1516147362
46.4102394029
93.2750195698
123.427445659
77.9279550602
428.221236937
57.7087118639
67.1783962212
347.251472934
159.671546296
88.2234867746
181.353588144
27.0057561575
69.2073151102
108.546326912
147.981940582
107.300757625
64.83559165
85.3259938119
343.893686801
146.403011738
56.730477945
122.196851683
235.083657942
363.994630023
61.7210346737
600.244307711
62.5619996267
51.2964878979
150.612952882
70.0958846462
87.5042627191
85.1638262096
72.2700016038
52.4993042299
134.205830822
59.9043728777
183.796435184
133.717097043
45.6736110592
77.8015070213
693.920976747
210.34039912
76.7390100173
72.2328798084
99.8048423812
124.42005863
54.6283511144
69.2452390743
45.0190945673
104.014195267
73.6680898103
38.0347060321
39.8921328048
137.980238298
125.303150742
113.538863319
300.15655931
98.7646882021
213.508379537
144.498743894
52.8973019717
549.228899852
191.494696337
272.121653232
77.1524527548
132.391142318
134.781804578
71.0701180949
168.123436468
39.8937337858
42.5551459295
59.5653041126
41.2424411189
211.149585683
68.0673889916
178.477663011
158.259218823
74.2272682894
85.2516706913
347.309541165
66.1833147422
77.0664770962
58.8847875772
57.5272937054
163.064819471
58.7400181298
167.510325414
149.894620403
135.831074634
371.546239003
40.281487904
109.235107093
82.4804471506
71.2562725343
147.193278195
31.2354779891
72.3633813887
168.079975979
147.872386464
104.891870398
139.480774837
75.6516452041
132.798017741
146.588853125
49.8380735531
1227.53268471
253.835868879
88.026143157
1801.03338175
83.7461251539
242.943881877
127.42640164
114.778928629
178.523041331
141.940091703
112.495898135
77.4231611605
39.9385036964
59.1644140076
565.509037214
71.5489646582
106.747893809
67.4950697354
595.000314383
367.29712194
74.0378259954
64.3915499661
73.9678041416
2167.21172584
134.940512766
57.5253764204
32.3550815558
211.556757845
74.8444455755
103.395133095
50.8325635203
148.093170161
133.192724486
999.734448043
46.6821501924
69.1119543237
241.30537386
64.1741391521
154.012413605
52.0448689582
92.4549463105
55.6024734005
65.6590139595
89.6600856636
296.546388409
508.274619418
66.9925637557
126.373839153
22.2168997778
251.106734219
283.118627085
285.203931606
61.0548688753
146.795809904
151.018723941
457.26135381
109.293532926
77.580908031
85.7519772616
158.33579608
49.6043422447
40.5018528727
430.197485635
222.935311764
71.2131880894
274.123467231
31.5822263477
145.150740328
265.413486749
70.8724016762
53.9213596897
77.4425917825
74.9761426824
54.1904281322
126.718862598
233.221292682
74.6028406989
70.5676457758
73.9042371017
88.9292829535
76.1055809213
216.03311498
137.079344999
82.2619161505
45.397988152
128.362493646
336.441258397
212.438264329
110.277775771
80.8450371407
25.1560573133
248.005862156
180.988557995
52.4765332316
62.899113142
196.10863156
278.486588783
105.122152458
83.3348441262
69.7466897558
82.730104593
182.434903302
79.2315184806
67.5107938315
27.9498339532
56.4172472603
104.520030176
32.457876261
116.497357261
81.3856317167
57.6664599358
77.5333314544
275.689015605
103.803736997
23.2711965786
104.117916562
120.182682499
37.2292474685
72.3564696504
84.0145462181
106.783759353
108.06486857
52.023999049
87.3208756898
78.5471402749
126.906566844
146.03299529
89.1042552843
83.2760989161
617.351580422
24.272618572
51.78753035
68.3180968852
124.873395012
51.5748765596
69.2683830407
66.5997618025
52.8366631713
81.3256522773
37.3106002296
73.4643204206
130.874453097
20.2245958951
193.723179741
78.1318439645
79.0530715404
71.1846275869
68.5837787114
104.621255264
423.081417688
77.1526542561
168.322045623
46.5057017896
106.397642329
53.5580427607
101.481819453
128.333106869
128.000800432
203.501076028
75.6987877109
186.034212796
78.5408379922
33.39759173
84.498287871
239.45997211
78.9863387685
94.5974634341
53.9896121698
45.8805118011
45.2677782479
63.827875857
279.105870171
30.1714712637
73.3521428707
47.875039274
116.243745693
81.3602091864
70.8768162378
143.781562582
67.6670824275
76.0809458064
71.9295619871
138.121615818
75.1344629251
175.668269795
70.0476853509
109.924161788
78.3680536912
169.330230554
63.5569014029
171.965029476
328.011255142
68.0634520671
42.9755733345
89.0105619643
65.3244661863
638.723983838
101.950108788
179.688283686
99.3580253456
112.295024081
167.628590858
92.7582548876
80.9678416513
61.6744806835
79.2646464631
109.120809982
40.4350845831
165.554831921
100.081159204
64.339190654
33.4176888765
143.25610937
192.457626203
75.1981150925
40.2347842857
97.2609290201
217.867482137
315.739319222
59.2693354535
62.4444485352
97.7080181369
796.464872054
76.3489866049
39.3861061217
113.504955941
46.9717204803
137.476955753
244.175347056
771.92887594
76.0396634697
105.674709763
57.9521393862
57.3789859495
356.49539761
113.957322113
164.892770451
106.372223581
104.675462653
191.263045666
170.727309253
108.443271594
131.371899791
64.6996168737
86.3318072337
192.771549945
69.6390411414
91.5230104237
345.986215278
71.0494477531
61.7192567711
257.481843743
68.3428523934
72.5691604042
46.9031495251
99.0476307779
74.7254422392
128.109012412
334.365800708
72.7754371612
293.267667022
64.0962326823
207.030973059
77.1305241734
99.3724741974
70.3549831272
84.1708038117
61.1353020238
31.9107987262
102.979167718
271.312424973
78.0395896713
106.172299387
42.9301260165
79.3416965577
75.8859156713
65.2976556771
60.6801925815
132.659457987
113.216719786
83.0871505099
61.154585739
84.7056058188
48.9171470469
67.940544508
66.1907195499
55.5232806932
712.496591291
35.936393476
105.62631913
72.5604356907
28.1549270257
75.3939259518
76.0674780912
283.244325435
292.610826986
48.777054674
91.0283274576
177.781320536
51.9191823348
78.7129626426
144.350250885
95.4181693184
74.503830074
197.793379323
201.469754233
79.951585095
74.3474878614
128.55130555
75.3442801924
179.975343184
74.8217594363
57.4453665895
83.0030160347
52.8373042545
275.648882349
193.257553531
73.5962807786
63.9776082212
81.190805135
179.852123444
74.1323567185
45.1240527641
33.987290699
101.423290806
418.210063653
213.127153011
99.9308953842
91.5817769839
73.0460077268
86.1358587901
41.1410225248
79.0441077168
46.4111095745
149.004617349
56.6744562361
57.0525492381
89.8508967391
57.9678962729
160.68864485
122.979909254
54.9489329764
78.5551962896
63.7379851253
186.254848063
119.924238066
73.4764684365
65.6328571396
73.9981913866
77.6055045334
22.8846904359
38.3771247421
61.1653865227
130.843636737
40.6913116112
548.580550694
31.123468658
96.8087768749
19.3118728218
65.5199534396
62.1650237073
252.92997733
200.157088249
153.369869159
125.609077587
131.969524847
36.3780932852
221.968508913
90.2375906457
224.086460386
304.805847624
70.328013873
124.604169036
252.918489659
51.6009454097
80.4174822997
210.21639616
285.883112537
86.612469652
87.5106971812
70.6590272207
71.2631384786
148.223625721
131.412059893
167.983983602
32.2175737939
136.522304981
85.1234608395
128.864752324
55.9445136632
126.026673562
19.7098989197
230.825403155
86.7808185561
92.1415394999
58.1103620001
89.4036269943
158.450767127
102.574563616
72.8783962182
95.3463550512
67.1680412296
158.936667491
71.0372068393
66.0348786698
68.76600886
104.386457841
97.5280576674
119.891742627
118.918926622
415.778046423
90.5060427343
211.851599385
89.4214016434
29.4270344778
72.1789693937
72.8860640601
104.703303013
205.881830322
71.6076038581
617.070698868
132.652807052
143.25413886
136.161474272
30.9446254522
123.764646968
376.581416685
79.4668514329
78.3236609594
143.665566254
87.3792465917
89.4581607965
91.1380264394
126.40637853
137.616939427
52.1683829849
73.6508570052
128.130683657
51.0722402481
161.609155836
139.754151514
109.34180836
45.7287882343
93.4033089633
43.7802454532
223.041481423
123.667502837
636.544645823
116.812409641
66.3706315202
114.556231721
193.518690083
59.8029568593
61.0727944743
73.5022816483
32.8554830312
38.2812380058
192.796134938
92.5816141162
73.4115875205
90.6398471753
96.7877628044
189.458556866
82.1593019034
58.511593787
75.3992989965
33.1870851566
155.257694062
72.7128559635
79.3069782544
36.3331375546
257.511381198
117.98026726
74.319848873
108.078018472
97.7889802537
287.710325721
105.796996181
25.2914089726
219.131453269
80.9498812427
53.1694855593
311.683693568
91.5789907684
111.860128217
81.6584679798
83.5837047243
160.439312706
463.926769772
342.920958467
160.506847544
85.4589546541
40.074955111
75.4023774526
247.733385042
42.129034444
365.771952412
466.681578598
358.383259524
79.1372928353
73.2354212528
138.455036941
133.625256831
51.6247559192
198.00946024
43.0967289629
394.863217411
45.2724910825
94.4436011902
200.791168515
529.873942659
72.7665159564
89.0031118802
83.2445853959
334.531073892
66.141707679
102.61149891
241.448736462
68.6623089706
111.006685729
120.956575692
59.1952314248
55.4365106653
71.5472065036
52.5528432411
51.9960298831
46.2217839857
53.8508216777
114.096575824
111.815952354
64.4559441371
69.5405309554
122.23943097
79.4175345616
68.5548071802
388.143926112
89.9269097925
43.1529292404
54.4708774881
56.0594491461
200.123663086
374.655958731
18.3816444369
72.4225285862
68.6570025954
134.953291353
75.2862165949
85.7698372656
69.1453301305
119.89904158
409.4406662
46.483294053
209.121452685
75.7597322301
77.7189417779
93.5003667892
99.0347334889
168.879305987
36.3071697954
40.3074289663
669.531981384
178.259210224
121.325874548
80.8450765588
91.8378069321
21.9922857986
159.521198003
110.883564727
312.523188574
126.360104732
137.111105804
122.232973805
173.441958115
92.0856573192
67.0404919004
157.468322617
76.6845167569
90.9252951525
77.9169094002
17.8919592782
220.535908273
317.710118372
124.579484168
274.65398743
89.9782825463
142.939383746
42.8078652145
246.146636929
103.200382388
395.672526651
203.0406928
61.0839741776
107.717628721
76.1684810099
90.6220639935
24.2649086419
84.9658719562
45.8854882481
64.781493245
94.3382779824
129.390641014
69.639142739
790.922204603
94.6791045596
54.0171546442
78.2858617563
75.4164821025
60.6863406625
156.487649925
102.998316774
101.693019736
76.7880212375
359.169416387
434.850787273
143.955703267
55.2688481232
128.004111363
56.942094792
60.9341808859
38.7705308841
90.9163747925
32.3127287627
689.371271267
39.2380697296
112.785180137
66.6458144552
70.4511672102
38.1008748599
120.309846515
315.975735166
131.223767376
45.6587985618
44.7399482115
129.787216938
292.04864346
76.9083677798
64.0008132701
70.9957917767
47.8024398551
40.7690050155
77.5358777036
311.707233633
96.8447293105
90.1375097189
88.6505239267
18.8318009752
75.4739865814
132.692680732
249.93784346
1083.70625416
69.8206514791
107.251551959
73.0737636248
268.299876767
76.3093258243
59.4084814853
285.721951173
109.422964156
69.0067310574
65.2154171195
64.0552429454
669.126103818
44.6958263078
123.093326142
24.2941928092
73.6942860071
85.3754094762
199.44697593
88.5103836838
278.69182579
44.9955477663
85.3141676345
79.3863763485
61.2278855431
86.9175099137
76.3968056564
112.46675478
66.930888047
144.743070514
24.6817731572
48.293525103
30.0559687852
66.0661874229
79.1942756271
110.062928903
136.440548277
91.4042533276
29.063687278
80.2692542302
79.6808452585
119.917081598
83.6311277931
73.1418294799
368.875197559
50.8153753281
135.718314641
490.445950533
37.2477232838
83.371146666
174.18337222
42.3781122404
53.0668288165
80.6897069438
51.7649692305
46.022622458
123.523698056
365.68377724
374.090901197
56.6402937293
73.0047431712
200.886619714
88.651036347
45.1126080205
82.3545610894
163.542894877
87.3188580698
84.389809734
46.4660107702
71.4510992091
124.778596554
41.8239889279
75.5527526517
80.8093308377
89.6595469642
84.5838202288
78.4002315433
124.229119875
472.371301472
75.9419722699
333.285217126
45.1106951615
175.769699688
30.6586070325
86.800074056
70.2182661935
204.083593954
76.598672716
103.196419019
229.955424357
43.1117857789
84.3878077771
55.7895736324
156.213178057
25.2110799704
50.8225320119
79.0155383261
62.9096603652
76.478075588
33.3253834481
80.0771266783
58.1816804738
69.7957823044
75.7226087262
51.2097410863
76.6720401873
61.9949006887
98.8303588896
125.853615347
24.7050839416
305.420797976
78.1556593768
99.3884846866
105.713945768
60.9595833761
192.922049313
165.996163414
265.275177583
75.088006104
83.9426030272
41.807473615
72.4522972952
65.1370269234
32.6128024378
94.6830218374
160.988640061
229.547237621
55.3190578746
71.4451237241
50.9586484496
146.460064908
170.349488704
152.991019929
27.6410867261
353.724917919
129.017650725
46.9066238654
279.074519079
70.3342172684
80.0104167424
83.4068452148
405.656748182
81.7988297723
81.2973966944
75.8460053083
399.047635025
107.218610723
121.090326718
126.140598418
54.0900004986
48.7849090906
205.294367296
64.8285682
106.210975413
98.1996047274
198.922070164
253.946547194
77.3483469752
22.3946224913
118.139108956
470.985551552
318.776913095
54.3167732324
77.6626913094
146.244104195
147.692806321
34.3930998032
117.639181287
82.452996481
221.15493675
84.2725942232
77.7806748886
63.3492891853
215.147700452
44.4405723312
72.7309867657
50.6808832222
264.80443965
648.479026224
71.5042811308
424.042009383
73.3110609594
89.5300125493
72.7894204245
34.3918778146
287.559924024
72.8958290021
38.253938137
66.3151234588
56.0681655614
22.8511339743
222.814348139
118.612920216
77.4458086539
266.632850793
77.9297446321
89.0349346297
63.4783337527
162.686848146
84.6152977089
73.6625822653
62.05514714
114.409954197
95.4151764974
71.8035618301
74.8519887641
121.908678241
70.0434094826
39.1343760762
69.974075116
161.232473588
60.5525615539
60.52794664
77.1879911548
166.340901058
227.654735628
77.3518102747
40.597021834
43.4676671469
97.0347404857
71.5660338869
77.5133421723
131.328068389
52.0168988253
92.5837261408
38.5975872722
244.359711938
65.0931245286
82.1188296699
48.3039672123
221.1020905
50.8794969965
36.9512810715
261.662733537
126.359589191
92.3269113673
140.96343399
104.191053481
84.9068042969
43.9647210917
353.265050378
252.037873956
109.557560809
96.7584085859
128.647390736
54.5486475046
145.849945346
37.3448898057
88.1599617189
243.322181875
181.46748061
443.666052626
78.4296532472
77.9546257668
89.5545661905
125.670087022
154.976538852
269.301956669
169.271262803
224.773291384
225.788363667
68.9571223596
279.92520818
83.470531401
76.7218657877
492.166587535
113.7153751
455.204256399
131.032373418
62.6274013844
143.229411178
314.407629454
274.271282004
235.494583125
35.5780759356
42.0498342418
70.3085496509
33.5300731263
317.729814155
92.8393865522
132.058920858
45.3683767324
161.427160773
79.8015334007
155.651696873
148.183028518
62.0521421914
231.728463645
65.8067523812
51.9772501404
95.212445146
196.347861439
77.323531472
80.6382925349
288.057648439
54.5672479053
171.84962196
79.2495492693
87.4200752016
51.8154739907
73.2872626825
88.2073028762
139.755613331
336.80310488
139.382702776
67.2636119486
518.332589621
99.493971715
50.0491812892
222.878804516
81.7416748312
50.7598936602
92.9717148988
72.116966473
54.7566424346
38.5289996366
170.133910992
19.795669114
193.338598669
80.9295202513
187.511358191
158.906195009
64.1913467294
142.949918884
56.7033314958
80.0431860101
63.4113398077
22.6258189785
71.4220165976
137.680488532
140.749368141
56.6144104817
70.3720029434
91.9022506438
109.3555258
540.232866861
100.293645939
682.813216302
55.589444425
37.5309529366
41.469915121
36.5587965105
83.5664786906
242.482271391
70.178516719
140.068276793
192.861747387
85.1015359798
105.786162083
243.638759841
89.0247860073
221.169135682
150.163544209
55.8706378947
113.981966559
101.107640151
80.2671066602
345.498394642
61.4343761929
78.6781568931
348.329115648
95.9823758329
274.648946582
137.257521208
190.01778146
69.4069539492
364.540389611
67.034267855
117.673994314
64.0401002517
47.5857574478
622.526537969
74.8878748962
234.437023514
74.8238243884
114.42886143
87.6127350537
85.7549290252
74.8609487657
108.173407838
167.666012498
157.359677623
72.482239251
67.0852731527
75.1287116697
70.4803060568
58.4328134964
80.2586121143
82.0063624263
115.980483566
133.804789362
102.993573773
240.688019727
85.3210521008
53.6772307268
96.6348822569
29.2684879302
101.342264476
246.909222259
98.0653305105
65.4949032288
57.7396847484
50.3380198344
72.7237930502
68.294874482
86.4789948962
67.7539930611
190.113034105
92.4665318766
75.278275031
80.3306760958
254.247107044
81.3082781772
392.839272595
277.745670306
80.1941541105
13.7224050204
71.5410392887
110.528144594
68.5217650459
447.796668726
119.289515172
61.9420555057
52.6452581736
81.9606414368
116.335933732
58.7382978474
15.5325686184
125.33642368
123.847618426
104.98626663
372.646645399
192.86544611
283.844487734
188.643285197
159.436380088
49.4960439592
11.8060279006
70.7958003594
83.9122206257
83.8970673035
82.5265650336
695.266851732
135.822918393
400.25598945
81.5727765134
28.7611742118
52.3816298938
59.4666169175
92.8411162024
173.358096237
121.969028816
184.815391198
51.0533719156
65.4070444675
44.2989546372
83.0645108716
24.4777824769
72.3623801732
108.485390761
50.434159596
92.6487149967
493.728791564
74.5112373443
66.4081050727
96.1402399504
82.4576533143
89.5549311339
408.070084034
87.8807788285
53.7102103479
22.6241710083
71.1800280921
67.8622237186
38.1841528314
82.7836340596
93.1573726101
547.166108214
37.9835549306
24.3628644247
66.0279097006
111.982234626
380.911769622
140.585629028
58.3516701756
61.9732186799
272.257695671
69.7430242946
26.9299506111
36.455678678
70.0805880537
146.176646176
64.7473905907
68.9224705345
85.8531004295
67.3506368448
100.421436883
84.5761623847
68.339107827
34.5865598158
76.7939992512
104.856413695
361.407415238
47.7505598647
68.3935521294
65.4363187798
162.299708221
174.897742727
163.08836002
84.328916728
139.788286955
214.019266964
80.1356669012
39.1234961316
74.501371649
71.1309849317
111.416596583
111.777862585
72.0389072929
143.624058161
99.571163461
187.79872017
110.147395531
107.606070991
219.481544944
68.3272475902
76.3751976114
180.856752438
365.735455366
73.0533064509
70.7446904515
108.233281119
48.4727955342
756.027399069
215.805426546
200.300055376
65.0332274339
72.3030599311
49.7870968689
71.4436682871
471.645726319
120.29531652
77.9034156393
213.111971876
490.063256187
331.342672785
104.954416329
94.9876557091
68.5309714137
229.875310556
37.982395986
61.6052709052
39.2379718322
84.5124696748
185.39095352
148.498507695
152.808011182
75.3735533032
76.7603415103
30.2702104946
379.770228076
56.5154852898
71.8277429874
84.2912832249
43.1972716221
114.730380646
169.300419166
128.943059108
95.5214437326
62.875174924
84.8815347861
349.688902654
54.5013983095
98.0767747327
47.226745026
