46.0668381268
41.6101933868
75.4397237695
52.3490831084
81.0695815893
61.9058902118
119.594415867
58.5695459719
86.6813726644
52.8342582329
135.814470288
65.988290515
17.4161508929
24.7713597852
51.4443919569
66.6007594096
89.394723767
80.9562509582
42.7552254428
42.2941856938
20.0872665692
42.970968871
37.755714997
29.0425092793
86.4545896574
77.4448688477
99.6452358783
42.8752898053
84.2675049433
35.9370129915
308.011158712
121.216303211
58.0732569972
58.6600643753
26.7513982139
46.9535260109
45.3537838033
18.6684817199
60.1373074464
145.252297473
76.8864420555
154.476463802
87.2755995386
20.0376707623
54.7308642054
132.140064567
131.00936955
41.8301681754
84.1996396818
40.8722948761
84.8409123729
193.579376307
77.6646160991
54.2592557351
82.4509184697
43.1166856974
24.6761848607
182.204705644
49.5580877248
51.3742494594
105.2550705
74.4120922177
66.1706337014
67.980255429
86.292073757
37.6253350866
55.4095494954
56.4576971886
79.1785607465
322.014527
61.4980974544
57.2419452934
21.9494448478
56.2418848515
62.8043764046
59.2513937816
128.14636783
70.7228842704
70.1022308116
49.2381291188
59.0500350814
31.0060182847
71.4500056912
72.2590001185
55.0576467051
40.5121469196
72.7249224134
187.657737583
43.4516715852
74.9523489683
52.1229246699
104.860859481
42.0226313077
40.249145687
40.5565243625
31.7707188584
36.692146448
20.865588631
13.1517352838
36.7247889513
63.0250729398
68.1588425779
38.0480158491
89.3923223617
90.981592258
506.363621041
12.5123764661
26.8910629399
76.5090880872
150.631451282
86.5700300164
85.8810680547
66.8664957777
87.9509813277
119.098917419
20.760972481
111.869518317
139.956340575
22.7058656048
36.7296499812
50.7090272783
33.2625126995
33.5582493378
119.267899676
76.7454273316
39.4357691684
49.0771718199
23.5183951559
178.462979377
86.6509735865
153.517058778
79.651940524
178.736281465
71.9421145563
182.801226365
71.0776301054
62.8817466883
37.0541721433
62.2775804268
60.6371105397
59.9226675128
65.3862532515
26.0730309619
283.466004786
60.1343162143
109.017154491
73.6034609313
71.2468667332
11.6925649088
59.4658812898
18.4650424401
100.793969617
33.5221247027
250.784176106
46.8638783447
21.8784886624
106.066663673
62.2469361887
104.268495463
32.5980014525
45.1485324681
59.7532245015
125.099813569
29.0762987726
28.1041805327
26.5609598195
83.2264637459
227.891039405
23.4541078447
76.8655281788
53.4054080996
52.4376103891
67.0186769287
47.8563260649
74.003771285
62.3572789698
60.3639167376
41.4747295713
43.2368478319
60.7378826762
112.766341086
131.701995307
55.4183265004
134.806369179
82.6310820276
42.4096787403
139.809658879
82.51239713
105.825632961
87.9795637379
74.3921530664
28.4461893334
45.344579428
70.8932211574
24.9075178504
62.4268306221
52.5193549681
81.1615298528
35.1858361649
38.954836798
68.7039352987
224.993051057
89.0391315107
27.3952659898
86.1264910459
53.8027913079
110.371541321
112.956818966
75.7175636446
77.2842800105
62.8293405982
39.4334857511
96.3279289896
63.4757228752
130.799282379
49.4769433619
28.7644407372
75.3063456057
94.4911108981
65.5802012943
69.3718067174
47.9894015619
114.273192556
127.878998315
26.2128814035
61.404928701
42.8456127652
33.1191346513
10.2919693152
155.347820782
100.833146454
56.9374080692
18.8784618532
10.533203449
40.5352495451
38.7460223572
59.2024052548
68.8390940259
93.1484221392
28.4118891372
44.3425275601
135.015123569
9.22615451866
74.9342660069
585.164879032
48.0484019563
43.0049767029
83.9772525225
45.4669162533
51.0675797498
301.961484369
36.5990572645
82.5591258039
41.9809934671
33.0766496279
95.6431255656
62.0092492669
29.5184149715
56.7012626991
56.9052835991
102.055862502
67.3610828779
23.9857511645
39.2935855599
64.8710283937
53.1567433775
86.5266502576
84.604551684
64.9218966097
17.2297239549
25.6136498671
51.199521345
115.289227588
76.5372406317
141.822822803
70.6725561905
103.695645747
21.349518261
137.096884212
59.0981599666
50.3233912554
136.02913051
31.2287125541
24.1575988034
67.6332620893
27.8139482001
75.1939486651
82.989143852
127.5297991
94.1439923984
66.0632409667
79.0413759257
55.0665760425
474.947074085
70.613379393
91.0657152662
72.3217728694
37.9609980185
64.4021687776
86.0354566743
69.2221779364
67.1695592129
77.7368662193
149.020765314
27.1833551881
71.0285457497
49.6485756869
80.9702545078
198.660770582
49.3432734526
78.007589489
57.4900901705
46.9047976465
58.0384383706
120.226960311
102.52924651
75.1019352937
93.931203799
12.4531487265
13.5762370494
17.7771489611
65.3132351555
20.166806527
40.6634685109
31.3331530219
53.3957286303
68.8115261665
71.1944980501
52.5806278701
108.379874548
24.272994991
32.174734285
63.9654787726
194.318727602
61.3174846305
29.1054456969
72.5020715105
47.4310958586
85.7371031911
14.5770905267
34.2202378954
77.2469863031
27.0802550312
32.5157005942
67.5672165536
86.7707993555
48.2778766802
13.3469730982
45.3991207533
48.775714988
459.06858756
14.7768171237
115.326459955
71.2172365382
253.110127947
23.2163018202
119.850403912
19.3066802466
279.609848574
160.470599453
71.8317488522
60.9971678924
74.5195913996
121.240326007
23.5007869813
73.4039576876
96.3641576909
118.337539903
39.8092783332
46.996767531
40.588905921
46.8183245239
46.7850454924
93.1303773528
87.2884870751
81.4527187454
55.3926691085
84.069411728
65.6354975676
21.6335685263
20.0919638106
34.4487530074
44.5175996435
124.051856729
98.4439284316
35.9101432292
51.148170057
108.925442913
182.122111133
94.8013099268
42.2445740832
105.207268397
95.1863626707
130.568812148
154.922944262
57.8087397278
67.2477106684
31.7549437027
89.73593475
63.8207647004
26.8468420716
30.2029433563
77.5546669512
89.9938187722
92.5307590596
137.462700477
69.4848454655
82.8998561505
51.4676882236
62.7017880782
53.622425818
69.421853191
58.0799025576
73.3959201744
17.903169299
50.5749919163
238.510233795
98.3248154979
56.7107055876
36.1565419064
182.803181192
6.50803353111
60.7883675848
37.8746811534
28.3354975409
20.2006023733
70.6144882519
46.2645470895
71.6833774611
81.9760423461
68.3682695455
25.6808375889
88.2367826728
56.5871894429
79.4400317154
33.9564301989
44.4132112915
81.4066159596
68.3510842267
38.8076641425
29.145174952
109.434422091
7.53261539716
82.1863683564
30.264519825
26.497436855
172.153378083
66.0670626899
201.101219839
96.038444632
32.7640776623
247.18310364
21.9025433198
46.4940310146
51.6494167901
18.7292362774
13.3643408722
80.1865328987
46.7172873451
73.1633455841
95.4346505856
60.5583865344
57.565804146
89.7933111403
111.298376911
86.6102245928
68.2706063939
78.7629782133
49.8597756614
196.830159416
100.565191112
337.340060412
54.3843407394
124.352655643
25.3183181287
201.919420271
81.3565277914
88.3701983599
89.070505486
64.8970914488
64.6664025466
127.120127637
118.581364428
41.8528562498
60.2129580959
43.7238107296
43.7194162454
36.1266383755
76.4762527636
45.2021773136
51.4543491414
52.6887403732
61.2108276481
19.5729733302
50.2090721263
401.300643632
58.1735073428
37.9029755257
40.3785120677
63.775435816
43.0299760252
54.428098443
74.7095392278
295.266910094
75.2760417009
29.6838571658
53.8927684096
16.9541571848
75.3153219233
52.4056821636
75.9176822105
120.446610326
71.6176833049
19.2061074364
64.5311109376
84.0465036991
84.3387933661
66.0912902914
70.687114118
83.6852922847
65.6486467957
137.536779165
211.267847567
52.7796182559
72.5506046314
93.5406368571
121.859466669
38.9167061916
123.815498141
88.5397051445
71.4321931081
70.6678945793
45.3690590032
72.59474601
61.025071976
40.1801928234
83.6571022274
83.5977603368
76.5139969026
18.138299143
48.352891097
94.223715108
119.693111173
47.5599333492
71.3755144969
54.7491232201
105.138777933
84.0475037321
22.976638297
49.248953682
187.784827942
58.5692847236
35.6231035814
25.9802076888
167.819638365
20.6096636436
72.1848744836
121.621538061
42.4572222262
57.2553955314
99.7734813789
87.1308955293
55.029231114
61.3698044759
11.5197830366
47.002348864
13.8685989413
84.3830595735
76.9086008113
70.0238614551
34.7023050505
78.3883239254
9.26193775645
137.376747111
31.6433344684
12.8099770754
87.0625411424
29.7170926611
19.4359369811
52.9889486128
57.309215155
70.8975662273
86.1326399863
10.4081369401
23.0485534079
19.2546515548
86.3303136935
66.9528157895
123.283347638
72.0567436698
51.985374253
50.320730609
83.8999601184
25.8023187505
109.74960349
23.4286650388
26.1125760081
17.7436605704
219.87709016
71.6186424268
71.1910160733
41.3654697402
83.9391433718
94.9206612338
107.890260364
82.6947241413
29.2024546762
88.2634382528
28.3747678949
279.009398365
63.5250335377
84.3462554121
37.9056493007
64.0089913004
67.7579988845
36.5402973276
36.9452756618
46.9535877767
99.8261803764
80.7861434687
174.935380925
58.5108904869
140.691115964
43.0782463714
142.624518396
39.3017558746
62.8188635896
77.8971929934
367.902933047
89.5142995192
72.3217042395
80.3222741628
75.441345983
49.922400752
96.8868955122
205.357127138
52.7144571932
75.7617238845
76.2312001109
42.9074398569
85.4145418074
34.5077248433
79.187441678
141.206718659
78.0830135991
51.9742135617
48.3478132325
52.1021819103
51.8821896025
68.0539333407
46.7255817782
212.529663615
250.589834861
92.5971890387
112.154609547
71.8786405321
89.6297361069
80.0678875589
102.114199709
201.106086578
60.8141338782
59.2170823769
75.4478434536
82.6437549816
47.27496486
78.36556663
28.8445962802
71.2274988014
75.9247466293
67.4139312288
87.3283522503
80.0478044611
66.2287430256
42.9558337883
63.447861062
255.194417104
33.8170342904
61.3658562347
56.1500304767
78.6710003387
91.9836012312
56.9352328146
202.8136711
26.1146376555
117.297118239
43.616565484
25.2841740925
76.6672580412
88.905420038
31.1273690903
40.5969778261
42.1790580982
33.2784853264
23.8077574477
61.1297567652
61.4082338863
51.5902099849
76.508253311
115.364498956
42.5705474947
113.32242123
84.2239689406
103.551089745
277.924117119
54.5088480188
62.5694941699
82.1501611733
67.303447986
56.4953442419
35.5034742341
68.634784681
67.2509347933
117.376506166
115.719519317
66.0101676965
26.5767382855
64.6207845275
66.5884098334
138.996501634
30.8926347702
261.742474879
32.3302888575
96.7454999725
114.91545158
15.8283826064
47.5864117529
101.023632948
27.8970522345
45.9200991462
92.4692889279
20.0830178155
261.507725764
16.9761051134
44.9476573183
17.8478176089
56.4979970709
81.5566495933
81.7346466129
71.1249035167
37.482310388
131.953409506
59.10545168
72.1828061588
66.6791148339
34.7192339071
67.2076960603
51.3362702664
77.2278673765
75.9845062993
69.9711971118
208.893517302
44.0137639895
78.8824193893
105.828519531
59.5287007136
39.5223082519
390.766027539
52.4305253315
103.80006699
64.4789778555
81.0709517365
73.9214041083
108.528401686
30.6594687771
79.107023689
77.8845995458
138.674515688
14.0007027657
79.3464057852
100.140608578
78.7059283597
122.587747714
16.8646075287
99.082841807
119.67182473
17.3027147231
49.5367123945
116.129482683
60.8367083821
21.7429711871
69.4906229318
96.8095639925
22.415527873
61.9908940636
107.237388308
52.4652430801
63.8664968144
69.6270968711
87.9085119714
60.654415694
96.5127628105
51.9524707817
50.100598535
69.432136795
113.712044008
31.4780017847
24.9147184992
80.2598447035
61.5893665789
77.6351473623
80.359851734
40.3748063758
63.7815001803
70.1372143626
112.345062897
49.9551871768
17.063938652
175.10833153
66.1720300577
90.2554579099
36.8719208796
34.3570080614
35.8217053585
95.0160231745
83.9114767365
123.552074554
45.8272991174
173.267256179
122.674753307
31.0608300353
46.2407366871
88.6116165443
115.530074365
134.907159339
34.9016816889
38.760250798
23.0719924394
174.938867474
51.3647306986
20.1449429119
33.0058996586
42.3830030467
82.525460288
51.4846756936
36.9196034247
68.9300877431
85.4846077924
252.946917979
37.46240974
118.412148489
54.1335668462
19.9059628698
76.8491424612
84.844055028
34.7790165992
99.0023691705
59.2373432322
184.734109238
88.2851999782
30.4328304116
32.7724870775
665.891021795
79.808939691
21.0953143879
66.4682191819
47.5903162511
44.3795409964
31.7290642988
81.9843008363
119.688735621
19.6691524885
21.137752189
40.1332049749
33.502184444
35.1817930626
13.4861471788
22.2029436995
71.0460302812
98.8563963713
140.126032641
154.995316433
86.4003854673
95.8181091618
129.347480803
103.258534434
30.7368281179
80.0359660016
103.897428769
94.1530983511
33.4965162338
48.10462001
66.435976163
124.844183922
70.4988373874
18.4945549208
19.9043177241
60.6293361325
125.950161963
67.344546919
120.450813702
47.591600201
102.593241179
161.473732948
78.7540830232
20.5135081688
92.2833415729
15.4098278907
112.44443569
59.6844277765
66.1341464208
57.0042714174
32.3082964022
74.9567657848
47.2432828408
53.666768064
76.1385255569
51.88044925
90.8851324487
14.9573731622
43.2026760884
167.328043499
56.0255710492
14.5144246823
23.578981703
44.3216578878
116.16700213
78.9992002317
12.3206159718
89.8928148188
64.5168360415
88.9602365766
25.5204271775
72.6031681488
42.3154987846
72.2000057998
57.3806786573
43.0764050335
48.9609312211
66.4662365917
71.353726536
31.3747701736
85.5226702679
96.6406697562
43.0124010203
34.9318000131
72.2848880341
65.8977062944
393.664908024
92.2130435952
76.4120062583
54.4176406551
82.3062338404
38.5132895893
36.3764904476
45.9125905915
86.5268501685
147.023965416
127.094851888
71.7225027208
76.1524688865
1056.78109739
45.5101126013
73.3156516281
177.85008348
56.1945683129
116.657207214
53.3812052759
73.4386220096
35.7022914635
58.610398666
47.8739411897
43.5929078283
74.302187865
128.809780634
39.1236819115
71.6513791006
72.57459286
25.3971857878
57.8924739304
44.8970086191
89.4183957494
62.6374073727
23.7503089244
30.8278377525
77.8574167547
325.789243685
37.2411871918
77.7919700325
46.9548331559
26.6749243481
56.5239704847
75.734095732
72.0829093472
19.2446752297
197.123207138
60.3594445339
33.5990088482
42.5239647005
166.655552315
48.95688563
61.485142636
29.2920854274
77.4808643421
59.6070294771
143.457207664
40.2903718271
98.1410239736
19.2497859367
96.4117593543
18.4593381758
76.9186407695
64.0441590198
44.2845862882
54.7473531522
89.2142275128
37.1351632436
29.6180408569
166.497780996
33.0119512495
52.1694142101
37.5020290494
96.161885053
71.9927764066
70.4458377159
82.0656939312
82.3709406792
31.5754257233
79.3638942656
34.5289778471
38.5181602858
67.4062149356
103.512062743
41.2051938948
76.9892954332
26.2549587009
46.7853700652
38.5386530942
95.5835809801
73.1986781276
115.965287646
102.950701037
29.8775698298
89.42098824
60.6836014779
178.963977726
142.614770734
196.511703603
65.5485027542
64.9009787067
55.1786416872
17.8375264826
47.9301417158
48.8119910811
50.390009413
157.020836705
90.1727617955
54.4452698923
126.664099403
93.1334736903
69.7648248938
48.3480959482
16.7046635921
42.6469385639
87.2915826628
131.157008277
56.4924596667
33.8766737475
82.7124251986
50.2914528152
43.3673979784
19.3476996886
44.615338035
116.807604362
35.1454785334
113.043639603
45.2990406982
59.8156612394
77.111287177
36.0330011193
82.7788656009
11.2711472094
42.7793818035
50.662879311
55.9096377317
55.5300167256
88.3157631126
49.1585951713
223.165494127
89.4931558767
43.6930348987
67.3922587602
103.885527393
124.699107938
56.3180276995
82.1011153995
76.5189005592
75.8607242081
40.4058286447
69.4267781656
84.1260259828
86.7421567356
54.4587451862
106.884200778
40.8286774554
23.1049904478
56.0242955499
22.0876852695
49.7337021632
88.7895488134
33.8919062588
36.3208461668
51.5841613667
54.6744604176
69.7674651987
52.810223451
154.503519562
141.507823728
72.6912411262
74.6930272499
72.9650157589
54.662919247
111.382513679
27.9778336608
71.2144577532
48.0433009966
35.4981484076
58.4109120639
51.9975644937
20.1406523453
279.69752466
65.7635352511
69.5131572397
64.3482147792
100.452581732
30.0902059779
36.3789523438
45.7865271934
110.02637014
59.8025100655
38.5559435878
74.3127749099
167.516534626
58.9213248745
22.6394528979
91.9620032698
73.064529323
59.8863878449
47.4779863284
72.188593941
57.6799680984
111.962809648
50.3591536771
27.4582242728
118.495653409
111.400286793
146.293017683
42.3042823056
58.5332977413
55.3299221861
60.0677742345
101.904213327
70.8530319701
27.9528256529
52.8141951554
51.3977456119
83.7087408412
118.094210095
17.6304595383
92.1402159506
95.7083351326
72.5973317784
43.6960739033
95.5129416426
46.8309080002
59.3214509377
60.9910689349
51.404754306
67.1697891235
58.6140392038
74.4183926552
34.5684358968
37.4437629155
110.179437074
24.4965877975
212.519114319
38.0121216119
85.191893161
122.513390828
47.7056506558
31.3107031175
32.8931163369
47.2196996466
53.5253819269
66.4146244408
71.4976296365
92.8988324602
51.3358691843
30.4578335126
127.795744203
31.5100236758
132.1138522
381.887676686
8.79809861063
86.3621471097
81.38797032
35.7785055234
103.55597056
70.3416516722
71.8914895996
60.2501693052
59.7542423298
41.2522546358
84.4988591477
125.489652111
23.3956357524
71.9188307093
82.6069257197
85.564587573
78.3766641293
87.2891614602
52.7775198082
108.302239141
47.1591622587
42.6165041459
129.714048292
55.844996896
55.5796460618
26.9791807558
77.1364454003
66.593611542
8.39797489412
179.858838179
61.0711276828
64.1042556173
261.368405343
204.358767888
34.4414945079
237.077666644
65.5889576349
56.0413746545
42.0190260973
80.1897697152
94.8100842533
73.7753538826
66.6297889373
93.0560665194
38.7188908315
88.2994832756
209.09910627
79.6980223465
76.8033868583
70.5011356867
345.571142318
66.2440367049
31.1187211561
63.6644378936
103.399070007
78.6713535973
131.597064868
76.9246691884
64.9724477368
65.4842382591
48.5838133591
67.0263298687
141.594048496
62.0868495832
86.0996836222
138.773394757
141.395743445
104.369825356
54.233097287
50.1666927289
65.1883701013
170.643585857
80.3783670169
41.851149229
242.770864385
63.4584177293
80.0682843624
21.6859750256
75.1164061189
105.664425382
62.018750379
50.2907456452
75.2556342421
90.8530632969
141.518939729
222.460717235
50.0290961198
74.260941711
32.6781380025
81.5962026255
42.0754995639
287.678713099
79.9843810569
57.3429743322
33.2156782333
121.219528295
107.900743338
57.5588258094
30.2838834842
26.7213396204
33.8614136601
72.6163903074
151.12558203
82.2923320728
81.4168263956
40.2067269436
60.4576448996
44.2557285351
88.0615131368
27.234118997
35.7774955965
77.2143599442
63.580907876
25.5496721761
53.6060797637
72.0345127615
82.7652015781
27.8942574867
36.2615085903
81.9051872332
61.3385890216
107.160920196
61.7663364764
32.665160022
33.4744039082
234.511166465
126.140667324
47.7210677715
16.821885949
296.83728605
27.999356247
97.2033915423
68.8245478058
78.4355962683
83.7872861214
31.0553106761
138.398047669
83.993691885
78.3168926519
20.798813064
47.5366391572
14.9033570306
35.5207655901
47.1645070942
68.9145483987
77.8675071643
106.494505253
121.038523982
38.3013070986
28.6932820842
57.9254891867
86.3762108371
227.093477965
32.4570851318
19.725858647
50.2564184907
57.0910117846
69.5920595945
18.2989121793
40.0630829195
69.1507236819
29.791094423
182.303289318
69.2875855861
82.0699245059
53.8649225435
56.5656490553
59.721798989
214.462878519
23.8920083657
23.0662384215
75.1366703407
42.5811549313
45.1998518662
42.3750749534
74.0088620788
90.0222178437
48.1477275585
63.0720659727
94.4012489204
41.7047113593
11.6831591564
80.9967609237
71.5195836421
51.0878883952
34.8695292691
59.1936432263
149.468334535
45.0811291895
79.2525969538
125.751909482
51.7492485218
63.8043712789
102.897782904
147.263029062
157.872231673
106.837619243
74.0166582936
7.46850657203
73.2038826149
42.0546908449
57.4210910197
69.4320207003
33.1146462193
114.43415674
59.9330459347
104.196938338
45.5926833244
154.427677078
85.0168474966
31.8417226233
79.7381774513
62.7704188815
125.954529764
92.735184331
61.4372790694
72.7302157731
16.6243348666
85.9838800557
62.2893595866
18.1968877457
76.0901200833
61.0094293419
14.9479700012
341.520680459
74.5170629822
33.1765234093
120.362329929
52.7673096076
27.7749868536
31.0250380177
48.012928122
44.2547681989
81.2054397124
62.4502440385
85.364525271
13.7098240183
79.0701782583
48.4946447601
88.9873101503
23.481054579
72.5274908236
96.3310886071
32.0366099192
7.03984350217
82.6135705754
14.3143721529
153.182169834
50.1782600116
144.32115558
268.667535704
109.827018943
55.5634211448
82.1269637643
30.4070511283
165.072258989
33.3329712228
67.5160464927
40.1819930332
43.5624794863
79.0450287427
68.5109010438
139.848274388
95.5145919527
166.592950661
96.5140297677
113.58537969
56.7682476651
58.3874348746
140.071755471
67.266888856
78.1916752991
48.1011641751
79.6993909137
165.886857077
51.7200369521
45.3072624258
107.298733085
65.9223782787
87.8654909848
47.0047427886
165.397321535
162.459921308
42.0867032414
44.4800980304
80.3175700566
153.342721322
119.529627594
87.1553394101
99.3643673066
63.9785986777
68.4548037855
81.5801046819
52.181560897
77.7745517125
50.8442094137
70.7229295334
88.9375684592
86.6177351389
38.2627867446
67.888529722
221.996077347
48.1647151726
66.1373823184
38.4360853141
72.10809569
56.6810986725
96.5343448232
24.587206147
82.3903743315
52.5680696365
89.5551794072
126.492536059
49.9488679871
76.1951872939
12.2837443171
60.1458178684
21.3063723587
34.8031000867
61.3030774716
10.1506841858
16.9589861996
89.2221908493
56.840143112
112.744176486
21.6167001932
8.88156169134
84.4322775957
85.1724964834
45.4562729212
26.5928162483
72.564496864
75.9087625832
86.4777216053
48.4011985631
55.9742971533
44.5055207627
80.6885262324
48.3247591382
110.451443087
261.493804738
43.1531191582
16.0437508341
80.8382657238
109.796526529
59.6043968464
79.1606414808
93.7407647019
38.4182779985
129.454915036
37.2674433062
40.4211614092
60.6942071605
72.3560351077
118.238151936
67.1055218814
68.2594167117
17.0735718395
46.1881229042
59.4030918672
21.7585886045
125.573557882
38.0395377516
350.919439374
111.381930753
54.2505744696
17.6670747838
88.0616061815
57.4231688828
115.264496631
46.6400935664
57.0983690068
79.6799005331
60.6889737304
80.3813331921
61.6337983517
62.3931910656
47.6486400088
62.2673593682
79.1119390622
15.4733538059
40.2529479519
196.305666511
105.861780662
29.2371699918
59.1684878052
135.570361463
218.223862448
93.9418618239
72.9136414999
64.9424659472
34.5515895198
69.4568686792
118.190226807
18.3902680307
25.7566059472
86.5984383654
239.000578835
60.9366226928
54.2258032983
72.5570316323
47.0246815975
90.6597266034
141.770290262
43.0611419756
22.2413550152
54.6869567455
28.8555273197
73.4936963271
72.1465557748
101.142034278
16.6224972235
40.0613396099
104.618663465
159.802303684
120.8808437
37.0075219062
54.3752292659
71.7945976145
24.3643659006
62.5818130365
152.67715112
221.812444774
23.4011046642
89.0454777421
49.3507786854
71.5954595995
31.1966920598
28.8092405111
56.3090322739
32.9751530994
52.0564654396
67.3539681414
64.2805104088
40.7516765798
156.995970315
21.7728755841
93.0977187158
39.3770673161
99.7001290407
76.1420766787
48.7216835628
39.7876042679
137.136850247
140.931887128
9.33239617757
82.3272628019
40.842416575
36.6211445339
17.7514492104
34.1800494478
11.8395325125
87.8705559009
76.4997597399
87.6954437052
38.5695613095
22.2169203255
64.6458193777
14.6440255468
48.4958130459
64.8775056924
91.2542176686
29.9544834766
9.99061412391
78.8280926677
65.4740057966
27.1060027548
188.313891923
141.232310389
68.4969618928
94.1599680966
79.6728182269
36.4610085145
14.6271118003
121.267038754
153.326398708
161.692316254
105.456290776
34.0123193145
70.337998174
75.9746067651
81.5174734644
102.102231401
61.8223421114
16.4278570826
186.834396549
86.1941612816
74.9483850493
120.108325359
44.792490053
69.1447815709
76.7812928344
75.1147150885
58.8660975163
82.3620111365
33.3770591464
289.385412101
28.7573002203
50.9234348436
71.096122945
72.4783302498
89.0674713739
20.7339599001
50.9409591043
28.1507888699
140.47303601
61.6493447767
52.7403174018
25.0168997123
115.994604788
50.0989670758
27.4712692224
49.6260248239
87.6548279856
84.7063010009
34.4021826485
62.874189237
93.9721868843
77.4890336675
76.8770648989
203.779740768
120.555586493
76.170829598
36.757686228
13.0320709254
74.20330473
85.9461818129
46.641598589
102.383455481
104.812535196
52.5480113132
22.2116224638
62.2012171187
79.6445807798
30.5941451848
92.3192108071
50.7573004952
73.6611133934
78.4166395459
56.1839591956
49.7687481954
67.1109097297
122.570680076
28.8787583563
59.1099910288
167.454242752
34.8280238879
79.2637214751
42.2443603474
79.744519165
15.9495152145
71.7026000219
76.427179904
81.6623632311
76.9795334018
135.56791067
91.087087522
24.2155342969
60.5339443028
81.3083807659
125.431212404
72.9678118842
72.3177233161
47.1092982956
132.617274926
72.9070318272
44.540186441
36.0150624869
62.2761746657
75.6149486312
17.588444626
101.027901931
152.728974969
36.0077131739
78.6390658304
62.8149375902
50.6355394227
116.628343523
193.247175221
132.567608535
85.0562430214
49.1202356587
59.8887813928
78.0008396771
80.1275253122
158.393206509
71.0185677892
198.325762134
77.6326398533
73.1961177606
28.6864749683
87.3164971123
23.1769763707
67.9300045638
64.7181783286
97.9845325
55.5120714073
26.7315217267
31.6047661286
69.9339733398
120.6957549
46.6682027124
60.9447192313
30.4464573347
19.7626563421
73.9119951924
100.962705769
54.4161631676
53.0458248396
62.5144276939
109.057818746
43.0776000039
105.991877065
67.1389541316
14.6241939753
49.6133134147
59.5000409833
50.1449128674
73.1696557304
87.7528804331
32.1869283141
43.0365745404
168.730310259
118.983281453
143.757785243
43.4881989932
58.7849384809
75.4025406573
90.7074366175
39.3118116169
72.8047016029
39.0297747155
72.3908154534
81.5348684337
89.6739420454
45.8936198457
37.5214006139
239.169245054
23.8756766984
18.4564231621
45.5622246473
61.7960710431
28.8856190856
34.6681745649
47.6732664623
133.775381323
77.7065055814
45.4949123895
73.865548148
91.7589046381
160.373427455
45.0199925344
55.5430414009
95.185369798
73.0605297614
75.084410731
74.0504326985
31.7421712198
71.6503475331
42.4115876764
70.3470300878
236.345448187
50.85697867
73.0912365455
63.4534725057
36.0009714963
120.418519308
45.9569330722
95.5661443388
161.269160631
46.1810171731
19.2027661182
128.370516511
14.7190854295
102.905344294
98.3780148535
62.5149380348
66.9622179999
57.5511279856
69.7771674303
75.4707045825
33.6630817921
76.5334935278
69.8130481144
114.809688461
157.904704178
45.2785981331
33.6679084716
37.7150869868
58.5766255352
159.743535342
33.6030147638
79.4164168313
34.6343138101
226.070426214
48.5892253217
73.9920227261
21.9877488364
71.8478750072
71.8122870958
16.9037201149
43.8958930724
33.7689340794
52.175970179
24.5264385888
72.2807243055
56.9142436978
99.2968751346
72.753530659
51.0186087381
72.3520415541
17.3058365328
507.226703286
68.697566037
55.0915808684
47.4996887071
134.525718096
63.488759823
26.7203594722
52.7404715627
69.1592946354
22.9373549991
15.0145416543
27.8962900321
184.059256569
13.480441038
123.546729724
94.3867869895
93.790222649
73.1377968958
67.3693582562
58.9420954705
32.6965301217
79.6571663875
79.3882918098
28.1167111651
41.7606857819
27.126014087
206.785009163
57.7674109557
19.8675021465
74.0833924181
70.5112152867
74.0553425355
41.57883465
32.7649808975
46.5175644522
157.774422778
65.8172802204
133.459130087
90.5574995137
339.978996049
23.2662098093
136.645295548
62.0042750646
67.6000639768
155.939780018
54.2182499396
37.3666743571
87.4583193305
53.8334826753
96.0790217802
78.4633237766
167.992479065
73.5941535902
48.9784259251
66.3541467956
46.2672458467
66.457472175
260.790705836
58.3058732727
90.2421999608
72.7529640584
104.779938476
88.0654902636
74.1341586844
80.7534680755
68.6632335934
69.5704712302
41.0444163743
12.6044990736
38.4013982023
95.1926941776
91.2325329836
70.7817284192
31.3127290411
27.0323859417
56.2943519992
26.0903840537
93.2548806909
49.5876369861
69.4324920689
55.8006350483
90.8527982448
15.7802581216
71.9924809787
26.2955093532
33.8745247939
145.32962679
61.3620890879
71.4911311274
25.6575922878
64.152212245
64.1151347165
42.39975994
42.7110503796
135.104017649
166.931428325
74.2566713383
56.6224911306
92.3097039653
57.9631890622
48.5846538067
32.411012907
87.8339493213
89.579811052
59.182602587
52.0474215542
70.2981916109
42.2460265868
86.2770329027
52.8891691236
101.199349115
106.850932911
66.683077057
153.194880623
109.871242395
25.4826289561
41.2267688475
90.9748217252
42.5910696205
62.8990799766
64.1520802829
94.280376693
35.3306376661
31.5471709021
129.99546425
52.3839524867
67.0829626543
66.6506571989
31.7574920839
115.38036398
53.5261973002
42.9871250792
57.6620057233
69.3531251817
76.3578665051
18.2445468508
61.1720167434
72.8784558191
37.0523202904
108.203522442
19.3619917905
50.1897465055
70.7967611083
151.185170963
58.4199852925
61.9253014178
56.6079027594
48.196807587
109.268004221
66.7331848837
53.3439176373
190.861520714
14.1722381141
71.5333773066
82.7603199988
73.1098050805
94.4893463529
65.0030611191
43.6868776323
263.760193883
74.3838264596
76.3139943498
85.2950412892
54.971144931
60.0851081434
69.83932883
75.8826535393
34.9464348189
43.1039243176
47.6721435693
34.4354967143
51.5943091242
88.4252742255
74.4409984874
60.8627594965
86.9360981054
43.6447131043
14.2467537208
39.8484146052
26.2817635072
61.7895834986
76.4782481438
72.2355870485
74.2394863592
41.9151980429
28.1118754552
33.1155843254
75.2679503538
47.1416906754
78.7847876234
64.0989974304
62.8892956615
36.7629722476
36.408495851
129.44905869
43.4633361541
73.3867390323
119.450518739
70.1470688452
46.755532285
29.1524737331
10.5769649089
278.133028261
88.7474145589
128.731460423
53.7827340553
80.8125577095
100.553679537
73.1623956088
66.4956091654
120.804377063
117.804757241
72.1869670202
116.415163381
92.1394793237
40.1834290089
27.2141750359
111.505519408
82.1283152245
39.1772890634
23.0778911448
77.3204485964
126.614398766
74.7030690539
190.878085934
17.9596173412
66.4848522754
34.7739741923
48.0231900849
160.78529331
127.142883914
34.6098476858
61.9904218481
143.929317792
76.5419971285
69.7218022365
73.6316020698
109.891066874
40.8407124197
6.80800225324
67.92075226
145.135205272
71.4690766488
89.1590359202
34.6560559996
43.6671687664
80.6214467613
53.1165376411
56.4151547349
57.3246678092
80.523100518
111.404151386
74.0802177055
121.385827241
46.0423143031
124.209165691
226.39344653
102.814168522
22.0267042768
63.8742742716
36.4731912672
70.7161156323
63.9873544078
36.3266766631
85.8311030973
52.5892122928
34.9015866289
94.4503452277
73.8501075766
92.9508525889
76.7850593044
122.340242912
68.190826531
38.3378548395
69.6895802841
363.318744252
75.9565467883
40.4078140324
59.5827944374
59.8188882643
81.5437846981
77.5454749265
56.2402394382
112.029564271
60.1620383455
57.7431001268
102.900870082
42.1961601787
29.5687108486
66.3076954838
436.041008111
87.2176852181
57.0556654903
78.5433814811
74.3997585959
23.0933990279
65.8918727315
67.7475971187
81.4799510559
57.785859856
37.439997259
14.8692350199
68.363665742
27.0380198151
63.5895880917
143.839101353
204.658547239
180.27523876
37.8311550102
74.6154369192
69.6642977907
15.5237106503
64.049441854
56.2361498295
70.4962894182
43.7839225665
40.6649765867
74.1692115549
114.467590451
88.2396885791
32.788271529
181.704238028
84.6264738925
84.7938528923
80.8060280131
70.3607502344
86.4941326365
109.008535027
58.6448655114
103.047341947
72.9415526055
52.8092565391
72.8456946144
29.5281176258
78.5292840328
79.4727334648
16.7418424623
150.687932199
72.6240299905
77.2483568827
72.6485623417
97.8365715832
70.2446803562
58.6877799815
45.9483117803
66.3513889197
265.170614378
71.0895446168
58.9695014769
42.7292890164
71.400162945
44.0484476247
67.7364053966
23.9879591863
58.631682825
51.4032338463
106.447526971
80.7077641267
50.3358462352
60.8939405031
32.2866300629
297.248736639
61.9298082339
55.8714146612
74.9121167343
77.3639425863
65.9388880609
37.2841260056
30.1449147861
33.6683989134
54.1492651065
54.2862116159
239.627858855
27.6280742869
57.9655814305
104.113266845
51.781818699
43.1964154155
26.3266328624
79.2019144326
56.5625043342
51.6472140628
72.847675228
67.1852288981
61.7717058687
78.7856860937
254.762704183
63.7208264487
95.8725890734
31.1186905979
72.3700031453
81.4386508827
65.1233999732
54.680889135
129.497321346
31.9026704876
148.687642442
112.228415958
