178.452937042
116.145686923
200.071009633
134.953629714
310.661669536
393.386459017
348.594144666
713.406807756
174.671866257
254.95470698
157.889129375
410.14253392
148.661397122
164.320971416
173.190966565
982.445687486
265.140168423
550.575769147
191.214434961
185.583093196
197.34805596
131.019848326
214.485915519
238.620551726
173.409857475
161.020880639
174.096510215
168.107066301
121.089807924
216.450957494
418.355579531
340.270325634
217.227959881
147.142746735
217.633793951
256.459163884
193.896341953
216.980277632
700.957412462
167.153201974
212.353199999
145.339389624
199.43115522
118.879176757
138.029617288
304.330138146
137.724619306
159.119483584
393.088949911
155.413450057
320.658195896
296.926556563
168.480504375
307.328474466
171.729910115
206.92295962
372.334103554
606.069356375
312.86420728
163.142183199
241.086152824
164.678650735
176.85165004
119.118636681
179.538100855
155.179080988
184.669031644
127.898405745
165.408187168
270.773783498
203.463208596
261.42095856
157.171389811
216.045772923
173.337973039
270.760064245
201.860992517
143.086865926
361.071802726
188.326076448
103.556265579
141.497783365
150.161770361
511.632926456
90.0523722155
272.890594582
166.172862357
347.859905626
175.188867802
170.711854477
274.711958347
169.705719192
315.455695753
194.216729553
191.264830522
270.625508813
175.391944446
94.4465162352
109.106859196
193.83539046
311.908729518
164.570995426
344.59125029
213.544303983
167.356206509
153.714232552
162.296491397
95.3168776676
137.825051996
192.016517796
159.709856325
813.426182906
116.067002271
266.969536672
217.428870169
268.002019904
167.834233778
160.398178664
171.429224551
199.893113963
173.841078488
204.186112767
269.623096949
151.298528143
167.639405514
168.261638323
176.569529119
168.452055919
181.092919786
162.224246521
154.297832241
611.78424175
153.13343499
172.259222485
184.680880119
151.896435858
218.69240768
471.730987784
140.283136535
420.112516937
160.536564909
187.570241279
214.543325459
463.861058529
157.78102858
128.750184828
168.292012663
170.394607883
165.595391588
184.542765356
198.724777095
140.78922465
165.390106136
130.70856256
174.510943803
226.417168905
185.213273242
121.354841791
596.878902598
212.758139956
173.699535576
200.432953016
270.443399171
429.347039984
194.78959235
204.190843829
871.048590524
141.304824704
202.118891561
674.914531923
118.818450711
180.125069913
364.859212848
130.599958059
139.366725099
305.795514438
283.973116978
330.560346277
149.342692714
168.752839734
171.709441845
163.506787278
143.219055465
150.041121618
168.350588061
155.293506929
184.373713344
202.426818214
140.134666316
682.213294054
139.234285928
844.861107081
152.185983223
176.626800908
196.361089101
183.895147775
278.36508576
198.690811531
167.677871027
271.159093353
325.674735232
873.455918518
129.377618848
154.199198871
155.785625472
219.320889178
184.902128552
525.122357739
106.193907546
174.11265596
147.702635068
239.690688894
326.857634856
557.301753282
482.001474229
207.133626529
235.611312471
193.316766577
151.656303935
157.952741476
170.899027056
204.83179368
478.144885561
172.148454794
252.476018858
194.251104214
193.875347604
163.343270192
155.998163038
167.241776332
272.315559565
157.493841508
552.072774919
189.687250909
319.640394247
184.790605813
166.579116244
217.088015817
250.989237986
174.59100398
242.109789044
186.946847069
130.427241876
146.574750727
196.432240771
354.121438122
141.886860848
145.038358243
195.737429634
215.262994354
378.13147323
204.550438579
138.887060182
154.711560967
294.792849471
146.785698864
105.640429754
151.036930149
139.804136728
131.819116853
103.736717342
160.219409557
160.279799466
294.500995535
401.276536896
300.8576791
138.723086772
233.314797829
145.789163777
138.114300846
129.39173666
303.219786002
292.814023042
138.802055757
210.143831281
156.043215957
255.416172271
191.165687758
666.087622952
382.629889608
178.92625885
314.162171274
148.293667408
134.987512881
230.451829864
548.591869787
170.152387876
274.320052056
206.314492172
478.201718772
731.732965099
171.082511881
232.992254451
178.023483091
247.197096043
169.788145679
165.781160855
800.509382739
178.173567209
161.679842876
105.142992303
150.857092722
166.77990113
181.687744245
184.628690015
416.749319093
195.467027969
307.763547195
159.90966054
180.627793456
160.103553131
161.067049752
283.766041943
110.943152098
215.345756058
285.310505382
190.020636843
237.126099266
161.577082056
168.106938301
148.964067962
172.046560143
356.231159187
167.62002087
169.793099616
107.74915478
168.217068074
121.023617401
165.047236448
570.723677413
118.181436258
199.352109185
142.098297151
100.686986724
466.64228093
541.220843482
111.943860046
145.025466153
147.724827951
183.573477954
314.258639444
168.732180734
136.56807402
283.834968714
325.393005353
171.031144614
184.76698623
191.838063185
143.64799024
143.583601496
179.369479192
225.5871657
150.351792591
167.186165196
210.204342976
139.905298556
166.247674886
163.027812306
171.226016672
522.237140879
165.769454302
223.82073211
130.801495725
174.600826337
173.136228183
212.24953218
166.674066717
174.6801564
192.014605227
663.701500318
127.527155052
176.189732575
180.000025294
161.830615299
146.387156384
143.174332161
193.823822496
236.813261362
177.639713693
179.604670414
227.73959036
157.392703754
343.534882065
184.919007183
1126.01434951
273.978706169
303.018159099
272.933985539
526.574666062
168.960069396
222.567741736
166.706811466
154.900211265
652.485658574
179.072039792
178.618882221
167.700091217
201.484141596
132.090108752
216.431157045
222.329518749
114.017544198
158.690728812
164.102023807
449.566883499
141.697735686
295.039565503
159.480034486
348.195312257
170.203094324
175.564228769
209.485760567
281.81855002
196.413578738
117.408760141
240.157056564
198.774831103
194.356989938
411.688681865
222.829084508
150.261141114
173.206342587
202.771946247
158.958654495
155.305748062
148.894339119
179.493908107
158.227046517
187.863861952
188.681388353
301.240066835
176.438736831
137.620700809
381.751365597
182.547506932
95.1938828453
174.40550955
502.261667287
126.343755413
180.303596244
158.743647542
158.910630166
165.327312782
137.3165945
223.575814115
276.067678352
504.139768905
144.568534937
193.608252945
384.71277997
292.554236577
592.725659346
188.312965324
176.449220083
108.32646883
413.456778568
479.444143181
182.873491339
140.449323713
240.971836453
190.499987197
282.867716415
169.011070147
194.544629176
158.643139063
166.540366167
304.767831373
392.422773255
197.535530497
165.115245146
311.825056995
158.149461738
153.076826971
176.503653273
155.735119563
261.388908676
177.925053648
168.31829766
370.507537162
591.179079966
153.306828106
216.116460527
260.678663476
288.013192103
153.071525705
165.165604065
235.845881579
224.78057291
213.366453471
157.165591019
153.614688365
101.448336861
322.059488777
205.178594355
207.062427866
147.464078627
160.72886701
158.440948053
331.142851693
380.801345375
160.399317892
122.909824124
229.69972655
131.51259604
169.457389408
249.765569777
355.03104201
175.296160607
172.752164656
201.849570917
150.881870895
226.007297556
178.033094635
189.793420435
197.570405622
206.041049808
113.261878389
172.672349
205.836784856
184.182754306
509.204129795
346.367609884
272.751525755
222.895150621
130.822470085
553.524524085
171.373507551
292.233086998
140.307069414
305.53567465
154.391030458
278.439058049
142.091558424
303.034462631
133.0125836
154.759681797
168.205704378
335.858073039
167.766322257
123.153876475
162.184855833
431.115971268
221.667248882
111.994822802
179.442555605
323.663434892
816.391853312
182.980991354
261.952156798
157.050657517
132.692642402
395.67912742
179.68257258
228.918623305
601.467869576
132.267491763
168.136798179
168.716300201
233.66875555
223.493289074
116.921435411
504.731843277
336.578012455
236.045144391
233.071048158
549.360106964
162.911594436
608.726611056
493.67863314
698.418375669
152.038992763
356.499771662
231.394252722
193.845390315
126.510925423
147.495987712
372.387547276
199.077302099
550.088727281
120.385722069
385.329492581
624.570442082
179.011376193
175.046069122
170.135493847
459.694778746
812.822270443
545.757033747
140.245750029
101.447686681
649.266612944
229.766815806
187.963541511
148.455041703
141.930076451
109.15186112
224.023401457
123.242570105
137.038227084
174.233071906
228.645852628
285.734289474
183.985975491
187.956873351
177.541309917
286.141726858
191.789745714
186.887908273
175.774321181
165.78994625
201.721096182
65.321778177
406.925490047
186.181051058
156.031460492
181.039597259
263.696479697
286.712607149
249.912980701
568.891451431
720.478080641
333.208972177
566.97862119
244.559276057
464.758551374
247.1768383
147.80970023
157.270733213
143.09993787
192.142281743
161.690035786
671.386604455
171.26109616
182.626241299
427.67497169
98.8709939701
110.742361351
272.064416838
622.545008514
145.645110759
246.183011361
167.584963542
162.26725682
192.065989346
118.010201955
336.583621949
153.990058595
148.558996872
239.774138084
283.423964637
240.489856508
144.5849351
379.948277627
163.954031536
427.588958106
470.897661925
294.82301805
173.087776093
176.174537222
246.896553945
152.805359381
150.003007485
193.164118116
205.749350572
220.80844443
100.828000202
167.124116709
125.421170214
229.721362039
497.608105372
262.168186011
158.772423584
160.685524152
215.431829881
304.531296055
113.117276452
161.431747511
196.857421151
158.647107199
551.663995491
180.331437558
723.271159433
259.295265396
175.05719233
212.015701726
434.836337172
335.940060801
168.86629724
242.936936158
153.524701166
179.232592078
181.403998111
194.828448342
388.372873348
198.370329793
162.219856717
159.561682555
155.382232674
213.579062052
236.401997963
233.176671046
279.096382867
133.754752525
353.618285062
271.501304455
188.703969163
291.653390861
193.245466634
137.085546072
189.829820383
119.547827431
431.757342942
146.896334789
161.317940864
291.80760789
148.390906033
189.457482306
164.243774798
377.912859525
420.904208984
124.727830685
184.641960142
108.27113451
321.066696541
243.539780217
229.507941197
167.321064591
183.130558278
615.625768945
172.940116874
168.575519201
1337.16398589
149.277973489
318.63741894
164.674712517
165.621126683
178.464398453
149.160939562
218.912355978
162.881195661
198.496661907
196.982336394
180.310504351
242.004741079
136.772790014
148.69437856
183.65948768
162.390480018
215.962308201
418.477806498
154.48929672
236.392460658
139.489056361
205.079090022
327.224497244
239.725583663
292.096139359
233.05804277
467.410994402
193.634114049
205.977052797
297.307185792
451.970531813
206.746849909
231.506404356
154.523314795
344.06112118
174.14394778
168.75104761
357.299563283
134.923703909
282.08805226
177.998463454
151.037464781
419.165886294
178.063251688
439.197360972
133.178851138
173.285702703
186.351890827
130.130055489
665.958140074
124.617254703
183.523938256
170.452870449
229.530879141
449.458098966
133.079682686
148.981547774
445.648750412
187.965779913
195.210098437
168.146200251
171.246961629
251.98150589
185.451574258
175.739219523
518.550080025
424.962927647
149.775899988
124.247775619
293.565233599
201.743913743
140.752769366
152.392029286
357.095504445
197.081202613
489.43820863
181.425846817
228.535037514
191.270558137
195.199076943
178.683208031
166.012254571
201.060364441
160.330459611
334.396285364
182.839753308
170.105997615
144.043287365
174.52287851
253.286089172
643.568559479
258.456314824
506.819444596
128.248364019
149.934682682
239.184652405
216.09667644
117.851298453
193.589742581
237.904431799
181.657435739
194.8600326
121.566034003
185.337677845
242.503996561
626.942843294
290.195750512
276.331250739
144.197721641
283.13276511
141.480349721
161.053268418
218.200822396
278.748512028
609.324968421
180.333601614
168.88236726
142.283530432
138.775817292
307.797597309
447.384124448
165.237953543
159.120368045
166.651129127
146.759141093
131.674386677
305.719276405
174.952278787
160.057622443
206.233989213
177.505282039
441.323741453
194.062762941
286.772493723
184.569741295
154.053799985
163.948369121
166.304786227
183.391356824
144.715863667
170.534301868
133.068362876
369.139771619
342.83072552
182.320148687
704.687125574
128.98364735
134.151184011
174.43756173
174.356837283
148.654511058
117.768000457
188.931858777
191.564314057
167.938700881
155.3792395
163.716256922
138.828153618
205.869181143
575.724063081
178.933155028
328.783050812
220.244284035
312.918127439
168.278524842
187.083322657
379.625947787
152.81718917
400.233174141
179.253941024
240.691907417
264.970630358
953.607064931
199.997926926
239.419434469
174.040881428
138.21790821
101.714852449
159.552684723
521.651141283
285.732338758
167.849711994
143.617908754
178.989507766
118.088391415
136.762306737
189.315163252
176.377055045
220.933012876
93.578986656
147.047833374
192.135727577
199.977161469
301.078658699
478.259181617
150.708667624
145.690492349
151.218437413
107.884543013
188.057414305
155.872526976
192.962243787
121.841539969
186.649344734
186.128628976
270.264473182
284.955397869
171.250169042
236.366300338
161.556708564
134.279456579
404.497637863
123.343499236
260.938450261
185.027554254
227.100143735
170.253000129
192.982837136
619.862945469
114.770408845
207.133779749
370.679014818
764.517902238
195.980717128
185.537860193
165.361166161
180.708998587
187.025696524
202.647458392
142.858007088
161.386331171
401.588754139
225.80704601
158.308052426
1186.00442918
243.616279733
136.278398641
206.3878088
139.435183232
178.970077585
233.110420304
138.629988245
170.222910402
129.716674825
193.852903687
656.505767351
206.233186195
124.981986551
608.716402408
180.41405526
171.026434388
251.693024125
123.744165026
190.864520895
190.075444139
423.173685412
161.769899207
171.514584068
172.610906437
532.634156155
172.786218051
185.358654633
194.533289527
287.484391156
427.249830391
148.796890315
640.566080742
215.67232285
293.805320863
273.425670423
160.994898496
152.151969766
155.677663592
217.373951442
169.521456028
202.859013533
126.515614917
208.458103156
160.851867896
202.834562774
175.661020871
708.672931341
420.845557274
152.277074066
321.110477165
149.766820834
202.81187773
158.043074556
121.33037849
144.586814395
199.315340837
187.558460854
152.96151624
207.686520226
229.513575041
163.813920729
239.672982144
454.159810562
163.931410136
264.812188979
185.016439959
165.137612164
1004.05765343
326.585943128
479.080734445
157.37365607
248.360448255
318.241300748
162.442486629
228.748408162
271.825332064
186.498649199
157.357418094
110.871916251
331.622166005
183.231226881
244.20258721
224.158781875
142.156282249
152.970038571
399.129769882
203.407634714
183.554355334
163.5818474
164.546142276
273.191323242
162.080079915
217.998601952
177.112196531
195.465361264
426.197961816
159.218666536
187.985611449
168.549292976
165.983647351
162.102272448
99.4488769431
180.899672692
201.854862154
168.483358608
156.366958637
413.247907421
169.900211767
330.252969653
240.714895742
128.962731453
1326.48732246
332.326025612
143.240005618
1920.56622416
356.468599936
291.031213832
178.852095189
468.982506978
301.050945072
189.186966073
224.860520069
244.735677397
134.560820057
171.186534306
585.156579664
133.237070567
267.807137811
150.447127586
659.582655028
452.291763369
157.762701466
152.101077222
221.638323152
2212.55475401
151.054731973
128.277850821
195.503848849
440.261926999
168.716504039
256.686721328
114.265004328
175.648267667
172.3547571
1039.88719684
168.5134316
162.368072556
274.911602051
233.194562077
218.657725592
151.215910741
177.206123879
149.980340705
157.026437949
176.162101583
365.801850868
542.783913931
136.627820714
209.984523524
129.328460136
307.724933171
309.908677462
336.647300157
140.342799791
245.531054718
484.100200506
817.086413384
185.932043414
154.813203449
168.891204908
247.28986042
174.621044499
175.349250913
561.84030441
461.107161076
155.505870638
328.858168797
159.074946678
174.515471824
564.180496727
127.139374746
140.895548263
152.143001578
146.289417779
174.401446768
169.492780436
355.441133178
147.80056543
139.13924103
210.98428233
136.075236308
152.910334987
249.166637448
213.617686756
136.985314805
184.627927899
198.332028634
477.614970751
291.909333025
424.337635296
157.782557704
250.351552766
297.864581721
275.457816933
235.937339874
167.716154197
265.062522891
474.479865068
195.89206862
177.341946973
188.383278678
141.710194364
240.137091843
156.702956884
133.767494636
180.174760445
177.317576349
430.308899969
213.108484438
204.871289031
167.998976427
156.210581341
137.084219756
400.926090562
161.530662954
177.758921906
118.303304681
193.636124957
173.051148876
176.539032686
276.873867943
250.064077366
191.575399879
147.634781632
159.903002698
151.217010089
345.238921766
181.002098202
175.417065494
170.569318395
738.488476985
248.568905298
140.664003466
175.387694174
175.353786437
126.142455699
193.705889043
146.222486431
123.76173878
197.482936565
144.381353753
143.844094631
168.828205843
156.873685728
219.731329104
152.240975246
151.869230073
244.375057943
100.973220241
265.635065043
445.800065532
190.262055901
253.556600208
98.7154065373
205.596813126
223.608868564
204.523018352
367.018396206
302.066757059
468.575780192
212.940150295
532.41983923
232.858330238
121.02896481
211.568411841
244.175983944
187.036307686
178.572980196
189.63243636
178.121117843
161.801796112
187.579935477
325.202998882
173.829140808
177.391718589
162.635832781
134.378387707
172.175822038
153.534080982
312.611444772
147.517313503
159.537329478
163.753361321
161.220172424
180.80125636
247.224984525
153.665053827
153.879324135
268.58817279
209.849792958
202.838800021
262.625247613
425.795797724
378.1249673
111.726798597
160.782007147
162.161806565
715.265470374
340.894696891
224.91261662
188.418338622
171.527075952
280.628120537
163.648510779
110.492618472
199.750741079
176.725026713
228.756124677
245.255809972
278.527949899
181.909330831
180.547011473
162.333465741
198.601586425
298.648130709
175.382020586
180.017205627
211.663147106
282.999678652
369.60560459
148.747856655
177.447556276
218.044942935
881.3070698
218.404103908
142.717194984
146.854993907
224.391748835
214.930970905
336.452648159
804.367117707
171.832606382
158.484482152
139.517773408
158.808672838
421.526407532
165.083965942
310.272443996
168.56287647
238.455779545
356.37554194
230.735264177
162.954507278
199.984922388
182.669308981
178.849628311
317.582142291
150.127603583
160.878026535
507.302179181
168.811169106
123.68811581
314.549852604
148.539604602
175.070185967
146.792828416
352.480079576
178.410855783
174.169753379
405.634248219
151.268522785
330.294361807
136.362590529
249.897037626
214.248151785
159.319038478
128.829243456
180.813627825
152.788346803
183.90944188
217.062321033
381.764234567
164.591537804
187.465136649
165.707654424
151.606869133
202.504011278
177.61387538
178.173484149
351.247884929
227.128105521
169.335856822
151.819574121
156.85719047
164.110294554
100.340024834
171.604723656
187.837661343
798.738588611
145.840855943
174.08833158
174.714435859
214.791964302
158.138135054
161.023962485
379.46928904
424.41283226
137.581902849
188.793293215
251.085475545
152.564722412
134.479221008
310.410891746
174.097945787
145.918024266
233.367531587
236.752159933
165.910800237
145.126910681
269.992905766
164.996108928
348.400576314
166.071560539
123.906763223
176.474586098
142.619740003
360.301073971
240.69412405
157.764717927
254.541768651
140.173107315
197.577168441
223.699625761
206.107102185
154.939256773
137.787744462
501.976408261
336.851288677
288.0628966
195.61913176
162.082415641
185.389199633
223.140051789
161.453928232
65.7432117159
306.33768654
139.6101769
99.8375941113
144.719949068
189.239940364
228.472192368
208.927924969
162.297425279
142.686417981
134.674097425
294.389124169
136.457819654
179.610855113
183.005600766
251.449818556
149.193070517
180.568088972
122.58648684
123.378539909
161.259845899
160.774331836
603.497712703
157.161949087
234.304316658
166.597426549
145.466082407
134.927396208
541.122005625
432.909689285
200.198159275
403.113674142
194.184070207
132.895200923
372.324694671
170.72128171
240.775063897
333.612659966
114.931986531
178.773359464
279.003093021
237.324792809
201.090115448
214.650934301
309.914219971
168.543816056
188.446300636
133.990048614
264.666204762
238.181959329
162.884662348
196.488459805
148.601064092
212.701381578
181.350894402
505.366198618
160.874145743
219.204615587
101.160501268
294.594750206
151.740939124
168.160330659
142.585643364
142.95957945
202.564792147
232.355166211
512.552412845
176.311041193
146.65965768
256.679091209
199.407406998
91.776021106
171.038251545
177.514839033
146.476448412
193.041543339
181.436863764
443.084305364
195.500921984
365.366719145
186.875285774
141.214739981
514.750753517
139.347076082
252.010682452
288.561059262
172.796281261
691.977728289
175.83682557
186.669541718
222.941708033
112.165512931
296.564187989
430.927249977
150.872054556
171.398570562
209.945469979
247.83208295
251.489754034
121.43576423
337.874157422
224.720637399
158.395308789
174.701797453
347.124149642
129.80793421
231.834584919
163.202515074
325.876201689
162.001187584
212.45778198
164.983351989
259.206012
161.079879479
747.196482586
191.054092269
164.118592908
164.5186576
320.525618588
181.633552544
140.811812563
148.480017607
68.9565770248
140.613290971
232.916486211
175.523199936
135.353860985
203.504123465
164.927949466
212.744699166
172.184823885
155.734734909
171.676037268
150.823956711
255.795696711
215.600531154
863.942693677
124.752549519
271.962562542
319.126366559
159.263631598
123.044212288
162.339551674
395.8319255
361.202941173
195.910695784
272.050247309
160.089755433
136.802015632
380.938896329
179.209733667
152.718377069
164.901317288
169.504609653
335.501146295
516.876637165
414.481205973
306.569551614
173.279195883
126.974568108
170.783312805
398.557020094
162.861794178
503.882177139
506.692490935
419.010860033
109.727813704
141.299534237
286.216395001
185.380733039
190.178311045
228.173334412
133.494957702
463.647121069
163.081509788
168.65223678
232.939300928
630.692923039
144.596824611
262.332467564
218.985529188
425.893774083
183.862450126
174.323803327
297.488276375
158.104407977
156.600201953
237.230835824
129.360148739
127.771252504
130.054934207
184.384871393
159.839177017
183.626910585
192.384949633
293.350267564
178.117218506
152.849566542
155.865195871
136.164835649
184.112856653
161.467457996
655.004591362
129.705405259
119.224966142
194.859048757
142.793867337
242.613859368
434.095607894
73.5870606954
155.056320578
181.993567421
234.737544032
179.23600384
238.244779402
167.056302173
170.396390342
458.140465635
125.758969742
260.425078332
120.164306085
168.849770106
142.913533912
177.410701929
307.912669722
145.676654986
149.595831806
729.07913116
247.136962406
286.398339795
161.016141287
196.815692785
90.4501017881
222.210722689
169.462185433
382.838515626
209.352052871
190.058886681
157.646800894
229.176891375
153.401334674
173.979220861
204.443761109
206.800150576
251.096773491
157.564316389
112.936601448
353.091813604
475.055374871
202.749742283
431.245790768
170.979049968
232.70134717
144.516849602
321.475745565
174.7830584
514.082329955
311.797393724
125.390671844
226.245781184
155.921238705
197.284097523
162.95130577
155.708446603
147.453686144
146.962220025
205.19691314
225.105328403
158.615666556
874.184044626
205.303794461
149.580059977
155.640886987
172.790028514
168.034370855
217.196896908
179.856847556
202.887627126
201.281392424
404.77271931
479.223610678
307.314611328
154.284918349
154.435611876
172.818739229
148.310145177
142.331828872
174.300234856
194.704426782
750.919352993
136.598243701
169.540505967
153.908304579
185.248229502
121.437636206
261.336022314
368.356381123
224.442613596
171.956500738
157.098406838
165.755237868
329.28506686
182.143729225
151.749015154
249.421785119
195.834917567
155.082824135
179.256423874
450.450941119
237.111723738
175.598503221
156.088079079
133.045350307
147.737798215
213.253784733
322.120308624
1120.71893978
161.306034635
138.291853924
160.112180668
308.515731059
217.799229402
180.269700955
322.29889659
161.40207032
125.874265472
144.951102067
166.290559091
954.467085135
148.326050203
180.48942773
187.197248791
164.67833074
172.686351682
209.7665512
131.969525396
301.865601495
135.562845787
265.298869082
176.693469773
167.579590818
176.499531206
114.674144275
179.606120969
157.499645038
499.723776781
85.1477150866
169.938494904
199.186335059
152.482943601
179.15771256
145.710492402
145.879961825
162.247286729
155.33687768
179.063920938
144.300563582
226.932591004
175.715826086
121.777442232
392.998601378
166.327450904
182.084078197
569.744792334
160.456715304
174.711097886
221.442440993
158.215857392
104.148150032
173.938026294
164.702595445
140.711212076
358.20412737
495.594462851
423.768915066
125.569265995
171.630652104
245.031080516
181.033770382
172.829671442
295.904499724
371.999255173
220.054687376
155.327556492
130.713551555
203.796394944
249.588665764
141.150868677
185.633890296
152.760234033
176.334164706
238.438653415
173.807269666
195.690742206
514.620957532
146.159605792
520.290157638
238.062481014
247.020868994
143.352147813
172.228505834
189.985454441
260.785592318
162.378869524
284.790518907
266.594631493
108.167482283
170.783714726
187.220183762
297.458741244
138.158539632
161.734523045
148.295734365
104.451955143
167.711662774
140.49339376
140.777496957
182.290979802
154.729589274
160.911335477
214.974122113
205.231956099
209.107299009
178.622409697
157.209433907
108.00944249
380.581343395
186.298338214
247.997753086
208.651435459
241.692863246
291.09404527
238.489548886
401.830560048
160.034630826
150.310259257
126.659247569
141.820331123
193.580281198
142.239501339
169.582229258
250.046869056
259.01881893
193.434029838
140.376470048
132.512698898
238.268835208
242.285207984
205.377843484
101.798181079
406.706824839
183.812842297
161.960549063
373.622994951
135.108865043
166.879734057
165.61317171
510.593712293
127.969661493
168.180578533
266.952385826
456.916731192
202.608210366
169.520763214
232.757832119
333.913966493
200.578775349
341.579124649
176.160006653
166.611402985
347.04903063
350.933406305
333.132375754
182.516561358
76.378588705
200.177880067
524.586815154
412.203751987
109.446338783
138.908171621
173.514757549
170.1197222
138.92963178
165.271959643
177.425956995
291.520516172
139.996524239
156.04722015
133.115669445
259.916093841
93.7879525106
165.522968973
248.443731768
304.923904257
812.686791764
151.170461205
621.732091411
127.343647528
156.446503984
148.745105764
170.135614616
532.378511872
182.847314777
111.970833563
143.098365699
148.313920287
83.0623473512
289.262142545
214.221809266
149.831157096
310.133129319
126.121191488
189.843872523
235.228331248
188.85487157
171.971446173
167.334155408
200.479522648
189.040273346
193.366369424
168.962126935
202.663625686
237.017427238
157.918470013
113.235544204
145.274461237
335.287839307
155.356924746
150.960601671
159.831730967
343.547207806
528.993129834
185.564413217
172.818361849
151.200901546
175.198666034
151.588823764
167.624129897
196.300428385
146.409356922
185.663089042
238.93373464
436.588250571
122.728760722
311.856406108
95.9763259834
329.095002893
134.381916371
129.847185216
341.737598121
264.287640709
106.465236525
170.678706507
252.092505107
183.591323297
191.927294561
375.414167071
337.284505709
196.275956114
157.293897752
287.727074468
173.820201432
213.383986324
127.25996563
198.159977154
513.193531439
211.044878599
565.327209199
151.891224283
167.350735492
273.191045374
167.001125635
209.627804876
459.24286747
218.274601271
264.569327551
305.613532918
153.677114433
367.55699414
131.058295014
136.291438343
556.084708334
189.492683232
473.42643382
175.199610297
171.838745099
297.22027999
454.174718486
372.789200269
327.826849117
150.430261904
192.110973182
161.994975508
121.827615235
421.567995272
251.744881408
183.672741582
185.272011817
310.569535363
124.227337329
203.49996312
193.146076814
182.489370958
264.932499974
156.301275187
184.192539021
217.096174304
264.76631894
171.781321486
174.82203277
365.323158363
135.871075358
222.467283143
150.048473987
168.674983805
151.808479957
173.946860683
140.572794585
539.464788781
500.662677304
214.416990821
164.14864707
565.439062411
152.97329343
317.080844207
260.748894403
176.828181279
169.683224505
191.543427689
179.064863951
163.007397274
219.318135849
201.143367353
79.656806681
251.910860107
177.758678389
323.925322121
278.679546836
145.316927053
168.557716315
272.374506566
164.182872058
157.586453205
175.961130187
140.845311939
305.68450423
234.670239025
159.515115126
156.530759992
165.683055534
206.563596429
638.373211768
184.489439141
838.707653892
147.631946809
122.621123896
276.049770784
146.36064951
241.463295886
307.367368047
163.817128951
246.333097578
233.506729363
190.702385513
173.725700944
305.069339965
181.618371503
273.878734051
174.352336767
273.735263616
145.509878507
192.164434261
132.534539649
367.923185049
137.15153125
128.178288756
419.577605213
173.964352188
302.228766006
202.814071558
292.641409
110.399792487
398.144323331
166.891998974
187.228591623
158.678095822
172.812547113
673.378581159
130.764604211
333.314571319
141.757332783
203.549965271
185.509932959
156.396700293
153.394372298
148.62249639
427.428825814
485.642235707
176.906533546
176.778285483
184.64702611
110.930126988
264.129815106
159.885831701
192.491715065
144.581363269
215.965704885
176.083867254
430.163849152
184.595911666
260.440941671
169.397546997
142.355143825
179.543059109
392.54301703
242.759013073
338.349107666
180.699663728
190.333078963
163.416498176
204.968327661
277.321479023
155.626284146
229.97655931
164.086563086
170.725959966
267.015369369
310.756569987
142.127558188
430.613870329
371.161157308
119.298005282
137.49604582
169.210879461
181.238911757
139.028036962
593.707698999
197.786621096
170.241204435
122.141793247
167.033872435
197.529118125
155.49245786
193.250246555
235.950917741
178.516935643
182.323069321
479.84727347
374.893257825
381.244363504
317.177544801
267.076150744
152.315270666
115.72006126
177.802755422
225.270878061
478.56628406
192.260050531
719.542512251
600.001632692
423.41811464
171.138045131
164.621391651
112.023306473
185.175939749
136.893288114
245.927556017
171.703578882
334.847823361
153.171298353
143.163253813
186.167743645
226.909954015
154.967907414
183.532366
188.724927556
198.615213397
173.793873245
584.872640967
166.955626689
155.311813933
160.893873875
151.411936948
283.418344046
527.935082299
181.471983988
165.818669543
85.9527151313
179.305369982
196.854482756
220.754265341
137.940538762
182.79421025
744.534783809
162.472299973
147.534345342
79.7927425886
186.326409276
467.636046037
217.914693159
170.403572722
150.488591794
352.346618976
173.312793486
163.915036
225.111733739
178.207687278
288.844676266
173.044429183
143.266047573
174.074955529
188.821583099
180.649225211
154.056035599
102.159491816
176.010702112
97.0730806814
166.654266436
667.984951331
225.590589198
146.966279273
130.1031941
272.185726411
270.726537759
268.621988633
178.178403338
216.981757449
268.701348576
150.594125406
210.561355666
149.237935238
170.964897486
263.617289213
390.062139011
211.623430801
290.901007503
179.123172975
335.283768203
432.46656173
277.196222734
273.378027126
150.052075258
130.455166776
246.933206969
614.258725708
139.627507065
169.912124197
355.339833483
255.578819588
799.951837661
322.072347528
213.70081843
173.623047136
154.883389584
173.835624039
161.290022321
662.444145169
157.363502993
161.394136839
258.270692805
556.625836743
382.218768187
151.023672049
121.540362635
188.343652585
407.032282511
154.346561105
170.046336808
105.833177984
154.191275467
232.234360467
204.224782934
382.462552953
171.803130215
164.78071955
132.77545144
553.05916176
141.252291651
199.366252831
188.388916937
170.885435159
260.019980978
205.882799818
159.949703737
215.784368661
130.86860442
181.130445754
572.556963529
199.951919365
155.678828925
147.202930625
