142.855984021
125.62584929
117.567962344
215.654931233
139.868045812
647.405706136
446.741698746
256.25927382
111.103057224
32.3163948082
105.836204212
525.67913021
305.054202576
370.236065865
604.702334939
268.376838178
325.888521166
407.76031825
230.783600769
225.76989827
201.916694259
200.225682533
159.049523839
64.4836281073
67.1669838924
311.114292771
72.8503200908
132.488674985
120.093705764
142.403840964
295.847803845
252.042954313
209.47163499
90.4582839589
137.760244675
548.009606991
627.51363804
153.794481684
431.2720459
156.603733941
132.041564616
230.67752186
133.904015943
106.932851512
247.570277996
631.011836294
239.812198635
446.717559657
66.7841735172
351.396569603
482.202369461
193.780351354
194.686017165
147.928156112
221.533947419
759.515727353
172.207445914
225.177696201
149.058473682
104.43333357
304.772900273
340.912051739
107.244430838
174.928250905
110.86765437
81.478823655
210.489422395
362.499724723
126.201439861
527.788443776
132.862173427
132.60382687
391.825733158
117.006634735
88.949173484
257.875325539
300.665457949
132.005316185
209.297828132
459.632691568
210.675431567
181.152774909
255.473220689
257.69133964
209.591377368
281.670652658
158.152662194
182.237913292
421.741000882
191.644636236
133.951805518
75.7670580045
98.1879250325
52.6441316562
392.670406515
60.2075022821
115.122034986
220.135019301
163.35546912
443.103371538
114.289724276
295.095912688
308.005296017
289.154225539
185.160022686
322.124135218
110.524282107
391.027031501
136.190945323
158.098409484
306.312815668
305.25139693
115.221857662
288.78723722
110.806145528
583.364581278
256.84462016
137.630524924
352.989623326
135.489267877
83.8312597869
129.7835026
209.471154446
219.896312866
448.92532274
178.650768935
234.510192578
609.206085762
106.204083328
333.001232798
34.3455597734
940.656957393
331.091578877
373.834234373
258.19093033
325.346305341
287.658586468
318.6611195
520.392329234
101.015258906
321.45402008
355.640152749
58.0351878157
364.648584175
215.602203018
512.043707369
264.846367876
215.535902365
473.077691051
266.232925341
102.117663142
139.664610243
248.71878275
364.320367756
79.0222545813
459.311839131
26.3833682128
222.411366239
221.11940141
150.850097776
221.826023662
274.008106608
113.889602475
282.546871488
188.024946195
297.598783081
440.66934584
106.852112379
439.607941032
212.636455367
299.096633044
53.873041019
275.311739562
92.3698020524
71.5762524788
102.53883005
357.504903306
61.490719388
104.907286678
298.246912744
305.827936871
34.8911321576
342.867563363
256.176253275
220.121652708
241.699819962
379.23798232
88.5065190371
347.983450707
444.433640753
188.299304015
571.772400223
54.1785265618
357.55238759
103.164720121
210.300612978
527.431346324
131.449365678
121.536513346
256.067118016
204.224502762
442.883344362
319.624834378
264.087940623
157.570302677
160.96706432
390.889939665
168.933481832
236.726848151
180.134706965
119.402968513
173.883446893
259.569509151
201.339791242
335.612897504
263.347611151
262.25804695
642.198170907
339.984400864
321.276556419
92.3892171559
169.556204534
261.900516104
187.608034613
205.237509562
203.092151786
239.603651515
546.553264167
290.275250731
164.815127783
270.61833422
515.005168945
564.89616711
71.5559463735
327.544170281
207.798785865
13.2529884123
138.099854822
97.7659156686
185.394191661
267.114145989
131.766115001
358.594488955
119.245875641
237.122113009
222.258501663
279.394248445
35.1158847886
230.08714365
242.98946515
374.60664122
176.680516856
111.708018481
212.806123653
290.071447237
159.151832459
222.859679494
14.7047944718
468.341035578
173.784342851
189.646966156
132.235163841
102.83897765
122.821143998
516.708710842
131.827272228
79.8575309346
293.848788256
359.074649291
400.979074058
187.634039566
177.258960452
62.6394931089
130.412382401
315.583382651
144.983811599
235.458218596
199.525475655
405.060964234
414.320702852
199.353699462
93.0235595022
66.2069084746
81.8070573121
373.209054774
492.672042191
69.8366265505
237.158119202
268.543933485
288.75896768
357.031498277
189.106486117
226.165128267
228.63021874
201.924419466
168.755889651
129.273798534
137.489700269
89.5304763399
405.003337428
209.219126223
380.648412331
159.806958058
315.245067961
84.9538072281
366.82712974
233.320392442
236.931116992
126.628637103
106.766648097
279.554341181
183.200594156
415.892419797
126.551816415
24.6841019192
511.89999419
653.056334018
377.861643925
36.3264080377
106.007060593
84.8408573123
70.612439223
145.679821055
262.096679033
154.161980221
189.84384866
133.821292114
68.3709467422
124.619197207
82.1618924614
195.769247764
333.22960018
138.315402471
106.417634808
123.47442007
223.098823342
106.486409823
355.596708522
308.226688961
491.079053938
471.731467435
152.548228995
267.54963641
100.243687816
609.813162516
162.189686755
250.384935457
226.537215123
171.186311242
248.270831834
335.009214982
397.536463638
473.374427096
276.980289183
204.694248908
316.849273564
262.747736307
301.531718446
299.99683731
888.608906821
69.1337075355
318.655410623
132.554146394
206.682449362
397.124326815
58.6593916461
83.8493908118
262.679485194
49.4997600696
120.826434636
39.9560705196
312.854547388
275.740730475
165.813801003
171.431468004
453.66222234
135.730258094
187.170678472
221.644757851
333.013031775
109.375120993
435.297893167
416.316970579
113.979285961
230.775394098
223.738341712
187.592380632
395.34732299
264.266958952
287.107641094
211.39992766
360.534904821
159.326723244
133.913677518
62.1268715612
404.712548381
197.574075347
185.110590753
213.507726192
254.528106926
390.740791886
186.981029849
526.386656441
381.776316091
134.25102037
54.3406440682
238.729795784
48.5197176263
140.000740088
371.393056119
223.580489172
305.281636561
483.457825765
260.577308421
235.686414689
246.728096248
533.244612363
305.971618571
433.903465171
126.787416533
381.841750601
193.256513549
441.6392507
438.875315774
309.219795839
112.320631026
351.892388087
431.710286689
340.347352068
467.374396598
290.912918726
103.197517065
344.79894103
164.957840936
56.1484300824
226.092141646
82.6000548536
223.641102259
435.43243307
250.267181418
269.67445956
190.626339961
159.445388194
301.382275821
148.203735149
170.426182061
235.241502656
302.656675189
376.929413624
178.581602357
291.23692906
783.627122436
104.77450852
203.753099297
46.0160888488
326.947175514
200.161805355
36.1471351005
176.721300737
181.797708882
298.863985797
76.1435021523
173.324050556
108.636716019
183.117975762
244.401991277
281.383404531
346.452980656
137.560108688
159.118275529
211.016522435
180.378521787
333.792174755
190.605911203
266.063204202
115.565803243
493.102373788
192.285038517
361.587919552
360.493380943
215.154758762
298.762010203
90.3218498053
125.974643099
240.224030189
423.632838444
377.455594379
388.309154993
252.478728956
274.233739644
207.016445181
407.878795147
223.641855343
332.308547484
57.424350843
486.46613286
74.8212268686
242.679552863
718.040283695
351.586317064
168.518562451
128.306690646
490.706179039
306.47584274
432.950406749
298.008553901
384.822479598
196.862985954
127.056733267
371.513630745
411.834411484
441.952506644
197.181825938
397.260242337
244.995972318
105.868588607
301.192766926
115.844657834
348.258572411
245.882332852
284.14719909
566.225996694
236.26064248
116.548069078
225.800386768
78.5334153027
275.594462694
368.810139177
218.947587388
561.629818589
232.578284187
114.357568719
332.19051044
403.842239842
245.160654871
436.176345546
178.623903715
355.786436988
214.372072963
323.671778622
254.320049344
834.367856574
214.571992461
176.691959207
262.025489896
37.6130891938
373.347858412
110.916670256
7.96725994505
199.980078869
231.669868432
556.650348456
170.045686555
264.503341233
49.1111953294
124.484276853
240.383695393
194.493709903
439.903519968
151.949345725
263.901554671
164.78541666
483.14352559
287.608708391
692.410844673
141.120943978
99.7390622415
311.40568664
355.952361926
350.638853953
364.66135472
223.934892863
463.719779645
436.512478616
226.918486137
68.5924184368
82.0868683287
315.626803067
467.085554021
291.842810539
238.517808554
942.709518957
345.945278144
155.96903628
230.877226652
128.892398057
67.3804890237
305.174170036
169.031880747
10.5651650827
266.27454207
369.290616697
97.2029058819
186.327764242
173.908030255
234.834130676
267.786574978
207.90486278
183.215030735
241.657011438
297.079317492
316.775250087
298.783746718
308.568824669
97.3225917714
269.442101429
187.283837567
555.589880856
214.888714787
379.390322315
365.813018094
204.957012062
289.697912349
263.768733044
132.541008055
129.425802577
287.255021201
233.460565576
768.337341107
49.8392932677
219.274235877
419.601710148
353.42003383
418.474425647
179.741705542
379.50563059
249.478701867
169.024118334
6.5621461594
173.140827946
322.125964589
290.047854828
176.186093173
270.261243004
551.500919896
286.255361547
129.338908754
410.715835137
336.902656995
331.132441475
371.812872014
236.404613426
143.537811029
512.7006754
75.6831994344
524.371472971
456.782011215
291.474073518
324.461897766
180.55101775
132.549747863
191.374401882
345.152074167
741.902290177
169.586059408
310.687644081
155.379506245
336.139402899
75.1732206172
300.518479876
13.6797268149
175.71847039
437.242441028
117.385278698
242.904153386
232.312502481
241.05510989
273.30661716
301.497534435
108.678940473
286.922793718
60.9249900886
344.401953926
464.190492663
483.581446185
63.2933835277
167.030902778
267.721472731
161.110910113
260.019042242
131.693202001
385.947669449
128.100763016
128.443301338
57.0657108166
322.567539196
70.6780512352
166.617415087
213.632882214
119.061489897
418.959450476
158.290948407
387.977589434
310.083030401
249.68445339
320.903843891
143.128897202
168.73682901
171.445067045
628.305882705
404.874277157
407.199089193
239.583362115
376.035527644
220.950445675
305.74426528
113.279115777
286.851002649
230.609074942
111.093642583
100.642963023
190.981116956
134.259085894
299.262134223
184.671514817
203.94148417
443.016003986
241.786593473
331.472876469
111.385319875
336.529457811
119.189984972
243.994387927
223.763446493
166.136352254
335.017391129
154.984744745
172.569786078
155.558381364
221.538123621
71.3065725605
502.368812842
424.409631911
517.537741033
428.424723937
472.265337631
201.680836341
322.533799105
199.480841741
87.7142351467
228.182282832
181.744262698
336.736475621
267.240927305
260.596104614
298.793602413
229.923021599
294.209827943
202.420768273
386.277560092
36.4226325838
228.219511237
260.063895403
280.151945176
192.467257042
150.519644125
578.423068793
107.929348694
168.072787076
60.4249261574
129.248216751
479.85404874
444.299649731
518.823544181
65.2551813889
344.931640116
115.220266557
181.398199648
387.515432327
523.594440814
317.965094442
417.964236991
433.702915061
165.712388145
409.678188733
267.197077015
277.280435922
67.0601676444
420.300203384
214.992114571
198.735682552
349.715461186
657.544016021
234.965881538
325.16780448
259.569091314
933.719763316
276.27626743
217.892079211
322.581656273
109.989355112
69.0654032856
236.808797248
629.604499628
193.861384733
114.42553264
349.772624182
132.914509361
427.900514955
24.0803445213
134.970712375
164.48319594
147.849697407
384.599455641
250.978084068
350.04450037
502.383737224
214.470832358
310.601363734
33.5128704101
392.943760426
341.483401219
334.506506207
214.621132174
171.176853823
231.27151691
238.442084235
254.485173003
316.097784728
204.535022264
280.026708407
185.682765167
71.7733183672
116.268033534
38.3075130962
202.25394197
237.652212404
205.741145027
146.447407006
219.876536242
179.067002327
244.763347005
460.85970001
122.339077452
372.172276695
73.0417622761
127.462858253
340.122541962
452.977823339
281.206112725
363.089842749
304.799771455
303.550827711
155.251977256
329.534095036
221.678666449
286.216161705
89.225648637
107.844410839
181.851225948
84.8012014403
1007.22366501
168.643322642
395.717301615
128.943452447
278.60891969
400.95631981
26.7018944386
135.333872807
153.249475581
271.168143052
521.446901521
217.349360166
328.252138498
382.231033529
167.231961057
18.4359625104
234.942683734
155.206009086
323.098757935
170.939710845
371.935426432
179.493582492
57.4145288017
220.22974856
653.69395532
31.5566697011
223.743085378
139.122460298
78.5186105158
95.1672556513
267.984056948
420.542411781
293.846951969
333.626583743
123.93702081
295.151371481
344.444470796
370.181292645
188.640047506
371.258524805
1000.59814972
170.614123481
71.6579714264
215.023461417
255.805372276
260.947323845
295.412302106
306.774613903
247.502816049
108.947447433
100.05521247
170.831353022
319.606359351
575.772056466
320.413667444
42.4218616566
333.65810374
74.0143728433
231.798745698
174.91553946
485.626850844
160.84052806
221.564096145
176.991255778
158.276060318
284.907724158
452.551293124
138.947470716
60.2359957976
151.142869361
103.261137798
374.707641372
113.60968284
176.792734984
268.517189776
977.493539132
385.050823759
305.312115073
368.958736838
151.585396623
51.8728015177
74.6130584124
78.7483613791
224.445723997
70.0714858906
178.275300462
171.444080367
473.169692874
369.607576346
167.96054058
208.73319322
167.420882613
362.768838294
130.814569552
218.634724852
161.504429306
149.93583183
271.591401833
230.312659059
439.85416205
298.325247347
111.319688001
223.416688136
109.467550162
263.88704589
279.905351088
253.881774017
130.03217512
161.603333915
138.700913056
402.154004366
97.8899878631
336.795490492
191.854848645
176.941366731
259.202588352
16.3938162221
414.508140184
162.896436899
287.253661079
81.5522753438
572.765201714
199.16931339
383.652882536
75.8346898635
285.88484963
66.285453867
282.78724341
253.99029091
272.315276612
338.272755413
381.08901238
101.928476853
455.914650665
189.308989916
152.252413524
123.680716784
221.794989932
202.585265153
151.676146048
124.782665312
201.622345698
377.14287514
290.498098526
351.331920311
243.606915314
354.44977125
378.70843086
192.744772997
676.056660016
339.807064154
510.039046179
320.29476143
197.596728463
279.646414523
330.754696517
198.267588371
39.0797017758
464.895742058
337.549198536
211.465808544
193.190599202
527.343691454
332.460217783
97.2359012448
168.671352966
150.308270613
521.29695173
118.796061198
331.82290061
108.746734328
174.926310741
278.602680352
157.706706175
373.884722882
310.675371082
215.346509896
74.3707978004
254.674771669
314.511829559
43.6178536134
156.928588674
299.117660702
70.7650975488
309.557219646
200.305230988
313.345402097
291.681228583
297.373157969
235.921655574
331.170532703
297.825115728
182.946836769
387.403776758
212.47735834
56.4062099869
137.629697985
35.8156299235
481.528699592
130.126630434
84.1665280011
373.249127618
109.993448882
175.564951177
167.239191517
137.356399785
303.871807997
417.807954121
119.788034007
48.3848914197
422.93736771
509.419470396
171.27102607
329.488251735
47.1706202481
299.703237676
54.7542538319
185.782296967
173.636243103
41.0804582695
213.171336351
292.8239878
286.896340349
550.527169534
226.650883855
88.6126279088
268.580494305
133.525988359
202.834539018
200.801306764
661.124064167
502.19809719
392.881118651
46.4059776672
648.623752165
234.082593399
94.695321686
448.203129815
149.995180697
187.91292472
40.3803152175
364.374986848
66.3244514298
418.675930695
141.234312837
145.664441698
187.992645625
55.5131812231
361.541477249
184.932591516
145.73178393
249.748305555
129.557586273
208.206401146
368.474856646
427.780289237
97.9289917325
251.44166737
233.383430119
122.589436599
94.2426778
166.97019675
203.520003441
366.848332111
328.873046041
400.866946189
167.081007365
94.2694623317
36.0558174999
288.962301349
415.418158304
224.398160759
124.390244936
351.630799689
277.919899945
293.785406642
162.409804139
38.7657168451
161.294436787
262.533581889
45.1365019654
339.436809692
186.250844417
163.481827636
370.808766394
274.830830947
707.911403291
299.049328008
342.974569327
587.928994388
714.970569551
141.720593706
317.042740678
270.541303273
520.562417169
344.28009261
107.489686044
63.4637105605
360.234902988
399.072419727
68.1720219011
272.065796063
967.49942095
336.94128856
206.012909791
417.424525031
383.715388799
18.6682066249
120.852308034
168.883021213
325.015778672
553.49226953
155.611700951
679.347504957
213.108199214
939.509612686
136.964063338
176.48390979
183.840425739
469.567263189
389.983357549
158.970645294
125.078657158
100.680365566
90.441648911
36.1545638384
373.567101282
352.953533155
362.730478533
484.599224182
148.676928981
104.544556027
301.626924129
391.363594489
201.641565072
71.4552005166
541.243153423
189.938903805
133.366196843
205.652073614
321.389190194
171.831403484
44.810481289
211.721229575
268.263786388
94.6877200594
277.176177897
339.477617833
259.230838333
171.064111725
349.225960125
72.7364888859
298.370984031
259.58516776
473.958570436
277.542998836
272.747071367
84.892030981
273.157555084
193.090775777
439.911887611
158.467448426
222.380328834
148.435780333
143.822198149
196.897074715
404.339625056
296.460012765
133.633509147
258.588848476
153.764763461
95.1274419668
358.073315128
268.977478062
456.593093029
257.174018173
298.748084378
179.13660003
326.460261653
283.79312926
187.133705095
147.276296957
196.480005677
425.20934375
218.251472426
168.720888803
284.22619269
533.345972841
174.720161845
281.975908478
194.581140803
38.2905324016
225.736919182
181.471510814
122.141317133
248.110237118
394.637476039
171.253841057
286.885744617
262.789143162
224.669482626
418.56967201
324.64372124
23.3308093915
234.318013988
278.153081946
63.1896173832
168.334292433
232.410492913
183.506714897
297.537507603
36.5501868171
181.857240033
323.032798576
108.5299264
243.882321913
310.269928513
202.158907203
194.129485712
205.845532691
345.635567165
206.943836807
249.962836096
166.123943193
573.218235573
174.190682198
94.610214868
60.1336000352
281.601945571
420.201861675
170.732834276
63.4759822352
267.312021602
229.931421649
182.050680796
458.804267941
95.2152982478
419.878364216
119.858667488
184.403978861
32.5355821394
405.158922235
156.461408753
299.783896637
117.378863296
86.7375230211
61.9736871444
303.244232648
12.9548934779
435.17096299
212.926719983
220.794536839
284.813062269
311.899358511
357.010130069
242.230661029
250.190423914
204.283712917
298.636211314
21.2336052951
109.310997635
362.579644739
376.551639107
557.838479471
249.044774532
225.267263706
229.41755818
269.416691516
252.120616489
40.5123530662
159.774365644
197.544708081
208.701345204
247.900583324
328.684954585
196.273863158
392.20874971
190.67259147
343.569315125
317.765624013
259.139857755
374.557737676
661.561871256
171.739567556
222.603953398
412.402593447
109.785675248
266.977990633
123.274901661
249.700285043
63.4723487168
209.132104522
272.016410465
144.441606538
222.690843021
38.8738430482
439.890171219
403.426634867
195.975559931
401.944543895
337.821111702
131.501405661
339.94692145
159.937496262
134.980812873
276.635393548
293.377292643
373.290473709
321.954692501
153.023603372
210.563425216
91.1507271061
42.8158521904
215.41919729
64.6810141309
181.891372442
29.0495993915
359.321318135
286.205382852
117.700790948
277.883253876
408.810416578
430.399652048
259.75279716
211.182757184
101.593023638
225.300419199
122.503248973
303.091626954
324.855027767
67.1616976767
229.395161388
28.010692101
180.9026271
316.003882952
82.5847354742
129.007874543
450.043258403
217.07955228
340.809495733
400.593770024
285.484887258
38.3595189959
270.398564466
117.724660892
354.194872492
126.245955882
323.63361364
317.022633861
214.297138911
177.770261962
354.987625963
194.744517401
590.84310654
391.853692506
116.599753367
134.851485743
98.9617912229
357.451881994
261.164883931
367.199062398
201.938175111
427.415387394
52.9922659269
376.806815454
199.523321184
10.4602871281
249.400120024
67.1130786881
248.596275354
154.111963161
48.910586563
308.146340749
220.668720986
63.4213144126
157.454733783
243.17111306
175.672148965
562.845636456
70.8722395342
103.06323938
71.3795824189
721.900475364
186.431746
169.034732857
459.145352344
286.041598907
138.534548323
193.149489527
493.528233762
60.6607102982
191.870911026
160.092519223
213.866836691
421.247139584
236.095501222
233.351984247
777.464759497
143.946549093
279.303337209
179.509393478
265.266162261
242.236317308
161.603888155
510.347550224
429.055762332
369.074930763
223.839441342
101.613995086
236.205035591
501.154607335
164.22945131
230.207496407
47.2530994103
274.474301929
263.379469904
251.492805984
577.863760626
147.536355546
476.239370056
154.988240123
269.340654903
403.027946887
413.239441099
198.451995693
428.352124557
220.070136247
149.938481999
135.766214425
250.559548301
89.5749538635
196.327725685
123.669782979
208.075404587
178.626662056
317.280501925
382.335350469
235.730594092
361.639566658
375.485279351
24.5123868379
167.703325718
108.109443476
304.864127844
175.209887059
376.48720095
243.846407768
292.430352744
290.770980399
339.497446129
188.622263369
73.2610148079
299.062371032
537.341643426
99.2617732988
248.402041722
100.9295063
371.318392698
181.90649543
498.969344177
310.015696234
215.287218487
208.396542084
291.612083371
429.014426871
352.492496334
163.898620189
575.170140705
60.9494414621
101.936538953
404.721214512
182.035716692
278.821267377
70.3289890006
96.8282893105
418.78989211
289.101657491
415.541931247
350.567193666
47.6552930379
182.480280473
281.844594172
89.0346694982
155.671679285
118.18345028
256.478273573
447.856375302
218.339862148
206.563532006
291.814913656
315.338183894
514.120652722
368.754549849
278.27538204
315.905796423
66.66925614
616.317258485
365.826702349
455.760384371
198.392840317
300.198287354
259.499152572
148.282390198
53.2796338372
368.609907992
189.901026782
132.376818722
100.735293116
277.760924947
207.683557323
78.6605801146
183.129390873
68.8073404278
502.864835831
334.608030924
438.489951425
122.420374917
644.853070033
344.255812972
104.705490462
561.903514334
154.477585084
397.7460885
350.220741372
206.297297057
561.035528673
94.3305350826
64.8989724481
475.944308745
356.581433394
9.13633472143
450.187745499
268.808430765
148.224516662
287.006583234
151.394273565
275.75289361
134.443277483
146.751610086
207.513734845
261.979251526
497.192143116
63.9507743112
396.049266294
459.368849724
13.3337338
209.522917635
411.306176681
185.281835224
210.015491962
184.587068669
85.9898465817
141.524425712
180.619810145
226.462038822
229.508323264
355.651575713
450.98864464
72.581147372
373.049041349
354.860418765
309.298650852
772.255740677
113.882064894
327.689556519
46.8381143691
83.9845918603
407.945451641
230.779471291
415.237849832
239.819108639
228.385765193
411.478096295
122.853838145
200.190522696
171.50979601
242.717787958
311.475961705
373.595998322
500.456846639
155.483373296
328.197431858
352.404419314
325.958964699
101.679863236
290.096251847
376.529517592
386.43376392
326.93312757
183.914253302
178.60965445
282.075822793
341.350732823
251.96973089
371.569596543
270.939725037
375.277635986
464.489210531
555.444077111
335.129990022
197.939929953
254.069015946
313.269782732
483.302563322
362.636702488
55.6255225635
28.2295918877
309.196328311
192.333871668
188.882821028
231.999215018
283.089189765
230.517804839
50.4176027592
179.521886302
173.049905636
124.22779118
343.813322191
126.346344783
154.440244873
185.158534582
377.119203789
178.410011278
177.203049008
163.157321057
298.282633295
403.507315831
220.565682056
200.293734437
71.5010590917
135.602838333
267.800876932
270.054795689
183.681203074
114.99629951
104.768608624
433.892365634
152.784851411
82.7254163106
425.330478434
208.186510391
322.27413179
289.149847368
88.19215256
300.491020643
165.734892817
132.648611789
100.971639986
206.264054799
524.641468248
184.16080566
35.6387216857
65.2738408402
285.856102297
260.421436249
204.557579655
848.388609453
411.320877668
439.289863584
228.841186163
294.454379231
240.400147577
84.2941382751
187.846454079
302.060084011
221.40226832
148.708585751
267.627437447
40.387332823
119.355539612
310.676276671
131.252337671
308.608096617
391.85777632
325.116859437
380.794131629
181.657292223
308.696185395
385.195107968
417.109849351
387.679360695
187.263712325
243.566320577
217.598659699
67.8145071844
205.77974187
346.533303017
327.046473867
72.9564994166
279.201389633
246.095819123
148.121651799
205.131125314
117.365316371
169.864100714
256.196340852
296.081839551
403.457858269
217.142384495
223.04188189
274.731124818
336.977057948
162.770126384
432.770129405
298.317928777
137.167504976
168.066325362
265.533304381
336.630557476
158.487781493
87.8733513762
178.746110392
412.434675982
428.233396327
133.460953458
460.912040358
223.981351238
557.210854851
299.036185386
304.893900321
649.60439755
210.415400713
327.696957099
362.368517046
185.329517748
358.264686912
565.132066523
101.553579025
19.7577839845
369.399676851
113.059039194
346.849201339
280.67782966
66.2260307012
359.439881196
200.440162656
255.900883711
153.300651822
288.465953677
380.287634013
125.760959072
368.013288644
150.715784631
239.36209705
328.401710207
116.924632169
348.272160059
72.5341513558
263.932179478
190.479636751
205.734615372
124.630945918
267.281797807
688.691566689
402.042144867
14.1684503365
408.924723152
369.681390732
342.159024148
344.433677972
248.181407164
139.853151243
83.3504011209
68.1455179582
165.504629993
308.432478488
309.890213321
227.416535962
255.848445192
274.43208582
210.22164297
329.421967331
476.803758972
109.763714057
367.336661506
245.702029526
239.913215096
194.333118104
95.6554071889
261.58285291
467.181607918
236.711808681
407.419696197
229.903483032
217.053805052
217.978912573
321.976850741
58.7065703476
345.328330802
129.77268599
284.253626434
291.24707584
167.957589903
211.520828438
299.944947621
416.160430619
304.516138083
148.714876355
166.664135546
236.769040491
261.565343499
380.723926531
317.066008077
168.620603275
27.9028104518
105.449750232
81.7244647545
167.459517721
441.065241466
65.0831859037
349.735509156
167.385142804
150.584700108
436.012017205
383.544113434
72.1653222046
329.895005491
80.7966831943
194.732037339
294.990658049
28.5581031886
297.657167181
208.053087314
100.759175718
210.718277703
125.518660088
226.799697921
221.147128838
388.475310978
202.918827892
194.415513827
299.83047261
162.152915636
84.4647269059
210.393596191
433.954933546
195.727783466
236.178522369
265.752840732
291.600487944
95.9312073653
197.152564728
369.308464153
90.3490590161
439.227277489
41.4884217325
185.750686639
373.678003975
319.601227007
215.520836228
274.841031626
274.411256001
354.420131124
252.853215619
145.543159269
325.429527916
156.34839517
416.035719441
199.50563286
173.693739687
299.116197356
452.859924535
302.662254981
335.963854887
277.768138023
337.303012594
116.743826674
305.757892468
54.2960792038
157.792142274
315.545956134
218.740521897
311.900364451
322.460778283
301.573584186
495.571134315
69.5061474549
419.0379154
450.993274354
318.293139877
82.9916239134
199.190503012
108.590344058
169.922995593
82.2546248022
171.094050239
593.406855047
59.6724543191
40.4442350397
110.037373432
116.672207286
243.977191266
298.807900341
295.847362988
411.554371616
334.432729156
298.491356679
215.026757541
322.10156391
146.455567291
325.234211911
105.013326476
592.636689789
105.866599827
379.116600543
38.984660983
171.129258918
131.501465161
69.3538496308
369.908736654
87.5759242018
268.479073969
236.573965104
250.59410069
359.789892509
280.651735483
424.18814071
426.300066589
219.651855795
135.593907852
330.21588889
147.174739463
129.999906045
132.700132875
558.849668395
50.5838272241
171.473513444
437.464709687
53.2046887591
248.311128694
306.3934153
165.921469911
305.716530138
188.617219799
49.5672751624
396.348019987
41.5749595812
196.414426397
640.050257485
303.904625552
115.243110654
553.078986823
28.4058151732
336.398847297
168.493784839
581.572988633
132.894961868
70.1746273457
101.702387051
276.499278139
152.157590961
257.112016825
133.906320592
290.803609388
242.625715755
153.233359293
129.257197811
95.7112206336
296.236549142
359.051136663
263.915668171
320.0802681
185.200648728
244.240986933
368.420484747
163.550447457
298.484975364
120.235819344
229.684901733
132.217565942
132.261710634
225.676907981
140.037724336
130.381809498
86.3597251345
189.632974586
223.867135117
134.298702794
828.131405772
160.086749097
261.43565243
105.454691011
935.99455796
290.164192794
256.785464078
73.4362363313
358.424563841
305.481702035
378.963939286
272.863279839
228.768251935
216.405722276
15.4990700734
164.738087505
382.781153819
496.560709729
93.30071328
96.9636054085
79.6800503814
594.289529984
376.26890658
313.874291948
467.157977842
183.351792197
451.293780092
28.1285817946
183.607441648
200.031689101
347.724174824
130.984900125
207.810755627
337.066680755
438.36191203
299.145692537
397.791976318
35.2374877125
295.328751929
38.0768894121
100.618493777
143.564639572
114.600131572
206.251264866
169.13017761
126.575830946
386.171943878
81.3035550202
284.01379216
251.998758097
241.040596436
200.329396978
24.5556264063
481.711539005
346.503352624
269.730677508
112.265942343
239.916733553
304.555061852
400.621868471
390.20559697
288.598078615
271.515611502
373.093457189
289.574662888
11.4880233858
335.958169045
132.052932665
138.437553355
148.489802068
287.649422781
132.667500384
227.044418353
263.057512186
142.185957432
236.128374506
297.90791533
296.050021252
339.832978227
342.51066376
295.271269428
78.4223869297
299.501656488
231.906039756
398.380824316
207.074362349
252.593149582
96.7970098941
204.944211942
437.986055471
547.946143233
140.123570601
173.841777258
182.460896535
219.242142581
368.33142489
631.957790795
170.775726461
244.644225122
189.945232092
313.632358054
220.915586425
203.597319012
91.7007066561
250.20585405
204.420716762
227.362540247
149.489489693
277.381458343
564.787714619
226.302276442
213.591821081
291.45621867
290.849458691
192.304630223
420.460067877
71.4015616855
175.685128688
409.712191338
209.648208896
174.177032189
76.8400325907
295.424732597
493.494026049
445.453088673
199.744959777
178.838186787
163.362898177
143.747459949
84.6344170301
214.437846868
298.270093321
0.928163377791
108.548396196
346.537848384
259.128291417
232.856675727
104.908465835
447.202691224
167.791153505
856.82090865
153.460653407
132.466100978
125.460664524
457.293107547
251.089596038
146.292309455
250.035553896
271.046049733
407.193812192
89.9230267436
113.22774838
110.200708443
291.219926807
295.267669903
285.598555038
188.713488232
242.85925462
310.062307953
340.420656176
194.497891928
170.807239577
30.6692915571
160.369470295
213.290668456
101.061150038
40.58127621
181.947788805
167.590921737
105.372118295
259.116501246
259.770938899
281.219186472
190.47614631
104.211794784
690.089940995
143.979951813
206.350644836
452.350415991
266.648754963
479.933986285
292.014308609
202.415719487
47.7788584818
199.544721614
366.848936899
212.542693909
508.274868114
412.408099602
325.211095681
139.899688678
274.938736657
180.620642195
418.125456556
250.934890543
39.0623743391
293.475287943
420.775896082
82.9303302331
390.19669881
240.111013053
145.106936335
286.946420749
116.037375518
274.907261235
223.79265226
167.307618607
159.384859499
121.547821395
526.074818458
199.674724049
362.199179234
152.188789967
60.5483521249
205.156251571
346.747849013
485.692015368
345.744016362
43.3371516846
207.944966949
38.2054234481
62.6086762857
405.900873868
166.898912018
56.0607631862
158.767497936
235.33988483
85.5057992997
250.978134692
186.790673794
195.895314167
72.5261427759
490.439568259
493.024788198
375.485077118
153.708157511
90.1627058748
379.167288977
378.900969448
325.427203569
52.5499504096
137.583677178
589.630169443
273.321803296
161.559759241
84.8175305012
241.101699723
173.157690378
193.808656154
256.626411079
406.918180865
285.353298396
468.702406873
93.3175082747
314.517931449
377.063389065
161.070824262
120.440042116
136.81665379
185.137608303
248.633397349
337.588464941
214.052056729
120.385355108
120.414207188
84.016511609
144.974732944
65.9712482223
96.5089996508
367.168356579
153.3407609
98.4347668498
280.166120201
