2.2421117722
0.815339275179
2.30834658089
2.97395015021
1.83493557131
1.09359506112
1.94415699055
3.099265364
1.87203707586
0.784501869462
2.01348450067
2.82522726386
2.53110402189
3.12337197752
3.07671993658
1.1399508632
1.03277479129
0.942141924919
1.66183527732
0.138606375233
1.6087494641
2.84464459966
2.71807939747
3.04342133129
2.49418903262
0.223366401476
1.24430550423
1.56047211113
0.287638048932
2.49523555078
1.47707946402
1.48019609298
2.50399381735
1.89570621255
0.849616723223
1.0908907214
2.13030729601
0.72008238963
1.4152206976
0.977334851017
2.04076027765
1.09674009959
2.39693520142
2.15500441548
1.58900060139
2.36534741577
2.6092959698
2.48641307561
2.1518562956
2.03287692591
0.208557514428
2.60617077954
0.451470808359
2.20239757383
3.13031685587
2.95847916614
1.63657381449
1.78189695021
2.86427629397
2.95970131792
0.438911911148
2.85793349244
2.81534400852
2.71574658475
2.48800533677
1.35027223479
0.82909665458
1.76936230792
1.46978719648
3.13967875201
0.834653282325
2.16930294467
1.4327183436
0.137391773913
2.20066327661
1.71455424797
1.34915083122
0.653110352682
1.33488250414
0.732161087673
2.72683304663
0.838934980828
2.49857909697
2.45513049948
2.64209613818
0.784201001752
1.7423221764
0.312361598385
2.69396377182
0.167067371987
1.75495464086
0.310301448503
2.63167309611
2.77281975073
0.100581924603
1.03904108712
1.40924010055
2.84210058387
1.27088490154
1.04806773567
2.47905901394
0.681761025146
2.78652708031
2.08234022044
0.158615577448
2.55772193558
1.28755391524
3.07669993616
0.812329495395
2.06739519512
0.654613036158
0.585154226369
1.69489849045
1.44240989524
0.267929544434
2.73859634809
2.97050982362
2.67693198447
2.09795100066
2.8999861984
2.56031805441
1.78181707446
1.26457626122
2.79260571434
2.75106811564
2.89478140161
1.03779841323
1.17860435463
2.38820614086
3.11122565195
1.94762649837
0.0497232571081
2.57500043415
1.20741945455
0.572369109577
2.60337810687
0.385907670101
2.71469529703
0.988892447162
0.228727874008
2.79744343271
2.38842304235
1.69925446292
2.89519410914
1.26972682832
2.02910752843
2.61321459418
0.486319610982
2.98667562289
0.926323131065
2.77739122999
2.24925744175
2.31679392086
0.798734416222
1.26222185688
0.695423500044
0.182632308735
1.84384737567
2.90063835641
1.09292450286
0.0458371770888
2.21063273722
1.87131284516
2.01213877611
1.92210898507
2.52251092465
2.89477794547
1.91836530059
2.51173103726
0.153358485454
2.40187917635
2.201415277
2.21440844242
3.10841580224
1.25627057766
0.390679670681
0.492515320059
2.97681294483
0.312215080642
0.928599373008
2.22632811109
1.9116644044
3.14082743758
1.31863765967
3.01284552914
1.2342844862
1.21167272187
1.00254656256
0.534604555943
1.81916268362
0.853523635128
2.82219984203
1.64140789792
2.1752963164
2.4511083178
3.06886175688
2.93395495678
1.07524555195
0.97374037028
1.71917290967
2.76888773289
0.213103813599
2.24916292686
2.1953946213
1.23789183097
2.37800333304
1.9380843184
2.1779591954
2.73753613659
0.275220042806
0.429981028859
1.73516541835
1.93951740428
0.639488617833
0.0894317377922
2.42363290937
0.502251274491
1.6733948712
1.22722252543
1.39288034357
2.71586850692
1.97264308078
0.22149833767
2.59935469474
1.79204646664
2.27192241385
1.90085993589
3.10289139171
0.522559646479
2.29973125234
2.97291461893
1.11955755143
3.01494831305
2.42021255658
2.18603381559
2.99441332367
0.84045821577
1.17399516098
0.795834393323
1.67601966616
2.23350246667
1.43284772792
2.12600858008
2.97699338471
0.239527792036
0.0368607280337
1.52184964816
2.28835188931
0.245278352384
0.981123887533
2.87299324499
1.91773681415
1.43226845202
0.991921371484
2.25221004875
1.11747300077
2.1081630813
0.848899583727
0.0205358893651
2.99107025813
3.13173859967
1.90740862587
1.29320771669
2.52120132917
1.50928314634
2.20342706375
1.26839249764
0.279074497192
2.97508192396
3.04421316964
2.15801210598
2.75267269468
1.9442300615
0.242427392707
2.34982790906
3.06071573818
2.28687329904
0.616082404055
0.959572998223
0.0664561232421
2.98773533517
2.23874954168
0.668590653039
2.53950006986
1.361580629
0.360693356191
1.56721609692
2.62664284662
2.79678162452
3.0822713933
2.58877279911
1.32483860841
1.30251530921
2.6169025701
2.63911828672
1.62210320292
2.06262344519
0.728097916629
0.478495738738
1.65019518708
1.97400822468
0.134307809901
2.40827508465
3.01010058284
0.828432841783
0.00575945248237
1.982579209
2.31491350044
1.3497125353
1.95801220965
2.14326274584
2.78254484539
1.34356007476
0.579735481763
1.83628827554
0.664469716854
1.15715017707
2.98546266106
1.50277750522
0.235232328566
1.50224931086
2.25687915482
1.57598265428
2.48273590902
0.29928402241
2.15826283201
2.07561927895
0.916197434157
3.00687585572
0.573867432738
1.09766246969
2.70954783741
2.27671721588
1.96665395001
1.44158292855
0.77627334062
0.810599903372
2.63274383967
2.09604637489
3.10442448927
3.03086765575
1.91163822928
1.49976077651
0.447906913941
0.0861297876913
1.89211624974
1.26384069036
2.47414001863
3.0809545539
2.25991920934
0.818172834065
2.79355131871
2.10299769739
0.109317191824
1.50516745281
2.56547717003
3.00470861878
1.94369867994
2.90298397617
1.83996489189
2.09221200723
2.53361414156
1.81465363782
3.12797529839
1.28325137619
2.66449260351
1.88188809867
1.97119252124
0.836152013889
0.429152407892
0.804216445228
2.65957597029
2.76312749283
2.55186426114
0.935270277311
2.79715262266
2.55672981466
2.05003530791
0.350148088743
1.76695209246
0.582947992235
0.170054164801
3.01087651883
1.15670637297
0.456039284423
1.88209663475
2.58532376579
0.156583176678
3.05573252301
3.09943773428
1.7046539991
0.704373212545
0.268209558591
0.911403488342
0.732017507603
2.92193894689
0.479718041506
1.20467360887
2.25069337102
2.28622022089
2.13364942916
1.65411330185
2.31599064
3.11513829975
1.9368278184
0.827365131046
0.340990341667
0.51344389827
2.12654548267
2.47987745413
1.26680115831
2.76574668722
2.75960388633
1.77274915688
2.4449176026
1.02287868423
0.348349078619
0.341139531962
2.88255114202
3.06031860182
2.85349197152
1.71714760394
2.74268134415
0.702607530681
2.4385834315
1.44466183647
1.42511049775
1.82172841362
0.999630458116
1.9168802189
0.416391305659
3.03336538184
2.16416647833
1.53905644295
2.16055534746
3.13437682025
0.83014333893
1.87492843398
3.11124104046
2.957786466
0.433361465794
1.65296270473
3.10198970764
3.01554630756
2.83735620162
3.06360635668
1.50768831153
0.65630523735
0.671696926139
3.11264312139
0.570035898174
0.739646506456
1.66658841155
1.78567751316
2.80021834987
1.79632445786
2.9122225612
1.16582653977
2.29164979727
2.60205874243
0.205117593892
0.177122983392
1.69093176755
0.593370231546
2.58919695975
0.0375654825305
2.74129617101
3.02412833636
0.918391602642
0.351636370829
1.30102509756
0.792946592897
2.29710871986
1.69772100704
1.92158236675
2.75345874039
2.36691297671
2.46933602503
0.854955682573
2.23651982552
1.14797575539
1.11345220808
0.357204174071
0.30487903087
1.81943310568
2.74348616235
0.429296880968
2.7339298571
2.83048837912
2.48922438676
0.936251123823
2.00653509961
2.63417169398
1.53448338882
0.718530810659
2.76435554636
1.25174605139
1.64947790921
0.556315820119
2.06687112043
1.42396605354
1.08689943848
1.89374137754
1.23208210935
1.01759173298
0.0891933247398
1.39267036881
2.88381836381
1.82533212071
3.10647097062
1.53287250732
3.05170864479
0.357376157608
0.810889908496
3.0585681471
2.50810650291
2.17411000848
0.584384510365
2.70667763454
1.61390154645
3.05492965921
0.432283742269
2.53037697731
1.62377463297
2.37231052331
2.5362526616
2.2199265492
0.997577855805
0.129377900596
0.716756475126
2.27181017751
2.95060246759
1.37915450408
1.45550972639
0.946687042034
1.35195312087
0.15257702946
2.53646094993
0.339654768483
2.8536136665
1.0816686622
0.234341745008
0.461446839712
2.72028338542
2.24168104175
1.227373172
1.85459120129
0.57159154862
1.03933480864
0.316283726631
2.00797167939
1.18569917879
1.73923445002
1.08402831699
2.42276259607
2.74679081432
2.19542895582
1.32262204539
1.72866908793
2.88633849013
0.12316690425
2.40689349205
0.0947784192985
2.25877788441
0.367919539528
1.86232326925
2.14392565913
2.08788688016
2.11838200974
0.912829092423
0.354623899371
0.461986989644
0.50465179676
1.63461852885
3.0816270513
0.466762484539
2.99748025322
2.85380645746
3.04258912387
1.69433629828
2.84174089428
0.0146741234625
2.95707154497
0.662334487558
2.90607374937
1.74131827847
1.79154584669
0.77580629623
2.16738893557
1.0504634559
2.48565415067
0.16845605009
0.175885976607
2.188812099
2.81399129703
2.68196326301
2.37035420285
2.73902637875
2.7521920121
1.01897364357
1.53326571809
2.1622990372
1.58519515986
2.55967187102
0.906348979709
0.173244174549
1.26664181941
2.79444646244
1.88150313546
2.1598505543
2.46862252112
2.01636434315
0.128138378294
0.580131264628
0.920288159203
1.69158092503
2.39235185837
2.63692348448
1.61047420012
0.982719244231
2.03210708806
2.9022981952
2.93867797665
1.94658913753
0.640205365248
2.87508611155
0.867674267194
2.65163835056
0.526390115491
2.29656663804
0.985171681378
0.19806089763
1.1458746401
1.43362059458
0.336189110889
2.77110172405
2.92857737914
2.68292784512
2.44910409887
0.984395448622
1.27863268491
0.654806440264
1.85404532618
0.344892538375
2.96407557815
2.9749957879
1.8168949064
0.216395282135
2.52592764496
2.52677492592
1.98762949174
1.01683055842
0.678282931959
2.83901713366
0.591911831044
0.375841477726
2.48339747494
2.94972606379
2.9419983472
0.248187156414
0.410915693677
2.34089583993
2.82273508816
0.153790624095
2.16563878005
1.68338431886
3.06884857772
2.27616317933
2.94358497211
1.13138363846
2.84275795545
1.90797244911
0.850233615971
2.14806942346
0.665085598597
1.49780657757
1.04522271201
1.95614493084
2.08449628908
0.0611185051183
1.65093223099
2.84415066861
1.0190344583
2.76069657793
0.209049790754
0.993073889128
1.21308221995
0.0749168970647
1.88798122633
1.4925337005
1.78883235107
1.80535742532
2.83650704131
2.33999235703
1.73578295164
2.57699755474
2.79380554039
1.62015710716
1.53714626629
1.86903299433
0.803054362765
2.08660464089
2.06162727919
2.4857920392
1.35764058105
3.12260838034
0.279740768772
2.98080500791
2.94707990339
0.520561568333
0.177440837528
2.00098567589
0.107927672641
0.0195506411204
2.256747149
1.90607364571
1.15411125261
1.92425209493
2.25734478476
2.89200687221
2.89100965407
2.77393415779
1.41549457033
2.82154564219
0.621762921025
2.35275843193
1.57144225349
3.09135742284
3.08163168505
2.05069196692
1.89699211176
2.20401809758
2.54154623782
1.14521992866
2.377156757
0.891580702997
1.16321841301
0.805949487047
2.57546079582
2.86006553546
0.93726089796
2.8819244979
2.00539959325
1.91944725334
2.29470746611
2.57690502106
2.99489230604
1.74538233162
0.781934561768
2.93807581053
1.09733715713
0.382970021748
1.32922962105
1.1974798872
2.1237795352
2.31439568746
1.34423513908
1.41260392165
1.28911907356
0.112972087872
2.26522221608
0.924680112048
2.72249772018
0.739195942424
1.97558601283
2.44648814448
2.23902729439
0.181314415526
0.739498913784
1.77890486793
0.509570429793
1.09187709643
2.10082370873
1.94468069746
0.643469467866
1.85600628014
0.894301653829
2.78164974841
1.52503390097
2.45543104703
2.80415614208
1.88655434246
1.1045558748
2.87810589689
1.11165724669
2.26239566346
0.626445422139
1.33416770608
0.609253767754
2.36036682178
1.61366810276
1.11625728813
0.749534465567
0.605732775643
1.38382263509
1.20624549071
2.2457108715
2.8735775588
2.82714547865
2.46188322833
3.00381509299
0.595528079609
2.56690049577
1.8554853151
2.69731164004
1.45068404641
2.98623446231
2.65507666834
3.06114631537
0.799969843018
1.82847243303
1.7543811498
2.92615426254
2.17863173133
2.99662951257
2.43394573917
0.917749105319
1.26766723373
2.34536720801
2.13099211476
2.22846141287
0.49716665923
2.29204221782
3.04534304204
1.67552403571
0.189655294846
1.94066673715
1.88682655222
2.2891178429
1.31552511669
1.37507836519
0.903638450851
2.6792967802
2.04840040127
3.08464024533
2.83562861028
3.0721189443
0.764646115913
2.97215481607
2.81033487606
2.86167126053
1.12000364257
2.13219101843
2.70231355029
2.70233154086
0.677137061689
3.07144426026
1.381891701
2.25791346277
1.32181571438
2.65811847496
0.176552260512
1.32253486767
3.01754439732
2.67859313238
0.208915256759
1.92996152763
0.220991584398
0.902504841399
2.26012518926
0.83298169578
2.90335895578
1.93924808417
2.25321864449
2.73232028166
1.46918003998
2.48992590192
0.441351307781
0.204465660079
2.49417197491
0.458692495144
1.54703241188
1.79576618055
0.772942356139
0.948432245513
1.05944536668
2.47207405758
2.1785991928
0.0778778859202
2.06935545148
0.452696660722
2.37478205132
1.41360280614
2.44667558075
0.3429154636
0.977185942789
2.33875662604
0.807981557673
2.9275941912
2.98415510643
1.48301737075
0.203383716597
1.96012680779
3.04924895143
0.507463709619
0.809502157052
2.88133832311
1.0271638836
0.0271402407229
1.23810044674
1.34398368545
1.44449860302
1.33217450653
2.65263806829
0.914959736276
2.92322523867
2.74190518475
3.00313380477
2.11646522225
2.79865292616
1.69991711151
2.99836764626
1.00941009199
1.49550607925
1.91270413804
2.31069014475
2.71836662469
0.95367274438
2.67120286718
2.92438278328
2.32174104584
0.464576050693
0.417744745195
0.623097066061
1.7016964884
2.94434213641
1.30239403055
1.66917471618
2.96953612382
2.2874333583
3.05300713306
2.46562842905
0.693274686495
2.07730789193
2.07584268347
2.9125947236
1.99734663804
0.623191022418
1.92246523504
1.86637032696
2.53377714607
2.50263220125
3.0916931785
1.01799602134
1.33967592216
3.06865364832
2.68918262737
1.11300804864
0.80135660751
1.4316463738
0.382281022484
1.47871237322
0.213778616804
1.57748519721
2.77289275502
0.286708267088
1.79854731012
3.12623558751
0.17863653052
0.97022630084
2.30192771834
0.922122945244
1.419990921
3.12695604205
1.19963653232
1.15582670594
2.01584079002
2.62138456531
0.669624022347
2.08743571546
1.3764008301
2.32252299834
2.93820245101
2.68697489775
0.251951155581
0.952198179277
2.80164466967
0.506327920665
2.41655118625
0.265131431483
2.28897416174
2.52769859723
0.909719096834
2.62486287164
1.46842757035
0.370137579035
0.530704850116
1.39942754563
2.42185332887
2.2019401993
2.57702945779
2.65888471334
1.1566637219
1.12437053078
2.11432927613
0.41423776943
2.56897641629
0.41035756359
2.32913512756
1.82724446452
2.9628875108
2.23418496234
2.23864990212
1.2869890825
1.10578331068
1.09066313053
3.05824482972
2.1197054332
2.95264192039
2.61309173241
2.25963218141
0.863063802176
0.264839195223
1.63747110589
1.43573360703
0.525765874465
0.33675201752
2.32104112032
0.921538764467
1.22016571359
0.297513065053
0.143704006384
0.0564668617337
1.49995022736
2.97600175444
2.99734907483
1.79924188408
2.3477349342
3.13220762848
2.39932061967
1.30160997552
1.72633355143
0.470608091207
1.79433057972
1.95485111876
3.10059474953
1.87714846668
2.40734279706
2.35435068996
0.996211023321
0.416445761083
0.611476516386
3.00508102416
2.47327514022
2.37164811335
2.6716199145
2.64395004666
2.59280355406
1.46470530158
2.85903160403
2.93632795328
2.80685175212
0.231214443411
0.0709961945312
1.73702092754
2.01748888098
0.456658837292
0.134482014693
2.41358292232
1.51856008413
1.70678577772
2.04983236232
1.63982459262
1.89613123658
0.610711586489
1.92331639419
2.78788223332
1.31312617948
2.72959699062
1.26626626931
2.44703726069
1.87365096644
2.65522382108
1.96076311603
0.215318884828
2.87736169698
1.99670154883
2.99998035271
2.95916790069
0.852045225616
0.796846260686
0.782978583595
0.461791138002
2.3892380183
0.966819697664
0.235947958619
1.1804576083
1.57558842412
2.50559615937
2.46637275156
2.83580766644
0.756728984814
3.1318853948
0.4375028634
2.00993283415
2.04673908917
2.46514138244
1.87303132031
2.50609452617
2.80236377942
1.13708417321
1.67788057557
0.670616330762
1.39549328699
2.10570389094
0.290850936557
1.58994986114
0.694926345191
3.00984481311
0.225276979171
2.21988188957
2.57310892711
1.11832943573
1.79498841721
1.81344811333
2.68599782637
2.63584285412
0.0527309469526
2.08628696256
2.144069046
2.44268501122
2.79872382086
2.03124037489
2.29448321699
2.51548018163
3.01474302445
1.45198777376
2.1496359353
2.23423657984
0.90753318022
3.06662066799
2.52521105826
2.23506473049
1.89824537681
0.995924703803
1.29879255172
1.4300124615
0.630727511197
0.742558048954
2.06065329972
0.456099030925
0.51675488721
1.67457776237
1.13017124216
3.09729842432
0.184806316918
2.43456838074
0.00381954146778
1.08837123454
3.03469781393
0.414428001656
2.62780097967
2.92372033561
0.146637941643
1.78156204526
2.03410466937
2.50395232686
2.68724436062
1.2875805206
0.308355307217
2.35163091947
0.333472365673
2.95258128543
2.06370188579
0.394913893654
3.05577378412
0.29479255084
2.19433135587
0.477537410408
2.14611916285
0.691121517887
2.86417711112
1.61961980171
0.484764159168
2.68781340816
3.05870780699
0.0872047201729
0.425119319097
0.574493622069
2.89128664623
1.45576286144
1.56812183267
2.0218091184
2.2860200638
2.22527464929
1.83085184788
2.29752867784
0.766375352111
2.88121246039
1.95659747208
2.53631936895
2.76087862392
0.768522556597
3.13120633136
1.02347943487
0.771814030827
0.771797647124
2.71977913408
0.164780541222
3.05146647014
1.02437088446
0.123992043515
2.59721588666
0.240537809546
2.48635284724
2.85768583298
3.09628300271
0.447419546519
2.90533949269
0.648446651235
1.7769759202
2.99539664614
3.07791609464
0.633305667757
1.54570444767
2.33699346785
2.41249553939
1.6494768037
2.56407812503
1.42590927984
2.57788752574
1.8964070303
1.00252688046
1.00906557638
1.45264667135
1.29057302136
0.255215607407
0.716867760644
2.35186239212
2.45724853918
1.95377646046
1.87012115655
1.84797928123
0.962789875003
3.05736771261
1.52847174473
2.10678152005
2.35543580164
0.653004469409
2.88883020249
1.08340690896
0.743196368247
1.90324764948
1.25207238891
2.63232692832
1.13222151818
0.0358899054659
2.97594073523
3.03398483655
2.96249340949
3.07093447107
0.541545768837
0.559886032242
0.781527517847
2.68927134618
1.15315459008
2.68820056859
0.837255789904
1.70747165618
1.43028503343
0.719320564465
0.930815474463
0.90899163362
1.49071164523
0.282615734412
1.81655734116
2.33744524515
1.27910437367
0.574712011932
0.667022118799
1.91353709516
1.02046375759
1.86318112787
1.93964450605
2.29678284204
0.653764708533
2.04495916594
1.13188232214
0.462694220219
2.52433943877
1.04225128953
2.17420366099
1.37305781881
0.235316897742
0.852726218368
2.50753183519
0.878145604705
0.148622918276
1.18598619682
1.75018390499
2.06543547438
1.66976711083
2.58907006713
2.90668895709
0.151669086407
2.15172651492
0.52877645111
2.13678156816
0.598722156931
2.11648144773
1.27311348818
1.08341446681
2.75965497581
1.78056211298
1.48649139109
2.27259093858
1.60388472364
0.736320419728
0.880521213752
1.3404091871
0.857068007309
0.271882365777
0.325678295397
0.32934576791
1.88988484955
0.500875410352
3.03031398858
2.11224080585
2.16656177746
1.20495386706
2.10909692413
2.73526494285
2.10809320263
0.884571806942
2.25279915934
0.989665570282
0.764107341663
2.93745217652
2.94362259572
1.79969864179
0.428926753474
2.26974069399
2.2759813615
0.061130107349
2.94463443095
1.9226892929
0.838759370855
0.042839499249
0.063637556189
1.26282378178
1.20882027915
1.31616897269
0.569178405002
2.00128270737
0.797777423881
3.05967773385
1.06210985917
0.566490683082
2.23416443297
0.43413914264
0.248753256977
1.90572848864
2.50854781887
2.91070211306
0.730021058649
1.08461401731
0.7117456876
3.04655535912
0.303161041452
2.77125894603
0.327414376684
3.09485750875
2.63862747328
2.59555801901
2.96006528238
0.949104820104
2.28528652268
2.36351372399
0.714718988398
2.93951577976
0.594542693651
1.78831406873
1.18681899368
2.2667330466
3.00204818518
2.73596170087
2.80991276531
0.947238418785
1.04431841517
2.91830903511
2.29044008332
1.87817258069
0.729572450348
1.13703242444
0.521600340061
0.170834979707
0.719209891887
2.32769585801
1.00970373808
1.10480064197
2.3703448656
1.09824285912
2.22113539766
2.3782604136
0.0166153791676
0.0973150401527
3.06565049363
1.34233389143
1.70084577459
2.45487535197
2.2460064388
2.30101272463
0.332334207834
0.469654563766
0.152459663818
0.870430326792
0.477149795514
2.23631919585
0.522978273769
2.13657298895
1.99642175098
2.64021014829
2.89277624617
2.77416919004
1.00227425625
2.77820404061
2.3264206881
1.34649183033
2.42916490243
1.40466822665
2.57226043386
2.26511101134
1.96021232068
0.703483671679
1.71219043188
2.72314356832
1.99367424953
1.00808239705
2.50969049264
2.59478617583
0.731462573519
2.24074355763
2.40012397593
2.19578386157
2.8407365059
0.846164340549
0.248345850895
3.03685197768
2.86223862957
3.01174728474
0.286211547392
0.692590955607
1.06873626003
1.91749169251
2.95620033303
3.06335682216
1.16084439436
0.446292078848
0.0832844765996
0.280941508903
1.79551610436
2.95468074752
2.72730785032
2.2396249345
0.115261652911
0.306388227338
1.02354173733
1.13258263463
0.276091569022
1.94624906589
2.26222417735
3.06671712373
1.70433850823
2.49679611402
2.19464655408
2.31729904656
2.38282220461
2.83791196587
2.6019610741
1.91884440301
0.827980861553
2.36902479362
2.92861502113
2.44005109648
2.60278844025
1.17753864452
2.91608337136
2.09009238724
3.11184514826
2.85716736148
1.61871401314
1.47291297591
3.00332389288
0.990678699777
0.521884431639
0.588873832206
0.635572072764
3.09758199524
2.10534922263
2.10166943081
0.558768909536
1.71967136327
2.8245226635
2.83341110504
2.40447165648
2.94839226573
1.77997768803
0.153660204052
1.86039278781
3.12898420136
2.39844918016
0.0817951265365
2.53306615528
0.357064440274
1.17140050814
0.494352319797
1.10022259699
0.91354621589
2.15110275577
0.168521422507
2.98819289946
1.2860303474
2.02678811948
1.52637268428
2.81832166014
0.266775839285
2.94680968191
2.10769238928
3.11689722277
0.337356075535
2.6803510373
2.62770656491
2.85973456766
1.72411404104
3.12336548306
0.66306382081
2.38162412021
0.219956689972
0.439251927642
2.69581500958
1.5166825735
2.45527237253
0.683516976132
3.07397423182
1.27374454106
2.67741881321
1.04153382996
0.150980578123
2.86369052941
1.96281476789
2.80982115685
1.08578068947
2.88577578238
1.53667742385
0.6554245252
0.0592808568149
0.665312253467
1.38409285192
2.01538725352
0.48596823087
2.96303156416
2.39942372317
2.82000981434
2.83998581742
1.2439935066
1.12401812636
1.4388872692
2.50699907769
0.862100942547
0.453451263461
1.75915438731
1.06589371031
1.24798294835
1.95805258526
1.20765791788
2.85902962284
2.02089137999
3.03960205536
0.66474700295
2.42764545314
1.40213793994
2.63037519691
1.12012229345
2.99957088031
2.99180159293
2.9204370411
2.40972072219
2.78768856375
1.89812253796
1.03678857066
1.61901399311
0.161127847688
0.904873799042
3.10426448307
2.9893127068
0.251608991428
1.89489002092
2.83810148605
2.15072605632
1.96952278539
1.85991669052
2.39351146588
0.726803078897
1.98493822012
0.533415706854
2.09735608923
0.441328457016
0.170523065042
0.371850916655
0.813238901283
2.64555404066
1.24170666162
2.52459781516
1.0652688066
3.01021651617
0.694642112339
0.163027513345
2.47129166792
1.59002696342
3.01578338566
1.77255678901
1.90141214472
1.43236906791
1.65692112812
2.2427798843
1.91618832523
1.77020101323
3.05079398579
1.84559578752
1.29219553954
1.95922146292
0.804889557137
2.24182516463
2.65832446627
1.96562314306
0.108511303852
0.33678259983
2.67878974244
3.11039211599
2.92614298662
1.66728369188
0.315623810337
0.476869319911
2.08189753225
2.25319744825
1.64580133046
3.04496968951
2.03243091694
0.441017183494
1.7995509961
1.71101233202
1.55330358716
1.91019851834
2.90332302339
0.80001071782
1.96577627871
0.752170203806
2.70413372263
2.81530643663
2.70138468197
2.81179728474
0.786404545387
1.75154846185
2.95493037786
1.05603722019
0.444544003143
2.27579535489
0.640505208358
0.231777003807
0.245968230255
0.549791875527
0.101674260273
2.83743407495
0.255651481037
1.70145278185
1.01637677483
1.70264299024
0.318200978529
1.0583823649
2.33562886226
2.59088742722
2.28984378373
0.205466051368
2.83889397921
2.32170014048
0.194817595097
3.11843771383
0.183573744099
1.99943789853
0.156623426949
0.0731050792072
2.28839015616
2.99364647183
0.823884389984
0.627763229966
2.16954335719
0.988905562096
1.9104622136
2.31414680461
0.591512068126
0.17572522102
2.67623401909
1.70775931515
2.59455397665
0.604386121127
1.04425281255
0.740583705341
1.50794020312
1.23416025376
1.61378167644
2.70570426095
0.827232759088
0.476221951617
2.22970871285
2.56731782615
0.933964256476
1.20627284272
0.429296641202
0.458881712985
2.67634847551
0.538180678392
0.0638083252789
2.28514132854
2.1940667048
2.39625635149
2.37191364062
2.99075937811
2.38092653842
0.675964728441
2.42934946458
2.95801136517
1.44476711881
1.25044370203
2.47941409186
2.28102997229
3.08599169683
2.21710709035
2.05820080438
3.0603397521
0.927165478464
2.34785211209
2.19702814309
2.91061168294
2.85543949669
2.47331887788
2.62557871692
2.45924700234
1.91736386583
3.00727427004
2.67741003747
1.49327106399
0.329833078261
2.89024361637
1.64252291519
0.204710245864
0.310119748385
2.87986631142
1.19547959209
2.80802208452
0.640647539289
0.976249533072
3.00904676338
1.19815857372
2.98600710819
0.51303806695
3.0803578078
2.74415310088
0.957805152241
1.30221037648
1.57891383618
2.83931639426
0.369498985326
2.90875412595
1.89954079536
1.56245703445
2.54053570464
1.21853162159
2.96193374957
0.408843733025
1.44011077874
2.01509548218
0.996183203303
2.39501071435
2.99263672052
2.73022525796
1.21873230321
0.661257980239
2.75861749636
2.41053913242
1.68855929288
2.55050282444
0.940434067768
2.94821727483
1.02607315831
2.76565063318
2.1655662417
1.62829638246
1.1748677564
0.203527873672
2.56725254366
2.87774543619
0.328324637123
1.58193540238
2.87016873527
1.00036837069
2.47189404394
1.1307160574
2.00751051745
1.60316807218
3.00194580408
0.0749815712323
1.27765932118
2.10647373496
0.865580382945
0.795953946291
1.4383526881
2.4680718577
3.04798239172
2.35506302671
1.44117339421
2.46306974584
0.179007790003
2.96355909517
3.03573760289
0.278133457909
0.3142245023
2.76949811307
2.53545763833
2.73068967629
1.17600223008
3.09866632787
0.353742767977
2.59634571704
0.591787571701
1.14956842578
0.229419430473
0.331998959465
0.904786772539
3.08088768819
2.59710498937
1.7849249966
1.03774974027
1.27642680048
0.952645328871
3.02657285692
0.346334992375
1.01270870627
0.447816415066
2.766992555
2.78486392976
0.140737556407
1.65873842425
1.73110838122
1.00310859779
2.178539124
2.94420379979
1.87270374446
1.9611077164
1.72878750631
1.33327369966
0.875576026344
2.18187747755
0.62159272626
1.68954068843
2.96610219882
1.18722135239
0.848741881638
0.0928946191051
1.46596152833
0.863465373663
2.61606456987
2.59197379435
0.000541672401872
2.23062794893
0.597161550117
2.9505193569
2.37574636207
1.99977352195
2.92069991451
0.345945798988
1.47675458675
2.52336353799
3.07503309815
0.781074365965
0.778256444836
0.357193987588
3.09475413388
1.8033492555
0.957594045479
2.8914107161
0.682445015221
2.27498010355
0.950587213174
3.07147813456
1.43397901033
1.8410090027
1.7136326368
1.90884220382
0.608414720702
0.583526050401
1.29606475536
0.0085790143188
0.300355136354
2.44000847621
1.20952150288
1.77866434175
0.598850911888
0.119131637614
3.06110890052
0.909445480958
2.81451242987
2.99030074415
1.47410216862
1.67346395009
2.16450714502
0.70220843786
1.00244044123
2.25163911983
0.454541592488
1.67325096103
2.39422284795
1.78887801577
3.06900086335
1.72214043538
2.57944948475
2.59759229937
1.61058955705
2.6015515702
1.06516263688
0.836310155826
1.42688626241
1.73385157426
1.85787283989
1.18159736544
2.99485963376
3.09369559557
2.2431729631
1.52819562214
3.04011904433
0.963483247229
2.23215432608
2.62310663636
0.798427374506
1.20691578399
1.37723246861
2.82335469057
1.88023244408
0.675789748248
2.90862078054
2.81485397155
0.388650173258
2.827881228
2.19243812377
2.08931064112
2.7588945735
2.54495583433
2.95725651741
2.02523139819
1.10968725262
1.64398564582
2.83529535182
1.06236922861
1.16468660807
0.177212491265
2.5418809772
2.078912708
2.68307328165
1.88281896474
1.34341658745
1.95034008662
2.5945516806
0.695733097031
2.353029291
1.81184418334
2.54586425447
0.329511207035
2.76669053754
1.6911456084
0.072297692191
1.80949810095
2.52459120342
1.55314935454
1.91733029496
0.969108774144
2.45168678812
0.463218616952
0.397302972699
3.12875576529
1.43216701729
1.91988735648
2.26945508044
2.60735736078
2.80690282213
0.301415717855
1.80244889339
1.2495896182
2.20199659281
2.2116072264
2.19369326661
2.3050507248
2.75443344003
2.31093356386
1.82575219745
2.99510776714
0.28184737518
0.4128614931
1.85519994903
1.40717863902
2.59848484893
0.0818541079905
0.16683488158
2.70172019814
3.00501692172
2.60232059668
2.14778087035
2.35159359966
2.28051554514
0.0474794873955
1.01278979176
2.97409132006
3.05343888951
0.277094311194
1.76894616849
3.06997955308
2.07472071939
2.63395226948
2.05104551252
0.984479489059
2.36841607959
1.35106364616
1.77660116925
1.75992701132
0.341653556941
0.185332448999
0.493984821874
0.00903007532281
0.475135221485
2.85695918648
0.815317860236
1.24872578689
1.6548752289
1.73241172137
2.72988631964
2.19300931178
0.040102645547
2.75734270733
2.5285779057
2.637740624
1.13179234823
0.110905844507
2.61767693512
0.929956747717
2.9781787532
2.13285489816
2.78303302101
0.737637306905
2.40811261871
0.173105557178
1.99317603462
2.22026261973
2.68898479098
0.658463747629
2.08867482965
2.71958834579
1.38964737404
2.63604551259
1.05409536902
1.95673566015
2.07793451335
1.52903691832
3.09028043697
0.818284673578
2.58165395334
2.75571035552
2.76993482046
2.89129280474
3.07753814926
2.0608287417
3.09732480182
2.76971112949
0.85079469005
3.12637121694
2.51266270924
1.10901080651
2.95640448494
1.30349688383
0.095786864279
3.13276257482
1.56328571673
1.25525316884
2.25409947828
1.06234319213
2.59205017702
2.35853321989
0.728535296655
2.21624220824
2.91681293429
2.23076721562
0.199226372916
1.07721889779
0.790441437414
0.319125755256
2.10965442903
0.831113145004
1.12713777199
0.60012355244
2.73977827939
1.98879696638
0.472988050869
0.884661075351
1.39697305412
1.99209143587
1.13776722609
2.63459149533
1.38255822417
2.61454529103
1.12650673857
2.52713632861
1.3329915369
3.00121036835
0.153095053856
1.20271577473
2.25838175057
2.84901726425
2.03852950151
2.5669257302
1.57550077766
0.615284879225
3.08689319189
1.59378616422
1.04649511522
1.48638454679
1.57800862438
2.76551937474
3.05698611401
1.12649670866
2.67676506249
1.17806291284
1.5399773527
1.87422683536
0.395325365284
1.81747871336
2.39011997674
0.477875679457
0.140320652265
3.00640201637
1.77860170411
0.584264135769
1.32225481272
3.11369653581
1.721010429
1.24168892927
2.62764736538
2.76450725585
2.45468810421
1.66957467477
1.20620775326
2.0683325444
2.25332568629
2.95211693126
2.66465321292
3.11962776592
0.442307103051
3.06505937899
0.700804864641
0.577488222974
0.558291181903
2.29717335711
2.61487698079
1.32707907271
3.09476984696
1.45646846825
2.62707319714
2.02348806421
2.74087399822
1.67931407783
0.804614138671
2.28929055291
2.94521378435
1.53849824093
2.90628843425
1.19629221898
0.709302978752
2.79384360725
0.691088398071
2.72046741496
2.35062113384
3.10088006413
1.86426733567
2.00455060105
0.957781477576
0.910753779516
2.55660544634
3.05046079899
1.47817649486
2.92732879039
3.12363835104
1.34511567871
0.0791031386415
0.481082916213
0.107317161039
1.33535839812
0.134305002014
2.13418923664
2.60396124242
0.209926407461
0.655813023563
3.13049055465
2.48986769041
0.829735708689
0.80093981408
1.9575207459
0.647071824596
1.54990065681
1.00295305837
2.61064534958
1.40243858519
2.48323392027
2.06908083654
0.273408182576
2.82399913338
0.746522199843
0.371735421301
1.88921834754
0.151297050333
2.19774180781
2.57795007838
1.82964008981
1.64253264271
1.9894258493
2.53855702013
2.68506543026
0.266239227304
2.67329356754
1.58793041104
2.73110869588
3.05710315385
0.683821215748
2.5414845492
1.31609520841
2.87900617762
0.448123276912
2.66612375041
0.483942172295
1.86283349872
1.85076335045
0.772239318299
1.15255255642
0.559271897383
1.82699456354
2.73966343462
2.05273846189
1.79413048159
1.16643789679
1.92384350111
3.04235549096
0.400031081819
2.80979275533
2.8912912479
1.90928600796
1.70247697107
1.13309209597
0.989912989157
0.969065328659
1.96132591191
2.48422941472
0.887929941674
0.0596838984713
2.244602485
2.47439753383
1.28236428392
3.11354733986
2.47403802634
0.297583815953
2.21780557017
3.09580712734
1.81402373636
0.727169436189
0.993630461192
0.500884288735
3.06484903857
0.506050994138
2.30938768993
2.27063910673
1.54829417258
0.0290156295909
1.61362979947
1.47775103501
3.08213968418
2.38024257284
2.59726985584
1.71931246184
2.98893833438
0.0666578316892
1.16461634751
2.02518847708
1.20762938878
1.53892026682
2.68102423418
2.53250308807
0.37414951876
2.51180419419
2.36207340794
1.31326721057
1.89123409493
2.02118295248
1.47572921893
0.918086344261
1.77253233729
0.354690556003
2.35953645468
0.624800662215
