124.243252754
142.031882737
411.604451889
241.769505782
56.5877255241
142.352027748
151.896370905
138.089113666
234.17725054
35.0082088752
584.254970211
32.4479437523
174.96167314
130.572472076
56.9250912197
113.764949094
77.5532432938
363.194618798
122.944255708
223.998174517
390.216568232
124.493217136
81.102223376
250.891184925
57.4510447181
166.522537069
93.2992133057
593.629479985
87.4518997032
121.102197738
217.201669875
171.83910333
809.283763399
284.49064212
312.97026579
67.3584652429
92.603558913
128.582303603
125.664514776
42.6492443573
146.023945068
79.5762079937
305.874104216
278.669115033
298.816114961
236.145634543
46.1029054558
191.219757324
96.8238935251
237.308816473
39.2802529965
320.079065507
44.2556253606
49.2232054433
93.0187618271
170.713743365
47.0056668781
521.705958457
286.963467211
292.96930523
129.384460118
186.315913663
70.2449185539
72.3746014053
418.441531903
120.229091533
104.187620198
273.686120555
197.591928199
96.3146712876
252.891352099
227.456395196
101.728365691
95.4177301107
512.58441656
54.5265985112
841.95397304
183.959495742
124.179279001
119.902312713
103.043323585
180.927573706
867.524904776
78.0570233795
149.81015029
143.151712388
95.2205150722
436.115648282
77.4804373268
505.391932509
57.8263352135
111.874827286
71.4117734494
126.034060393
164.355540984
56.4324012228
49.8561496351
173.581946528
425.590762343
160.06101138
309.05803057
128.888096987
172.292093584
150.00788347
111.311073174
211.625332708
581.074537545
185.20083134
256.661127656
39.1640951031
304.348866395
281.026216778
187.505363569
175.766945794
59.7149892191
75.8895497747
368.036656941
54.1945772875
151.996956307
193.592009333
326.53779085
94.5426846988
61.8295843977
313.941965507
414.275108092
374.236156916
180.840775866
182.712212384
386.162759788
87.5970268635
2100.06665306
145.602650146
149.330626467
394.249464955
279.578687458
119.675342335
61.0007230051
62.4135454471
168.336225241
282.630149949
125.875757129
380.128918354
237.035744404
156.233592568
148.90885892
219.329834427
274.360529886
243.577324201
156.504659056
275.797101005
527.799516272
96.9094237121
330.973341277
408.335823245
67.028488022
48.2753265229
71.2771348071
65.6474360281
193.82163644
87.4196260633
455.242382409
251.366985699
221.278293689
126.111496678
65.4113173704
175.659523824
71.3800431795
459.505373982
101.92565913
111.997130866
86.2192880679
843.673189331
162.49329623
81.5151827128
530.479624819
329.610361029
59.7774368193
170.785764145
137.540847142
135.719481886
365.261387391
61.7272333587
238.05262612
299.808140657
119.266971422
224.653279686
85.9243323396
116.050592464
80.5959837658
224.812684252
100.831627055
219.022340105
208.366264696
388.375294468
203.437702348
159.790166887
84.3023138062
310.697986755
47.331983184
161.42689557
120.396566374
94.9811513006
196.589633267
65.0535204275
330.095516972
44.817132108
133.832873594
172.125137858
96.0910574354
75.0139265403
113.404789864
76.6788175044
383.82653206
250.907015519
455.250319952
202.141277685
160.885620622
174.07626798
89.8347162375
