174.737593119
576.176442607
366.495601904
183.149125177
582.549563457
171.73884597
141.027020486
595.562554626
393.320796045
206.095407322
213.748381638
225.50703358
349.944014214
121.116770311
312.691447711
153.728510287
285.435507355
183.270559301
209.643176568
187.233418273
158.479735949
196.249351097
113.297154282
129.473937089
103.575815512
172.148903575
203.377468591
559.139147964
169.122360578
188.840185017
177.725770392
128.491178083
612.071817054
250.349710684
431.437024665
302.020295056
160.757731764
382.777422508
172.814709127
95.2686941653
291.404678384
108.006656052
133.506968578
294.161824439
245.545962113
159.053476609
161.5353675
169.214393892
198.606382857
584.773309081
175.234479452
501.116167583
122.186847212
102.151158436
116.245455904
247.287674593
168.809509463
639.272016546
174.835908506
111.639504144
158.043215093
175.734089842
169.133037238
115.611479928
179.508116831
257.947578937
589.372282146
169.976969002
254.274241734
182.720777712
296.449030788
192.727578757
131.141054584
133.264168084
232.756175694
186.876159149
276.103889901
196.419906634
264.966100173
169.044011019
194.064749552
410.086176376
231.614353299
266.619200825
200.324253287
161.817687258
186.495265663
257.235216349
201.441056874
698.163552053
295.050479688
128.828385779
238.484869637
257.587482298
430.589240583
236.27332212
297.160370941
242.001030121
330.74450696
166.645999727
365.308453602
269.571984965
166.94169484
286.01496026
146.520914573
188.625409144
165.611288268
189.829915298
141.283266601
121.865741978
177.198130205
158.854093164
148.497562236
210.232576818
202.677647444
339.404204859
182.295408071
280.74222485
162.266640183
150.943388483
121.51069821
144.539511102
218.117378853
168.260003297
198.733756802
527.176860598
239.98790084
114.595161833
856.303004705
155.489331144
374.628545631
231.793735531
653.3774646
150.759460494
188.751681144
485.957185562
191.348770562
366.026093913
149.911038695
145.13758077
243.817545679
329.87192492
215.573563927
172.279294657
290.506868618
240.478994637
146.951558468
136.235667901
364.461529581
426.845374439
156.734305185
263.6635723
112.493706839
128.428769153
465.88985644
139.352804584
215.835213314
208.70173162
131.160772843
184.074920672
171.977839736
342.636354885
161.66805378
179.842527995
182.231321161
458.924673313
165.00654258
287.138833789
424.004324793
168.22323113
115.427109284
208.005131897
255.798642194
330.929461478
184.492796869
455.441727586
275.665099891
279.300746529
169.301067594
327.754241939
197.178744498
291.144889131
346.652909246
216.494115509
61.0383995805
563.462705171
135.433126776
160.344737248
166.595980056
174.921074799
393.694691009
328.617639922
209.691197355
188.029618537
154.475243275
378.647305748
104.892502171
180.401295878
138.41032625
208.084014969
142.542177812
184.631023794
175.565998926
282.925282205
249.332846745
800.361603523
754.244383487
84.7626530001
500.509135637
388.345591844
201.098513951
660.16204202
204.789697529
1010.42195279
164.893645117
170.792314634
178.299320786
187.274498115
273.113210024
