106.516199
142.218835
136.206084
65.0970011
1182.09021
68.6806221
61.3522092
40.7242463
76.1205554
60.0402481
66.3608654
30.4785506
22.6244554
109.660448
248.700401
186.19722
124.044442
49.3355511
18.9341592
130.19563
227.971007
23.2200533
40.7254745
40.2691564
44.9004661
214.079919
353.507171
514.065035
126.075747
80.8071802
120.0315
58.7261731
23.982379
23.0432442
34.2027414
472.218574
326.155345
377.205019
103.719899
119.668412
108.629622
79.5350961
40.8998753
74.9517506
84.7037873
11.1517303
