 24
 1 23 1  10.2816453 -1.43159898 -40.5234354  41.8319319 -1.  41.8319319
  1.43557094  10.5904294  1.  0.  10.3808336  0.  3.22064552  0.0343175866
  0.980208941 T
 2 976 2 -0.94774846 -6.99518052 -35.9254468  36.6125616 -1.  0.460174114
  1.66519928  36.6124092  10.  92.8619161  1.19115458  0.  0.  0.  0. T
 3 1 3  15.8130214  96.300618  42.6830179  106.516199 -2.  26.2447303
  80.2714689  41.1059124  2.  0.0625206185  1.29909042  30.5520457  0.  2.
  13.4514051 F
 4 2 3  62.5148967 -36.0494031  122.550093  142.218835  0.  21.9094747
  120.309361  65.0068355  4.  0.0794761727  1.14789331  20.0864417  0.  0.
  31.1871162 F
 5 3 3  81.328673  4.43393305  109.16998  136.206084  0.  60.6787765
  75.5273079  75.8335715  4.  0.130149902  2.77374689  17.480061  0.  2.
  10.5083046 F
 6 4 3  30.8238989  26.6454578  50.7693449  65.0970011  0.  14.8686714
  50.2283297  28.8698994  2.  0.107304217  0.508021702  15.8365868  0.  0.
  27.5948853 F
 7 6 3 -1.75728524 -25.2815713  63.8340187  68.6806221 -1.  26.248647
  42.4319751  49.1899621  5.  0.1038332  1.68096901  4.80432699  0.  2.
  14.7611531 F
 8 9 3 -34.2452309  62.9453159 -25.6805434  76.1205554  0.  31.4931872
  44.6273682  20.954468  4.  0.126812788  0.996330959  10.6845095  0.  0.
  13.5487883 F
 9 10 3 -16.0765583  36.0381719 -45.2506998  60.0402481  1.  9.93469209
  50.105556  31.8851554  3.  0.0795507724  0.980288967  8.77278499  1.07488901
  0.  7.98464158 F
 10 11 3 -5.83436839 -54.0337482  38.0798985  66.3608654 -1.  27.9821797
  38.3786858  20.8742786  3.  0.156181577  0.775209391  10.1272514  0.  0.
  21.1414692 F
 11 13 3  7.93249859 -12.716226  16.948128  22.6244554  1.  3.32853515
  19.2959202  9.3198721  3.  0.0665291878  0.821464005  3.63631699  0.  0.
  13.6829812 F
 12 1 4  16.1975362  95.0558892  44.5293978  106.516199  0.  26.2447303
  80.2714689  85.7219295  10.  0.0625206185  21.  0.  0.  0.  0. T
 13 2 4  60.5829261 -34.4832676  123.759389  142.218835  1.  21.9094747
  120.309361  235.622242  27.  0.0794761727  21.  0.  0.  0.  0. T
 14 3 4  80.5971635  7.00995582  108.690635  136.206084  1.  60.6787765
  75.5273079  212.776291  23.  0.130149902  21.  0.  0.  0.  0. T
 15 4 4  30.0393104  25.9545189  51.3286187  65.0970011  1.  14.8686714
  50.2283297  137.632655  15.  0.107304217  21.  0.  0.  0.  0. T
 16 5 4 -52.4021025  23.8728703 -1180.66949  1182.09021  0.  166.547346
  1015.54286  126.732615  10.  0.0750501719  2.  0.  0.  0.  0. T
 17 6 4 -0.708886522 -25.0017001  63.8554433  68.6806221  2.  26.248647
  42.4319751  189.099193  22.  0.1038332  21.  0.  0.  0.  0. T
 18 7 4  14.3040051 -1.78295246 -59.6010196  61.3522092 -3.  45.1393635
  16.2128457  122.741405  9.  0.0853364114  2.  0.  0.  0.  0. F
 19 8 4 -18.5020577 -17.5486433 -31.3391244  40.7242463  3.  23.0914122
  17.6328341  24.5277946  7.  0.165949262  3.  0.  0.  0.  0. T
 20 9 4 -35.3926829  58.2785357 -29.6888003  76.1205554  1.  31.4931872
  44.6273682  93.5462478  17.  0.126812788  4.  0.  0.  0.  0. T
 21 10 4 -15.0183585  35.7125496 -45.6442986  60.0402481  2.  9.93469209
  50.105556  73.3709239  12.  0.0795507724  5.  1.  1.  0.  0. T
 22 11 4 -2.52078891 -56.5465265  30.5671635  66.3608654  3.  27.9821797
  38.3786858  69.1396381  17.  0.156181577  21.  0.  0.  0.  0. T
 23 12 4 -27.7771129  9.18516808  5.72114729  30.4785506  0.  12.5004199
  17.9781308  12.09372  6.  0.148739254  21.  0.  0.  0.  0. T
 24 13 4  5.95694728 -14.6841823  15.8941345  22.6244554  4.  3.32853515
  19.2959202  193.49037  28.  0.0665291878  21.  0.  0.  0.  0. T
  104.595099  4.33937044  104.595099  4.33937061
 16
 1 937 0  14.1908683  8.09432015 -48.3930314  51.0762592  0.  51.0762592
  0.208316343  0.  0.  0.  16.3370365  2.81003954  21.0191204  0.00407853564
  100. F
 2 796 0 -5.82499785  2.41280896 -1.49934858  6.48076332  0.  6.48076332
  0.0846548275  0.  0.  0.  6.3049383  0.  22.8081157  0.0130624779  100. F
 3 23 2 -89.3850636 -29.8405336  60.4568733  111.960671 -1.  0.421882421
  2.49108887  111.960621  1.  5.30665879  0.  0.  0.  0.  0. T
 4 867 2  4.99655037 -38.6237098 -14.7313875  41.6387009  1.  0.547405064
  1.95504713  41.6385669  16.  76.6928058  58.1572469  0.  0.  0.  0. T
 5 1 3 -90.2665222  58.6147238  21.0162544  109.660448  1.  47.3853969
  62.275051  5.6885513  1.  0.145981196  0.139569998  5.58310626  0.  0.
  36.9963761 F
 6 2 3  121.542876  36.760636 -213.840768  248.700401  1.  77.0118279
  171.688573  106.102862  5.  0.132533034  3.08509641  25.0048699  0.  1.
  59.1104405 F
 7 3 3  46.4048222  24.9513879 -178.587305  186.19722  1.  119.279943
  66.9172772  64.3481906  5.  0.045323555  4.38641481  6.74119314  0.  3.
  45.0443563 F
 8 4 3 -10.4569527 -99.4978638 -73.3338321  124.044442 -3.  38.5378059
  85.5066365  27.141713  3.  0.107699948  0.95897856  17.1934406  12.5472356
  1.  15.3752883 F
 9 5 3 -36.5960875  6.23316268 -32.4941636  49.3355511 -1.  31.736631
  17.5989202  14.3040354  3.  0.12241449  1.530937  5.28787567  0.  2.
  20.5291598 F
 10 6 3  14.2183983  2.37823013 -12.2753231  18.9341592  1.  1.46544792
  17.4687113  26.282566  7.  0.113642604  3.48054369  5.84678741  0.  0.
  30.7209968 F
 11 1 4 -91.6171086  55.4985992  7.76873371  109.660448 -2.  47.3853969
  62.275051  35.7465222  14.  0.145981196  21.  0.  0.  0.  0. T
 12 2 4  127.689017  39.1999859 -208.014031  248.700401  2.  77.0118279
  171.688573  342.568087  40.  0.132533034  1.  0.  0.  0.  0. T
 13 3 4  49.1031674  26.1325468 -177.636612  186.19722  1.  119.279943
  66.9172772  354.489772  35.  0.045323555  21.  0.  0.  0.  0. T
 14 4 4  0.773623807 -102.975502 -65.4700689  124.044442  1.  38.5378059
  85.5066365  118.331373  17.  0.107699948  21.  0.  0.  0.  0. T
 15 5 4 -37.0680073  7.85389811 -30.7682043  49.3355511  4.  31.736631
  17.5989202  39.5629717  12.  0.12241449  21.  0.  0.  0.  0. T
 16 6 4  14.7115498  0.651160886 -11.5645187  18.9341592 -3.  1.46544792
  17.4687113  230.100487  29.  0.113642604  21.  0.  0.  0.  0. T
  109.385509  3.88622543  6.90927948  5.32154531
 14
 1 782 0 -6.09666374 -1.2625404 -3.37381878  7.08138193  0.  7.08138193
  0.231363152  0.  0.  0.  6.22601935  1.8136939  24.8147792  0.0326720341
  100. F
 2 1 3 -109.723981  63.2417022 -30.1999548  130.19563  0.  49.8995534
  80.2960771  79.3407912  4.  0.0721066985  2.82367694  40.3322986  0.  2.
  8.4397214 F
 3 2 3  100.742861 -99.3904429 -178.726596  227.971007 -1.  102.035097
  125.93591  30.9222243  3.  0.137328431  1.28205109  8.60617207  0.  3.
  41.9434678 F
 4 3 3  20.0032554 -10.5858916 -5.19418388  23.2200533 -1.  5.26123038
  17.9588229  19.7927592  3.  0.112149104  1.07600617  8.20834675  0.  0.
  2.78226973 F
 5 4 3 -36.8425355 -2.30589943 -17.2010079  40.7254745  1.  17.3813247
  23.3441498  23.5561253  3.  0.101543347  1.24068367  8.67953314  1.10197508
  1.  18.7670179 F
 6 5 3  26.1804749  15.3883059  26.4459397  40.2691564 -1.  16.3064768
  23.9626795  11.4280355  1.  0.0992670876  0.139569998  8.61818207  0.  0.
  3.74990764 F
 7 6 3  20.8904714  3.66685298 -39.5751722  44.9004661 -1.  6.35665135
  38.5438148  12.7816208  1.  0.112309197  0.139569998  6.03771503  0.  0.
  36.5742826 F
 8 1 4 -108.650293  62.6332013 -33.230997  130.19563  1.  49.8995534
  80.2960771  103.232624  11.  0.0721066985  21.  0.  0.  0.  0. T
 9 2 4  107.013749 -89.334963 -176.431254  227.971007  0.  102.035097
  125.93591  170.809335  28.  0.137328431  4.  1.  1.  0.  0. T
 10 3 4  19.1735019 -11.4823374 -5.19846915  23.2200533 -3.  5.26123038
  17.9588229  28.0615981  7.  0.112149104  21.  0.  0.  0.  0. T
 11 4 4 -35.9592187 -3.06836877 -18.1111894  40.7254745  0.  17.3813247
  23.3441498  34.3290576  8.  0.101543347  5.  1.  1.  0.  0. T
 12 5 4  30.2836365  14.1674755  21.6295633  40.2691564 -1.  16.3064768
  23.9626795  42.6595139  9.  0.0992670876  21.  0.  0.  0.  0. T
 13 6 4  18.4019745  2.33441891 -40.6013737  44.9004661 -1.  6.35665135
  38.5438148  486.165814  27.  0.112309197  21.  0.  0.  0.  0. T
 14 7 4  19.5290111  14.6332352 -212.59155  214.079919  2.  18.2143466
  195.865572  459.870366  24.  0.184516883  2.  0.  0.  0.  0. T
  54.1075578  2.2287131  54.1075578  2.2287131
 20
 1 488 0 -3.1956079  6.52307557 -6.77040855  9.92979641  0.  9.92979641
  0.196338716  0.  0.  0.  7.26377483  2.2629759  7.0704133  0.0197726829  100.
 F
 2 839 0 -6.05404489 -29.2333164 -17.2522682  34.4801248  0.  34.4801248  0.
  0.  0.  0.  29.8536137  11.3935483  7.4491587  0.  100. F
 3 25 2 -70.6747583  29.6269681  15.1717168  78.1208734 -1.  0.529672801
  1.68666184  78.1208019  11.  154.852013  6.98899002  0.  0.  0.  0. T
 4 1193 2 -4.71702442  2.11749239 -0.590704436  5.20520789 -1.  0.375000536
  1.52260685  5.20413539  19.  360.281721  83.696086  0.  0.  0.  0. T
 5 1 3 -351.884782 -18.3650815 -28.4102713  353.507171 -2.  114.852944
  238.654227  256.967645  8.  0.0862003726  4.9095728  106.969772  5.17050224
  3.  6.97537361 F
 6 2 3  436.909995  134.820562  234.938145  514.065035  0.  124.386666
  389.678369  13.8923849  2.  0.0665410664  0.314410366  6.80887623  0.  0.
  58.2347176 F
 7 3 3  75.3745003 -21.8422565  98.6746903  126.075747  1.  19.5578994
  106.517848  127.442274  3.  0.00631973033  1.21973022  34.3815681  0.  0.
  6.35997676 F
 8 5 3  98.2800665  42.0012833 -54.6304096  120.0315  0.  52.8570749
  67.1744249  63.70488  6.  0.0973796613  3.21871654  20.712043  0.  2.
  9.41132002 F
 9 7 3  15.3101344  8.75275384  16.2524948  23.982379 -2.  5.15228824
  18.8300907  220.121085  8.  0.0292114446  7.46347151  66.0746961  0.  3.
  38.9528137 F
 10 8 3 -13.796289 -18.0003083  4.07951124  23.0432442  1.  2.6376319
  20.4056123  10.8392536  3.  0.0862271774  1.05701972  4.45181464  0.  0.  0.
 T
 11 9 3 -6.50843491  20.9418475 -26.2470345  34.2027414  0.  23.014859
  11.1878825  7.32448749  2.  0.134177448  0.921892155  3.02743335  0.  2.
  9.81937765 F
 12 1 4 -350.39087 -17.7942391 -29.5474255  353.507171 -2.  114.852944
  238.654227  284.826926  16.  0.0862003726  5.  1.  1.  0.  0. T
 13 2 4  385.696134  173.832151  272.763882  514.065035 -3.  124.386666
  389.678369  324.353985  25.  0.0665410664  3.  1.  0.  0.  0. T
 14 3 4  75.1816788 -22.421093  98.6858317  126.075747 -2.  19.5578994
  106.517848  145.139573  6.  0.00631973033  21.  0.  0.  0.  0. T
 15 4 4 -57.7182818 -25.3050307 -49.9754876  80.8071802  1.  6.30162644
  74.5055538  9.05249603  3.  0.107097177  3.  0.  0.  0.  0. T
 16 5 4  96.8743704  40.3889799 -56.7303853  120.0315  0.  52.8570749
  67.1744249  79.1500808  12.  0.0973796613  21.  0.  0.  0.  0. T
 17 6 4 -9.78334576 -50.0387983 -28.5174631  58.7261731  2.  41.8959935
  16.8301797  8.28725083  4.  0.0970585109  2.  0.  0.  0.  0. T
 18 7 4  14.8133462  7.97169493  17.0623669  23.982379 -1.  5.15228824
  18.8300907  436.066582  21.  0.0292114446  3.  0.  0.  0.  0. T
 19 8 4 -13.6919221 -17.8933823  3.47732837  23.0432442  3.  2.6376319
  20.4056123  24.9090889  9.  0.0862271774  2.  0.  0.  0.  0. F
 20 9 4 -10.5584272  21.5971212 -23.8845119  34.2027414  0.  23.014859
  11.1878825  12.0736532  4.  0.134177448  3.  0.  0.  0.  0. T
  141.376182  3.86109948  127.868497  4.42977242
 23
 1 1016 0  1.82283161 -16.5116188 -16.9419848  23.7273496  0.  23.7273496
  0.490111184  0.  0.  0.  16.6119315  6.43957637  26.7281608  0.02065596  100.
 F
 2 743 0 -4.57210289  8.01578253  10.6973183  14.1276153  0.  14.1276153
  0.362149953  0.  0.  0.  9.22804933  0.771834277  9.91853162  0.0256341885
  100. F
 3 1 3 -37.8357423  253.025515 -396.909217  472.218574 -1.  160.330252
  311.888321  336.939306  1.  0.0892137691  1.83985707  182.547083  0.  1.
  15.1646546 F
 4 2 3 -274.044079  81.0968734 -157.163763  326.155345 -1.  108.83367
  217.321675  165.401466  5.  0.0410531323  3.36685536  62.0225765  0.  3.
  18.9694607 F
 5 3 3  227.238148 -263.412434 -145.80926  377.205019  1.  210.558855
  166.646164  228.513605  3.  0.0992561178  3.03336902  103.625638  0.  0.
  58.1824668 F
 6 4 3  49.5108926 -50.466756  75.8919989  103.719899  3.  19.6945692
  84.0253298  51.6245949  3.  0.080785806  1.01986216  20.073938  0.  0.
  7.840407 F
 7 5 3 -95.6044125 -43.1228708 -57.6258899  119.668412  1.  37.5086659
  82.1597462  64.3246745  3.  0.111432988  0.971098425  25.7619555  0.  0.
  20.8651298 F
 8 6 3 -3.321823  104.552425 -29.2942093  108.629622  1.  59.7073012  48.922321
  27.390274  3.  0.125300486  0.887128202  12.9488557  0.  1.  18.3629537 F
 9 7 3  9.42886527 -55.2989792 -56.3821861  79.5350961 -2.  48.9076671
  30.627429  23.3257162  2.  0.0395528267  1.74077207  11.5105782  0.  4.
  2.7878531 F
 10 8 3 -7.33011526  26.1488955  30.582748  40.8998753  0.  18.8639801
  22.0358952  14.9154967  4.  0.142006128  1.00212735  4.03389977  0.  0.
  11.159344 F
 11 9 3  6.06868757  26.1312102 -69.9863973  74.9517506 -3.  11.2856991
  63.6660515  44.958104  5.  0.125244705  1.8972716  7.3359876  0.  0.
  38.572406 F
 12 10 3  66.3784926  9.88629305 -51.6806397  84.7037873  2.  34.7637012
  49.9400862  18.8570344  2.  0.170340768  1.0892758  9.32088122  4.86705918
  3.  11.969727 F
 13 1 4 -40.0322008  253.984013 -395.264472  472.218574 -1.  160.330252
  311.888321  414.360775  13.  0.0892137691  1.  0.  0.  0.  0. T
 14 2 4 -275.728307  79.8258291 -154.202697  326.155345 -1.  108.83367
  217.321675  199.801389  11.  0.0410531323  21.  0.  0.  0.  0. T
 15 3 4  227.321387 -261.140054 -143.912509  377.205019  1.  210.558855
  166.646164  279.672445  17.  0.0992561178  5.  1.  1.  0.  0. T
 16 4 4  50.9869765 -45.3264919  77.5161908  103.719899  1.  19.6945692
  84.0253298  97.7916849  9.  0.080785806  1.  0.  0.  0.  0. T
 17 5 4 -93.572735 -34.877779 -62.7645282  119.668412  3.  37.5086659
  82.1597462  107.432078  9.  0.111432988  21.  0.  0.  0.  0. T
 18 6 4 -6.99923588  103.228151 -28.8190933  108.629622  2.  59.7073012
  48.922321  46.8824282  12.  0.125300486  3.  0.  0.  0.  0. T
 19 7 4  7.30338259 -55.2037855 -56.6929367  79.5350961  2.  48.9076671
  30.627429  50.0832518  10.  0.0395528267  1.  0.  0.  0.  0. T
 20 8 4 -10.5813713  25.0453538  29.9612238  40.8998753 -1.  18.8639801
  22.0358952  23.4774805  9.  0.142006128  2.  0.  0.  0.  0. T
 21 9 4  7.40193295  24.1261584 -70.4483835  74.9517506  0.  11.2856991
  63.6660515  415.876403  12.  0.125244705  1.  0.  0.  0.  0. T
 22 10 4  66.9244787  8.194113 -48.7826206  84.7037873 -2.  34.7637012
  49.9400862  47.819042  12.  0.170340768  5.  0.  0.  0.  0. T
 23 11 4  3.61643326  6.79798406  7.89146906  11.1517303 -2.  1.5421349
  9.60959543  30.8113127  8.  0.0959425971  21.  0.  0.  0.  0. T
  144.725167  5.31094375  144.725167  5.31094393
