1.36617859913
1.54716944047
0.972876185316
2.11938761055
1.9221709056
2.95308141879
1.89183930564
1.72640457733
2.84371899387
2.83535522396
2.22650156368
0.516044688595
0.507867922746
1.35309542062
2.14765553396
1.24497661453
1.24014347176
2.60969498064
0.952083981098
0.624707153972
3.02092790161
1.28104495578
0.316574398087
2.72932577966
1.51800966591
0.0415120325807
2.92556187806
2.53387706309
0.424633175056
2.63419699428
0.671550334857
0.617326712568
1.3080019612
0.500151554132
1.34031198376
0.258424394588
2.73385597633
2.4862865485
2.30169592471
1.22155480226
2.99518100976
0.558825989739
1.78408239523
2.66204503757
1.14681295267
1.48978178056
0.941755661041
2.60452085724
1.320014682
0.376454857411
0.632251173633
0.0849764349727
1.07069979045
2.9563054207
0.0163505545362
0.687975759711
1.6743691538
1.36216226637
2.30293453924
2.36185169858
0.476160818926
1.25192438129
1.82505347844
0.343259081886
0.673163590557
0.926795513417
0.424461350096
1.37616535518
2.53808976738
0.338418535711
0.453669157905
2.98872619091
1.92765678136
1.73029112777
0.943337810084
0.694042173952
0.158654220614
2.45928636242
1.52321756923
2.90987515901
0.899280418907
2.17802768447
1.12288511255
2.98380558125
1.48804917169
2.51884782775
0.239786685316
2.74879348374
1.76644120048
2.11158359769
2.19754947081
2.53071987969
2.2817329011
1.1932833508
1.21067798319
0.661953497781
1.3505803949
2.78412085019
1.4785518307
2.74397842625
2.17578770985
0.0265543310818
2.76785993104
1.04199935403
2.37845583107
0.474000942942
0.75177781922
3.04270215548
0.755342805384
2.99187697595
1.58231054305
2.54132955793
0.865491746705
0.506720941204
0.693645988071
2.11444969512
1.37060035182
0.966584973724
2.01510198587
1.38592743831
0.196158193886
2.44634588911
2.92420306854
2.20773975641
3.03103574736
2.86396738589
0.317282791923
0.874504659082
1.22727857001
2.18055096426
1.34457212408
1.21751715138
1.57563685692
0.982208212813
2.23335390748
1.83270162149
0.534308694953
0.0753346851215
0.171541359335
2.69792420538
2.95626231995
0.738070139303
2.75835454025
0.69360024079
1.52973194905
1.15487692523
0.690984358177
2.53686012925
2.60315490398
0.134352845033
1.48183365314
1.18132647575
1.35845767919
1.03006806559
0.33002866057
3.03792267962
0.765429146407
1.41912733923
0.0428525646392
0.952690579311
2.874472956
1.29140742031
0.696689663202
2.59977889377
1.81424819274
2.01077066515
2.4556296107
0.417117252561
1.5537054459
1.46492062959
2.06334386788
2.82708536696
1.39939168242
0.293695055036
1.81881299323
1.63953721684
0.443739790355
1.72606993145
0.128350794951
0.490791552243
1.37150226882
0.524377337596
1.61996771173
2.87112428658
1.18875967014
1.10650790945
1.11597520972
0.630374097602
1.39096185562
2.71785564136
1.2935840725
2.94445433654
0.919449433382
2.57433352987
1.50431509259
0.329317033035
2.72765330226
0.561317797259
0.283956543792
1.21725340966
2.76756756068
2.80248441825
2.52619602132
3.03999448192
0.839198724079
2.05696856277
0.948739450804
1.18222283979
2.76671739937
0.788547044558
1.12508091636
2.69392571159
2.33790471392
1.33662878964
0.763660435086
3.09132034914
2.75037568659
1.1611111547
1.99581867662
1.5336501282
0.411529230104
0.774310994705
1.94572753621
0.816834562699
2.84770858639
1.28134604372
2.04198818898
3.09457675992
1.89763638436
1.12740417348
2.71390819351
2.00117236884
1.9467587935
0.851539089612
1.07692850661
1.86939978883
1.71677926074
1.59129198588
0.029473625594
0.984243507875
2.5477824513
0.268711426585
0.774289358003
2.54387392221
2.97218076827
2.6538267146
2.94813285978
2.5818255504
2.907299985
1.73438515851
0.113067817388
2.67972323136
2.51748260954
0.327929937938
1.02935637455
2.33365789721
2.62802152147
1.05255966135
2.79154330181
1.13017805694
0.0738301686399
0.0586671712817
2.49129813238
1.30400119776
0.301008979055
2.15905593133
0.506702627145
2.95235617629
0.311112529942
2.80232650003
1.66475282974
1.97444742181
2.13036704923
2.80543798229
2.35330329786
1.27334579909
0.952567335176
1.61261209313
1.64445871808
3.14028689806
0.524730705202
3.06604506704
2.18907838517
2.00952078887
1.349758701
2.46616302633
1.40805353567
1.32690623639
2.92821905794
0.827491460829
0.94661445493
2.04077540509
0.994704917109
0.810769650422
1.75937548792
0.219118107903
0.930569367984
1.87798698934
1.51681185482
2.275179294
0.592875165136
1.17656628854
0.844728709858
0.264885086851
1.24738142489
0.011503255789
0.450450854013
2.37867778336
0.406025908898
2.91773909184
1.80809848141
1.96391047543
1.89321310678
1.34146014959
1.23384089753
2.91032990344
0.482407890498
3.08044248781
2.0718816987
3.09275360512
0.381960605564
1.42002996466
1.14812388687
0.450069202049
0.519202981171
0.381747949378
1.04845056604
1.91668862404
1.11859014137
1.12916096908
2.48803883711
3.09417117795
1.00407852619
1.07477951924
0.244311536069
2.40482653601
2.56833542065
2.07595022711
0.971642523483
0.637680186521
3.07236514286
2.59326187884
0.769930408428
1.3902405795
1.16263512555
0.575748914082
2.37901660337
1.86813897458
1.30308448794
1.13686482081
2.99373259731
0.66771271706
3.08975328235
2.39291372817
1.68566622921
2.25249538834
0.951831610025
2.58163561392
1.09140075321
2.46005441347
0.0767278922383
1.50992854233
0.128430228245
0.497146493739
1.92207017881
0.995743425047
2.31527333668
0.431243925273
1.44840286722
2.94469541646
0.72749145496
0.888340471521
2.85250963782
1.98229879571
1.57626857018
1.50290761643
0.637258837368
1.9900505016
1.87118030804
1.12542900581
0.915268955028
0.708268192191
0.0195709429999
2.94582156139
0.921847770507
1.37803744861
2.15174852054
2.42226993646
0.0325122769387
2.15730552958
1.01359913481
2.22372255311
0.551822757857
0.974691596955
1.63216948526
0.432737520142
0.304265001695
1.44932602063
2.72719856659
0.41337728572
2.66185532223
1.40220896206
1.99965251914
2.4559945308
0.572628950735
1.21719667918
0.112597305026
0.173779435213
2.16195987614
1.80880056052
1.13321347581
2.30614279198
1.23440508225
0.74751540023
2.60958381553
2.09747584368
1.33882138059
1.95846634373
2.96455404091
1.82698528192
0.327145708061
0.513137426867
2.78748791373
2.97005136304
2.89830413477
1.0225547912
2.1390836245
2.02878017715
0.300488108388
0.435566347211
0.24980358345
0.087338117732
1.59080409985
1.75761702277
1.22036098925
1.57652468533
3.07680783496
1.61814854888
2.46664786073
0.532991829542
2.0698161462
1.89251812007
0.106657962284
0.917146922734
0.396809872442
3.1271810676
2.39508893377
0.0757647752606
2.18219129454
0.522974744518
2.88308346769
0.888450241613
0.863705475972
1.32485893904
2.07449702312
0.70301242422
0.258605695482
0.332194386689
1.18259838207
2.95957922132
0.280020263259
0.307658421712
2.54955002311
2.31162921666
0.977686192503
1.64198353904
2.86681847362
1.77856078003
0.775460938667
1.51653632884
0.954770239358
0.200599496589
0.0684545138438
0.993351320418
2.66722486986
1.97654333251
1.55198634441
2.43105215194
0.36050528351
2.45452019025
2.17813094407
0.297023062483
1.32944202084
1.38061921361
0.380412394829
3.08186711514
1.97057914721
1.44103806033
2.10139198264
0.630448588355
0.536465905145
0.719170161374
2.9745863102
0.952777884788
3.08284356136
2.3625840337
0.424146228111
1.00515530462
0.722318890289
0.269755679853
0.178025708665
1.22272881279
1.817362786
1.13582817926
3.03284814001
2.79466838285
2.21012252377
2.06204115366
0.902418974897
0.846644527696
1.25512411347
0.0817438171654
1.70244290381
0.346229571185
1.58491911335
2.22305072129
1.59787379944
0.796700204112
2.37833225851
3.1294372777
1.48917563783
2.05572070458
2.42393626787
2.53872966
2.0497945842
1.21909067421
2.86573906891
1.63533069117
2.88429720578
0.436438491154
0.665081179032
0.95294216756
2.6282801323
2.88261502113
1.79426699826
1.35153069308
1.05866351764
1.10307420586
2.01933528705
0.637294321218
3.01811106507
0.0982566838402
3.13349054877
1.29194494458
2.11908618389
3.05350083255
0.186626653487
2.9943546227
2.56832591775
0.707632091774
1.3191417176
0.659971040437
0.514333478409
3.04487039036
0.28986675972
2.05977494686
2.54128676362
2.8129446959
1.32536834571
1.28455627481
2.80668471266
2.74007017143
2.92012615637
2.55085675295
2.30774199566
0.0639156972003
0.0968269757668
2.77613792709
1.78730836647
1.83364328854
2.09748727761
0.790977904689
0.0420577554763
2.84716484486
0.714797610317
1.0329085737
0.413668566765
1.09628979862
2.60439214487
0.135535699648
2.68614062119
0.873079388014
1.77347507213
0.0263495371465
1.20510191059
2.34851401341
1.28289157501
1.1393214724
2.85052173004
2.19348172866
2.30869615299
2.87333530292
0.840538830335
1.42438257745
1.91728747171
0.961991074298
2.42417166784
3.07990664702
1.70327795834
2.32616718429
3.06462381295
1.67333095826
1.71818012981
0.537916202047
0.64331282903
2.75687897147
1.6299646078
0.948889086064
2.39350503226
2.36851256086
0.924526162011
1.54668481925
2.9045120733
2.83635625834
0.942017711525
1.60001558881
3.04460885484
1.64913475537
0.317548838172
0.110407737125
2.97029666434
2.05846618295
2.44914124679
2.40016859775
0.844267018377
1.29714624535
0.809566025529
0.189901471095
0.161457588119
1.58322498741
2.09717504808
1.87764612981
1.79923557076
1.80583555611
2.71985516225
0.954874142688
2.01050671953
1.8420517883
2.81265385854
2.79822456435
2.84518095631
2.40064595712
2.62736429004
0.439643194032
2.43471713942
1.65256516006
1.70872531183
1.10545950494
0.240229177108
0.157922273709
1.78357240987
2.58879573237
1.15833898307
2.29115580771
2.94232117981
0.946282308067
1.5018540727
1.81510269996
2.79675215131
1.32279968523
1.62406574092
2.03577299004
1.60266361175
1.34547860923
0.220727072765
2.99663034566
2.28024552937
1.6543750754
2.58611830627
2.33510656219
0.183874816016
2.58908201988
0.841506613431
3.09912352394
2.19224966354
0.270854134228
1.47836104857
2.91591638553
2.12335441518
1.05734207578
2.36580185363
3.02286570173
0.205566733253
1.44598846028
2.5961135855
2.65735072641
1.932292745
0.920052347178
2.36610663141
2.5230537827
0.120663643373
2.21823037284
1.52637349469
0.878326703747
2.27134855103
1.70435116669
2.95680560001
2.89193996071
2.88914308673
0.367516528738
1.96732284535
0.975105702642
2.26121790868
2.54060372278
1.16312932499
2.1835468888
2.23628813183
3.08758232683
0.772406392088
0.907940513543
2.20249068588
2.67553519716
1.50485132885
2.22452288585
2.49911997559
2.39242480579
2.79964116847
2.45347355896
2.40279859062
1.92420159773
2.50286077317
1.33114135439
2.5900278094
0.687709082359
2.74914369493
2.52888176453
2.87519275816
0.249223912734
1.04499514581
0.458209529785
2.00689729639
1.2023458874
1.7450277403
3.00288378793
0.131461085199
0.91314087976
0.0861068099864
0.702752161642
1.88554112411
1.72342579338
2.21188296124
1.71104983094
2.88362058729
2.67905449066
1.55690400865
0.955799743471
0.743694208999
0.806192394871
0.139997958647
0.780952648287
2.33069925104
2.91280999481
2.91341231864
0.305568953789
0.114076370586
1.43543552669
0.0997360453311
2.93437754714
0.374781132467
0.61123864244
0.445963013953
3.10834011747
2.89779455304
0.0127482570494
2.86136736038
0.613251201032
2.37181516846
1.55799228648
0.567829202524
0.161694111175
1.13961862999
0.404268874283
2.76520275369
0.474870202654
2.21309410129
1.38759637931
0.843926943531
1.74890291834
2.30679766203
0.0872062741756
1.6527539302
2.04885768626
1.49123503244
2.01137905055
1.33588411821
2.48299034317
1.91196671577
1.34610954254
1.90038738295
2.4089736439
2.43105080382
2.03366900407
1.14629078572
1.59564847356
2.9413836561
2.83562631958
0.442311854949
1.67659734685
1.28473380502
0.704810942054
0.64778308551
1.74149339409
0.241720299706
1.86045019676
2.17485152916
1.4448874084
2.73141298499
1.75114715717
1.29535851024
1.38973893014
0.936549214897
0.223274836244
2.88366843282
2.54051971775
2.98005655111
1.48145855987
1.87034449222
2.49630953401
1.47882849754
3.12919013628
1.4154631839
1.09690779339
1.922867929
2.92341183423
1.66194005425
2.20136579773
2.06221273525
0.927815648077
2.31212348027
1.07209598453
1.13652308203
3.02619497078
1.86488369803
2.59538654094
3.08631619083
1.91748991721
0.0718259371071
1.77989484499
2.69924340979
0.716763588017
3.03801967534
1.75198992097
3.07720211008
0.880545077462
2.16508742373
2.17256886338
0.151484707349
1.95976262983
0.186956616751
2.10729866913
2.03573674142
0.521653264718
2.3439962678
2.24009491688
0.435171744788
2.93299909026
1.10173163954
2.1025618362
1.94944291355
1.35002575588
0.319101923576
1.02797229773
2.03602872403
0.584289375862
1.35285686351
2.89493302649
1.16888733158
0.299745236446
0.782075404533
2.98699398506
2.16214171399
1.09800517737
1.14224650524
3.07731443552
0.471522265943
1.43939631886
1.5186199944
0.760848714252
1.88634870064
2.91439838233
2.93931588032
2.11534610906
2.32300809117
0.867067978458
2.20705203258
1.43132329788
2.92048665705
1.1521620762
1.56585897399
0.314479285588
1.99433763828
0.898750266967
1.07111191129
1.15332942779
1.85245363338
0.811598647083
3.04453557522
2.0021380384
1.73748800482
0.265647260099
2.11544308178
1.82910300348
1.81184570571
0.440720543978
1.57755386828
0.0559945379729
1.84744399169
2.35429349942
1.89166020657
0.158135277828
1.24952708531
2.07576856534
0.870502608007
1.84206604165
0.338312556924
1.31939477053
1.07256812085
2.04150595284
1.67943723152
1.84485110394
1.49520935836
1.53062737624
1.72003588945
0.601660608408
0.195882399033
1.36256888199
0.355531476135
2.17235320111
1.17332997056
0.922664371216
0.750185353049
0.251808024172
2.87212867123
0.805965891135
3.01771761957
1.80136459346
2.6402771078
1.83282068307
0.649971127312
0.490483852576
2.51810046651
1.7315671426
2.427297694
1.79843179973
0.904240678362
1.17270850075
1.29833496076
2.58094833814
1.96398610713
2.0467508549
0.388992896074
2.31006552119
1.71349124687
0.49744371969
1.91735350624
2.37367608679
1.71640951054
0.739388257373
2.90267520454
0.587111342476
1.68308903115
1.17829989579
2.22471473894
0.597411066093
1.51477119607
0.199909454322
0.135826151066
0.666905687336
3.08054314718
2.40471654345
0.763223322571
2.27861543631
2.50840208446
0.600079245488
3.04509571201
0.991771080368
2.40487989368
0.477151148242
0.0240041220618
3.07709972898
0.502534355023
2.92966918453
1.72691778673
0.462315854441
2.49426724194
0.864142928808
0.259485457471
0.522621575604
1.19960453187
0.615224671632
1.31713994333
0.397827096732
1.75294259675
1.16185502236
1.06356565408
1.47247577257
2.92263207818
2.36220324305
1.64114655003
0.252348282717
2.14381018874
2.61489318973
0.919056512456
2.27286481706
0.126521511157
1.74661202397
1.42926211647
1.48614761831
0.044394132873
1.36121432298
0.760032299641
2.81480936773
1.92377672514
0.637013069716
1.81533676715
1.58708669705
1.70299210435
0.408822043685
0.479653260615
2.55285543187
2.29558719432
2.19304832172
0.577838091986
1.1762997481
1.05976340709
2.11523038998
2.09520497847
0.68752314663
3.05039337742
1.95722247097
2.48627621751
1.93438849088
1.47339629655
2.4237346418
1.6476847529
0.911139731005
2.46765964246
1.72899014991
1.68801791804
2.14553375049
2.86597966952
2.17494012515
3.03829994993
2.71163791646
0.368002313274
0.272309128962
3.13963199744
1.2772362205
0.225787807887
1.18482120856
2.69598815228
1.09347348049
0.89005718711
0.284168616247
2.58390655528
1.67305151871
1.31140111071
2.55253061809
2.87733036609
3.08854830986
1.05405347155
0.191669515189
1.85345092261
1.07271988587
2.9013332248
2.48975404209
2.05093522911
2.30381632818
1.43267365203
1.84312192145
2.92724251243
2.90814036132
1.33859442374
0.799683883794
2.89436554762
1.28533148301
0.845051519713
0.182361233089
2.64641721739
2.32012067168
1.97973989259
0.824191255796
0.379635606728
1.5413721081
1.22682289666
1.51167599233
1.55382394017
3.00896986565
2.62341230998
2.97630686722
0.409045885322
2.9186121999
2.49851392868
0.0272235962677
1.45651922719
0.157782294201
0.496754775932
2.45748338608
1.03464853876
2.11465662803
2.66803516656
2.99256646474
1.80037697786
2.74003845803
0.484514296077
1.98106102353
1.84195873507
2.81357012139
0.139877552199
2.67156527843
2.2087756943
1.06867297763
1.91868428566
2.79939829048
0.263785292577
1.98621190251
2.08861949578
2.75599195611
0.707079312334
2.01432078127
0.213472653861
1.80595837899
1.12542435262
1.56163893263
0.680661346918
1.77846533493
2.52719311345
2.16020109476
0.323862992081
0.331757030105
3.09081170941
2.31493081152
2.33637589445
1.73122606786
1.76728455871
2.00484700364
3.10151721722
0.807043872482
2.72745182553
2.7254740121
0.17300093214
0.732705322303
0.64504789224
3.11618526612
1.26738591428
0.787661202589
0.432240612925
1.66830920496
1.87709453496
2.93990255284
0.415164347484
2.50743992598
0.273932548011
0.830501101074
0.701608689706
0.221886479716
0.0985766517276
1.50880903615
1.28988204723
1.0564222319
2.93839226163
1.76927958012
2.23127783092
0.185827341399
0.94195951094
0.266485216713
2.20540494994
1.5255366355
1.08350330746
2.58133061452
0.00106228736365
0.717423718209
2.38392368869
1.48522086978
0.492350152275
0.0567094506482
1.5771981825
0.206727865864
1.17472190023
3.0722199054
0.844765360262
0.521620218479
1.76252035573
2.62065317473
0.196011430642
1.73917074049
2.64652843267
2.4045003915
1.48009649689
1.74258731119
2.71039354253
2.17187161327
2.71807637371
3.04771701026
0.289383297854
1.48871043907
1.17976929589
2.68860865628
2.43471998237
1.56221079441
0.971177257622
2.14767048496
0.425955486489
2.15950290829
1.28567585979
2.91320554405
0.384194331367
2.32386663805
2.753192676
3.08515173533
2.15719219221
0.461345641041
1.61962696031
1.74993970041
0.49448094858
0.997768885869
3.04935206602
0.265202127023
1.18612189832
0.786821037405
1.84203945099
0.730363238075
0.592080912804
2.28576862145
1.97518136964
2.18013237698
2.4934214399
0.773529238572
0.931974833341
2.98937679364
2.17668922949
0.464495208931
0.0157936303547
1.93086358538
2.63079236716
1.76718010362
2.83626956263
2.26674430554
0.0390571740607
2.566911816
0.158194554323
1.33754231845
0.402234342477
1.22192219994
2.4119450192
0.966217579729
2.98538364462
1.18879499411
0.309498502001
1.12778131265
1.0013697662
1.3863996083
0.832528604783
0.535498899409
2.59619894853
2.61600974198
0.293050574353
1.84585904007
1.99162627627
0.149534118706
0.825117714126
0.908649805665
2.14736455583
1.23568857418
1.47734851528
2.80006077608
2.20546325364
2.14016066579
2.73912807476
0.192116997468
3.09073254262
3.11109714119
0.651992378585
0.656936496548
1.53252622947
0.934294044204
1.80957859001
2.66089611278
0.287581640439
2.7079740173
2.31550597236
0.35272782425
1.41703835358
1.93794655341
0.282887956089
2.26776373432
3.03725339836
2.589641717
1.44439526074
2.50939048636
2.07790775985
0.871768481541
3.06619749141
0.400179032944
2.64487616194
1.01277746681
1.67986800449
1.46095716745
1.32959401909
2.11606268827
2.15825993061
1.31237331384
3.11571041039
0.639626979557
2.52949212896
1.42340002975
1.45752011089
0.143346960864
0.949802203391
0.350768753121
1.836676593
0.601417944268
1.37122966307
0.908113523104
1.97210433678
2.73460770709
2.97972075034
2.69054516648
0.0444995632612
3.00956063744
0.304306271651
0.922612331956
2.41275736303
0.304009118229
2.28219847581
0.133053879955
1.46218474866
2.33951491209
0.183505612039
2.35126647968
1.35137019297
1.61069298795
1.32912035722
0.916399020012
2.85972967833
2.32474146033
3.00464696346
0.133975593007
0.3891436584
1.51695595289
2.02223216863
0.125419244727
2.27537649738
1.11783006294
1.58849310392
2.59588611255
0.0780116175763
2.20927829133
1.52386412017
2.37714121838
2.81197785268
2.44523257795
0.858077521483
1.59660330639
3.0885775422
3.08996122472
1.71714387637
2.00856537296
1.57549307337
2.12212907486
1.00526148298
2.08735229982
0.142015931684
0.707258423623
0.197483374065
2.75040690451
0.946177048378
1.67028377005
1.75165779522
1.71025754925
2.56779605409
0.110223646588
0.258769658171
2.85781979551
2.9628373014
0.599365039353
1.6527617351
0.82095160015
1.28858992232
2.62591349646
0.257397717444
2.54461914649
2.4550405695
1.97888878485
1.81821559496
2.19871800299
0.613737536647
1.12150777022
1.83714470897
2.298653309
2.34717800325
0.414854668951
1.61417915871
1.64202155364
0.167628301225
0.14776853204
2.1998704261
2.52617502827
2.69641601745
1.92175547152
0.552605378228
2.93101166475
1.05919629899
1.69672157235
1.00724911924
0.565758911757
2.57061325308
0.153180978889
1.74139931047
0.186002205476
0.558583892974
2.52267353883
2.34233603027
2.41130911898
0.273270071862
1.91419876252
1.16664827866
2.94342100736
2.3922276929
3.03643029351
3.08591982313
1.93581138287
0.0365141916033
0.371014354539
1.81175553174
0.983766468451
0.389953110483
0.192419348875
2.49320664107
1.79566533247
1.22646281785
0.682353372979
1.19548446521
1.77315176134
2.01022937156
1.55182366188
0.889909390973
0.841727053963
0.284388024435
2.92049625359
3.12263991725
2.4649061267
0.45147103256
1.27325140759
2.18453277698
0.768825775865
0.65429383121
1.15261791205
3.04241719689
2.84192019118
3.04216697501
1.35713699589
1.96752344898
1.42393260039
0.146735967877
2.95415594575
0.12279356677
0.196976923135
2.01759890617
2.75946502017
1.75998510179
1.96464017552
0.476254544226
0.719791631985
2.36401196952
2.68348629575
1.34222212298
2.32654273496
3.13574981711
1.01312355665
1.3533021633
2.36603255312
2.1593228727
1.68079146062
2.1629733188
2.79988994747
0.852129966233
1.4890993835
2.45977984495
1.49923143337
1.17351847591
2.72706685775
2.23383692322
0.492797058597
1.66921657431
0.1214450882
1.12637017308
1.11931666075
0.434627396648
3.12428590457
0.448436254884
2.68440636993
0.232283517517
2.29153946315
2.31661629117
1.87265349972
0.445041522796
2.06186449425
1.27857563068
2.75570860425
1.01642416855
0.394722158204
1.25546404364
1.91899731443
0.0435911789091
0.930158223547
1.15405695008
2.13785055748
0.313326506596
2.70984526277
1.90750702852
1.02741159139
2.45977036457
1.55849346404
3.01991177134
2.78966522167
2.69043129454
1.06269160866
1.72138466528
0.937588406459
0.656108182312
1.54934107827
0.944163711539
0.670793525587
1.1812744311
2.18205432035
1.17487023215
1.63263292398
0.93627754748
2.30357780709
2.4081003545
2.43381663839
1.58384771008
2.66313746852
2.73166778716
1.89587955022
2.10299631875
2.91370722031
1.3448172671
0.656862970561
0.139229417575
2.48334026659
1.15868817271
0.813174154138
2.88829688937
0.724178726165
0.142249667407
0.175151912206
2.68949667646
1.66130487237
1.75458655492
1.72457751807
2.51658203526
1.45788547668
2.44459712672
0.805625264121
2.05654915273
1.71142678904
2.56243357334
1.48577171206
0.901649537721
2.20308608704
2.8099263826
3.00765400377
0.0776361020402
1.55304360529
1.25409975272
1.50123111446
0.789117882943
1.18174697047
2.75320776282
1.34719201135
1.93948461323
0.786137081788
1.75363247727
0.787884124399
1.61682219869
2.33491338324
1.47136113838
2.6279067063
1.8832450483
1.71130736369
2.83158489474
0.853020273842
1.89222262931
2.19166257837
0.564015407138
2.532004515
0.559472404947
0.185567498253
0.432658199404
1.22631668163
2.7593167072
0.261143821011
0.93850311806
0.312545626659
0.080949631097
1.66356890234
2.63676001428
0.682005430607
0.859042884581
2.87482834208
2.05799793406
0.303828807202
1.86638719919
1.6736619638
1.76444930445
2.28200903646
0.922919555109
0.756499430085
0.590603654155
0.239270987045
0.140236744056
0.0156759614948
2.58786979519
1.63636985357
1.25368310706
1.65702491865
2.23596594869
1.80780794764
1.36505415861
2.07930039005
2.62553264536
2.57370539487
0.563032508996
1.11598447779
1.60462738581
0.86301830303
0.110603667587
2.23407946305
0.780162317491
0.462184665397
2.20007473854
2.99374628831
2.66714027813
1.15861515642
2.49257918986
2.66628135348
1.16498878285
0.447663395493
1.3549245815
1.14843474226
1.38510895738
2.28014620619
2.94087774336
2.88567517318
1.82891059219
3.11597566436
2.56414435563
0.634054785814
2.03877601428
2.95888461401
2.45302311503
3.12697785617
1.9395585637
3.03751797128
0.761119340663
2.87166169744
0.202682900672
2.50873785005
1.38630583749
1.91965064953
1.68721253932
0.649213439277
0.278258842655
0.685592444673
3.11467878985
2.9810369152
1.15373399544
1.70546167141
3.05253541824
2.67275724765
1.70143205524
1.7858536172
1.75022379924
0.556477182612
2.43976992238
2.03122076156
2.19363740492
2.52448207885
2.58652095375
2.61728018663
0.257712572341
1.14438589853
0.598469828309
0.689522621873
0.64984408676
1.5266739916
0.947546054474
0.39564111229
0.185037123023
0.972211420226
1.13971388886
2.72641372904
0.207037849285
0.956240324534
2.83464452905
2.07729049137
1.54980330869
1.24272099513
0.11126258146
0.601886450208
0.169216402059
0.927999031821
1.6096916344
2.21348553343
1.43446184318
2.63243806752
1.52186219264
2.61524557149
0.710785490486
2.04632907058
0.206186430285
0.675670169978
1.17464015875
1.59278522943
0.94129308305
0.870853160855
0.774297808124
0.930736272976
0.120846115572
1.79808014569
1.78079167971
0.848025120548
3.01968703153
0.544986137304
2.45917758339
2.47077720597
1.77602513645
2.44085469672
0.917763802964
2.38683787084
1.64518960445
0.365104341052
0.75402077122
0.855920709577
2.34735426201
1.9741037398
1.14842822108
2.31004393679
2.72374700904
0.204170138867
1.82364625432
2.24110053424
2.45220476943
0.34699934925
2.95783612812
3.09570963839
0.461766899039
0.250810312747
0.89292840512
0.81900600281
1.8751302009
3.04726962127
0.952124779105
0.427116435857
2.54440259921
2.7965901621
1.99298409122
0.81111986702
1.56235802177
3.03502820225
2.86488129049
2.05238289
3.11975859993
1.32218773393
0.655949950517
2.42377879675
0.355684838789
1.04656468329
2.5776934101
0.619484856584
2.78545142868
2.38132170777
1.5576346205
0.60524715582
1.3411285861
1.51373465171
2.46252282324
3.05731303431
2.78658577889
0.118994317179
2.99857209381
1.10731215222
1.94692982099
1.30346697935
2.64247563638
1.73350249006
1.62230699999
2.98377984569
3.0695356202
1.5807157376
2.9442018296
0.145028591128
1.21697873593
2.08492080963
1.52098283447
2.18415685293
0.00710944750795
2.46190248348
0.901880442719
0.678663519531
0.17966945061
1.75405300342
2.71971951517
0.336425140526
0.190009983346
2.425368338
1.81109892184
0.446913932364
1.34750629014
2.16214020829
1.27607205783
1.97261888462
1.51560980746
0.771651121538
0.829472613115
1.90401278229
1.49327795127
3.03033905772
0.898642605868
1.5884114976
1.33305084202
2.03179095786
2.16231773423
1.50221833047
0.942729225285
0.983035855527
1.42849417048
2.98384816948
2.23431412919
0.528690060661
0.0565391130341
0.203859139876
0.00913106556597
1.4409665473
1.05241818946
0.603017335895
3.10904956325
0.19921417894
1.8879095342
1.93193188669
2.40154995899
2.12055811774
0.0596078895671
2.10899495547
0.908470805297
1.12306316969
2.67562571603
0.220558899553
2.12950879428
0.448557471261
0.683241995264
0.984631792248
0.871030823019
0.194776226845
2.67007226721
1.12966879396
2.07359864497
2.85347138305
2.62289459335
1.0848925184
1.73912459929
1.3133019739
0.117199286309
2.0686051852
2.15915775933
0.858571467694
1.02525708862
2.11301956365
2.69421837326
3.04849088496
3.10649306879
2.1255288156
2.31497684164
1.33356182306
2.35241091196
0.638476411697
2.87047690138
1.49781770442
1.81447051161
0.615138743892
0.881725446909
0.390346696129
1.71793141409
0.951547232228
0.119004368502
0.945568382493
2.0127774964
0.799832674899
2.62444300986
0.859856690634
1.55377556767
2.64922123878
2.06528915814
1.41592731177
2.67629612064
2.96437593123
0.0435733162058
1.1573927388
0.294210158995
1.41293847592
0.457039915927
2.8179355583
2.37694561781
2.6347376515
0.287790816796
2.8514457814
0.25859749531
1.39965706127
1.54123071247
1.30601640553
0.141931085651
0.300359204533
1.96684834532
2.21113142019
2.49562172985
0.985577151352
0.485082366475
0.608161933243
0.882249498199
2.18681468615
2.86231609395
2.3761014974
1.40294884146
2.02797330886
2.39045291209
0.862049547302
1.77927616735
0.644054201416
2.10237577184
0.84982270189
1.01087592479
0.620740004176
1.22823975578
1.42001887844
2.31726857806
0.593519720963
2.02115131653
1.58777722715
1.33178919306
0.845285340909
1.93731768128
0.598405712398
1.78041903775
0.282795604934
1.96712373902
0.645108481008
0.465992899127
1.65827401998
1.21141322889
1.82439926286
2.62573685971
2.09887464518
2.41078905032
0.109952112623
1.09701328109
2.35701198075
2.85497318607
2.12924455501
2.43862528611
0.758007389995
1.5289346494
1.37164169138
2.08603024225
1.19715489418
2.65584502853
0.141425736881
0.988722735521
2.70155575347
1.79682261419
0.991083815202
0.676712791716
0.56996909285
0.197182473081
2.98436979551
0.618841113257
1.13704010108
1.98880646282
0.476441166605
0.318855474127
0.370459670886
2.39171192855
1.4267255836
2.62197116078
0.648391806556
2.92045751158
2.21611743855
3.0152723744
1.70819970137
1.3521800744
0.464272324657
0.498141113545
0.711782675042
2.15684517431
1.70349617996
1.06798171689
2.2744746343
0.798415560281
0.852449417039
1.45012322857
0.489543148695
0.496860977809
2.94451227174
0.652297528305
0.932240890446
0.762556153097
1.60446639056
2.44581187361
1.12310001324
0.778899134199
1.70640900294
2.51855462113
1.74315371336
0.424121192195
1.15471631801
2.81070022012
2.62211091127
2.85508048982
3.12876378615
2.93428151716
2.56513335538
2.31639102251
1.70140860236
1.4848535302
1.9950580883
1.65480341423
1.89363349084
1.50005912782
0.466089612153
1.0031185504
0.976431653932
0.225466629394
2.55014608772
1.53442326944
2.62480390892
2.80321305679
0.578718957431
2.51872850262
0.976243568276
2.31951404847
0.224102697327
1.97291967123
0.706743090901
0.181467788821
3.09270684307
1.63891910233
2.23761551441
1.59336219173
1.76433588266
1.90506842537
2.77168235359
0.076635757643
0.986175753978
3.02964714002
0.00362856640085
2.02899872441
0.997435756459
2.69061661716
1.29595945786
0.427143392844
1.24574666548
2.50729576272
1.01837118494
0.403673114761
2.02931668712
1.33469773061
1.77360041596
0.702187337258
1.99131795757
0.630836267461
0.965391000316
1.27905915612
2.81019500404
2.72373774895
1.44620398078
2.41201896557
2.88294897838
0.148927070836
2.00854335884
2.78110036853
1.16160531571
0.774343189631
2.08257292888
2.24643482393
1.30985795213
2.26217461588
1.50628714905
1.18291313035
2.21212957518
0.28022223584
1.19199605224
0.870812738364
0.831787212996
0.694800939542
0.207813239924
1.17471919044
0.059958130192
0.850092777213
1.44295360952
2.25994860359
2.00654728027
0.0405543543253
2.99934895796
2.01360805048
1.08646464057
1.30680815979
1.99443177478
0.627067744275
1.9168345745
2.45824704871
0.0118344880227
2.74700822139
1.28263635517
1.37328371099
0.153441778682
2.66565914751
0.339022909694
2.50657751153
2.04252016135
1.93724275711
2.40593326023
1.68135475223
2.55676515564
0.432414284582
1.33069769564
0.0917653637634
2.80290294887
0.367244674496
2.08841095009
2.81536164552
0.219238574222
2.63287422226
0.15799460329
2.54896836563
1.3059405048
0.834784914566
2.97778976105
2.08318136666
1.90336221937
1.28646470074
0.457633182565
0.433411939843
2.58408956819
0.530526305133
1.93762978129
2.75883672925
0.466095756428
0.244597652193
2.3805246658
1.70113879573
2.21011521246
1.86591939549
1.17945036087
0.543662905125
0.40944513028
0.145093195413
1.09344835244
2.51179037582
1.87384569124
2.19628483478
2.20894490132
1.35791196889
2.01723852243
0.47752185979
2.58806807863
1.84356835445
3.04748057244
2.48726346503
2.40112763026
0.187532506374
1.9641919622
2.29735653871
1.52164805577
1.75131994007
1.51601372554
0.193560693523
2.94861667571
0.0581510397519
3.12077545046
2.485388225
0.807628800242
0.828361451148
1.55857808822
1.28906276829
2.03323612585
2.72558057919
2.6625564283
0.656534477118
0.489338279468
2.39988269324
3.02702681022
2.09841362889
0.89796716333
1.8900155524
2.05614964478
1.17481063877
2.5875866215
1.1624050484
2.47319168062
2.78253122777
0.983634328545
1.74410602949
2.57138032391
0.0592770732053
1.10778126715
0.76784800059
0.649798727034
0.0593498692001
2.4850418508
2.8011777554
2.35720343869
0.530239788429
2.110196171
1.06175770244
1.82656235465
1.10019435014
0.209952398359
2.97754300029
0.60214176443
2.04399855845
1.27853082483
1.27592682965
1.05116511215
1.55618376941
0.275475464633
1.57956037644
0.883604024515
2.60899482149
1.64062016755
1.85087928907
2.65959621525
1.24441148365
2.70390110675
1.62270247712
1.03005956386
2.67427784078
1.70577992601
2.39027397648
0.261939134215
2.38978345021
1.92712418802
2.68356095849
1.61458732224
1.13456440303
0.771624604692
0.145793896172
1.33037562786
0.415923995743
1.27398419552
0.480530440852
0.599334225674
0.0785487203517
0.0636359512045
2.33554070089
1.42676375859
2.96941377768
1.40600486882
0.788418551598
0.254788282004
2.61620955988
1.84839800209
1.60951369796
2.32339939433
2.29452198504
1.16761082877
2.88836339667
1.09805908185
3.13784073772
0.688403372357
0.360386106436
1.62409524342
2.79149381825
0.923118013395
0.0596983607696
1.82343098002
1.78109283055
0.214339719176
1.66810206801
0.828802434955
0.287094383515
2.19380212491
1.44643572257
0.420053401605
1.31291676985
0.0957989530771
1.44937593975
2.46725718735
3.07406865772
2.52429536215
2.01429235291
2.53409082664
1.78591477065
1.96006515882
1.79458369561
0.574372775896
1.06609882189
0.362445289411
2.06900658667
1.41598018016
1.2564730844
3.11112503217
0.736091242323
1.37682526746
1.65462032271
0.595318057627
0.136118175501
0.433369543643
2.6742628807
0.854337586259
2.85305086306
0.790513178256
2.82739501966
0.480133540775
1.47965441681
2.46388667614
2.2164494726
0.605789197814
0.180533606759
0.560930464237
1.55880931432
0.152760611611
0.654544610581
1.99442050281
1.6157705323
2.64845746184
1.33656772517
0.104176924825
2.36130358145
0.2932900095
2.04608945676
0.31263156647
0.437986453289
1.86420507532
2.7881164147
1.29754845663
2.30098484643
3.0787149438
2.37668118598
0.782755502003
0.115155203634
1.22484496503
2.17309221606
2.75404460579
0.252747963644
2.11747513132
0.60950027343
1.70474671004
0.011327398066
1.91472751151
2.25554996165
2.23505472808
1.83592084136
1.35627078499
0.722384533144
1.83059171378
0.604528933598
1.22396623734
1.59462036478
0.57609655867
1.39924454616
2.07710550018
0.945816002628
0.134403674821
2.25884444842
0.776926267112
2.97820797388
3.0648140899
0.214344838872
1.21812337595
2.16426893486
0.319673174039
0.186371474024
1.39995385414
2.07592549771
1.91642539188
2.46234605267
1.9614871622
2.49314554331
0.00411406252792
0.479479744675
2.37448260791
0.853942984695
0.785380825092
1.86891137261
2.14667873979
2.65563108266
2.37294516064
0.755810956212
2.61773410623
2.3318147632
1.76999277212
1.45328068628
0.751168884792
2.46424949842
2.94858021766
2.09647913365
0.789183936383
2.19992044772
1.16766713805
0.818641685374
1.41449501248
0.0844249266679
0.114886836894
1.50428752244
1.99811788322
2.06550018299
2.75553734298
0.803106471346
2.40928510686
0.773978887234
2.54261314045
1.41161649714
2.08741162705
2.91285308135
1.51548344598
0.573057007291
0.752720772552
1.73030285892
0.00568167715229
2.75973895115
0.440915618208
1.60226592988
0.461699704631
3.03796856367
1.96683568205
1.62245676151
0.471738840418
0.557223810728
2.46648477117
1.89304952079
1.80860150782
0.122887757984
2.61917834524
1.4755395201
0.0651361440279
1.24708327261
0.0757647211811
0.514396239174
2.70247534845
2.48197958712
0.379304981891
1.70694541611
2.64701349958
2.81965245144
0.81880248703
2.58578359391
0.583375023079
0.966325960126
0.684798948509
0.121714844504
2.31668897586
2.80842806175
0.723461495573
1.22432268304
3.02249360593
1.09365050358
1.60949698238
2.92642458075
0.609778011001
0.495939943905
1.19746969887
0.665213448973
0.295768593998
0.31487103601
1.83184248268
0.482885939279
2.40960523926
0.30152337352
2.12233694975
0.566191571144
0.906825552148
2.12794449387
0.472081627163
0.0246252261153
0.0596675392499
1.71558036768
0.535517264521
1.16665402687
1.46756243626
0.41749690149
2.0940419718
1.19136501106
2.58181458915
0.658645394576
0.813983828571
1.86812293756
2.22803634185
0.566057285362
1.66293341863
1.96187863672
0.32756409772
1.75197287416
0.0387600378562
2.19201297513
1.57355649857
0.63710328031
1.28098027923
0.867408653245
0.0690770553111
0.30759783069
1.60518562198
2.87997407201
2.61599569043
0.77391931457
2.8069968483
0.989969537047
3.00331983391
2.30888606548
1.51614006764
3.05074473475
0.742281707608
1.48594989777
1.0090844326
1.46987704462
0.1955299863
0.765490064451
0.591730590395
0.289939272633
2.08618372243
1.54507032332
0.0238748484078
1.17705009523
1.5578947626
2.27387237848
0.47769056524
0.875030329448
0.874034844876
0.932857723147
1.07231286634
0.704770950154
2.02615980202
1.66725283173
2.76960491493
0.236787844761
1.2652998957
2.25501149704
0.21438209923
0.587104713103
1.88474046698
2.91094900581
2.43721404353
0.345009286071
2.39407657711
2.92097830677
0.229385147037
2.63991240492
0.848960196498
1.6040305714
1.78179143369
0.775804430085
2.60245266542
0.838580560665
0.951755533732
0.434519144029
1.88216416919
2.35092985117
1.15817258734
2.19891632853
1.06197806198
2.02038387569
1.08634374529
0.691619596444
1.7239378831
2.6684137167
0.213062719083
0.800010291117
1.64227700008
1.97422719554
0.598644269564
0.806790104511
1.76336867753
0.0269603698838
2.27830512396
1.86015896583
0.422489379745
2.96570170716
0.272020972775
1.20794119447
1.55626468811
2.27420998422
2.86807930779
0.96929051799
0.352087399432
0.704095874216
0.322427797156
1.57983402628
1.79701985761
2.36995073116
1.19722279293
2.71172527405
2.89716170891
0.214475642625
0.913511792746
0.0893044042704
2.86555376722
1.59230293512
2.52773317721
1.85226549663
1.96564251035
2.11898803136
1.99813710282
0.889975275005
1.22876958387
0.0828298093291
0.653843346634
2.13567614047
0.425140459
0.690292295324
1.39137025013
1.77364716683
1.80485788926
2.04171594084
2.54399692134
1.5617120274
0.73783271156
0.518781341144
2.18360026379
1.73421139611
0.570602938005
0.967573267063
1.05688424545
2.63571436535
0.932456110453
2.14656997472
0.0379730931857
0.475464444985
1.66269133524
2.14732563625
1.960633968
2.55657671526
3.06076982513
0.529442745356
1.19482576657
0.937907828394
1.5820726262
1.5746728918
2.49223526492
2.69153206592
0.431621726973
1.35683544909
1.19456991038
1.496397204
2.97845399511
2.07548184015
1.41703795444
0.170615446117
1.27219861769
0.833291209166
2.53834047199
0.144233956931
0.202084915884
0.190686323156
0.0336202845546
1.40013090931
1.32608105769
2.29308254385
2.77658343656
1.47934375183
1.38349665169
2.75439600965
1.15909240986
2.55648308011
1.5029750431
0.882838930273
2.10536918635
0.96382356964
2.42855497466
1.85571697896
0.0232959765551
3.00102271608
1.70806515706
0.946905894496
2.63797458239
0.639117817459
2.31841752648
0.957916424295
2.11195759261
2.78279256166
1.85638228472
1.24408816716
0.844694720259
0.327834283293
1.90858413502
2.0625775152
2.91554843994
2.49842155112
0.757583521493
2.27803406388
0.648069288887
1.07043515696
2.29399448849
3.02210872182
0.339328324497
0.844069641305
0.0199868425847
0.22414733555
3.04570707607
1.87512498575
2.31608879197
0.868521924751
2.13617841409
1.25748845574
0.0940465504869
0.798655991381
0.535644686515
2.62467218188
1.29023093329
2.58671664453
1.67199002236
2.52552080178
1.47632210074
3.02426297502
0.364397839669
2.59746423463
2.16181132704
0.0371441438155
2.62963252715
1.44981129174
0.0497831165761
1.02661654729
1.05966368554
0.00771808656595
1.14470102641
1.0189021929
2.42657433883
0.778458977596
0.390942876832
2.2984038277
2.22720209715
2.97411457174
2.76591199117
2.61463052757
2.08075723879
0.536264305193
0.819292675182
0.461203827478
1.247839185
1.61610916802
0.70867463336
1.17302946105
2.01146306316
1.43714256507
2.99837643266
0.866634756387
1.99441404328
1.62141355814
0.327680238216
0.611094571351
2.45444359303
0.0469836344166
0.621903874033
2.84424161113
1.84926406021
1.93709758773
1.88263466676
1.28475966881
0.56020043215
1.55195063573
0.105127590627
1.25592811609
2.77628050021
1.60148609429
2.28766378098
0.707839689742
1.34910294099
1.57568174156
1.89544677461
1.32471838634
0.179465913617
3.03922936012
0.164052079708
0.933588718498
1.47359083573
1.30333640974
2.04379490671
1.82090259868
0.487298789309
2.8262307689
2.00549923517
0.798929755172
1.42496116065
1.96906910858
0.399568431063
2.07231385822
2.76601766654
1.10049008897
0.970376966268
1.05008444065
1.19530814421
3.01127746746
0.424384468162
2.48497959998
3.04159426501
1.89411613472
1.24324860052
0.693111501445
1.75587775593
2.36557170043
0.404066528976
0.366935235516
1.84531045875
0.287806183988
1.96302356159
2.2946618971
0.283127208654
0.901393065238
2.2766975136
1.51529106324
1.23368399686
2.68475977243
3.01610165712
0.177055422439
0.248242313144
1.50628464919
0.38619129171
1.16699477739
2.66553912385
1.23069698689
0.777530575421
0.164312267421
3.0947206557
2.00493709022
0.89813186379
1.50922737769
2.01842825656
2.45271298839
2.1190181234
0.684032430356
0.0491314550343
0.707190925098
2.97037476541
1.01564973656
1.86992958326
2.89665878435
2.82531774072
1.88680317119
1.77580533711
3.01476597278
3.05507567341
0.0911912639599
1.82344308453
1.21397230723
1.59758328911
1.32007801065
1.78930969416
0.853058327712
0.10267171876
1.32077769652
1.84223055687
1.39912217143
2.02274506801
1.84642744271
1.50436594895
0.0758291170014
1.86011270355
2.36902266758
0.588135400692
1.27420383188
2.04722928334
0.101751692051
0.900425843909
1.55174020114
2.89327087798
0.000429225121262
0.678788289978
0.00844391574877
0.608345629203
0.662392424133
1.02275126283
2.1073954705
2.55124689824
1.72065606484
0.494709311781
0.766345991335
1.37856848912
2.95180688881
2.017681693
1.22353896933
1.05183237382
0.581846259041
2.90436749055
2.34879857615
0.162330193168
2.1773982764
0.254411267136
1.064054802
1.47988348918
0.693884363813
1.22579686859
1.82359908433
1.27650174388
0.00937982057826
2.28953667956
2.15820311687
0.991131624757
2.95656643403
0.668280169024
0.797942280518
1.21782082834
2.48809388282
0.733969920178
2.79422328207
2.2553869074
0.63322087379
1.47562869921
2.15900387111
0.0672844963098
1.68184859301
0.296882382343
0.576602010379
1.13494788927
0.660739555263
0.994469795585
0.312826627892
2.87092929398
0.048557171102
0.750978826404
0.357629528049
1.56782728041
2.56436840881
2.20242677058
2.54026436359
3.08458404862
0.924382318927
1.07935324574
3.08828873864
1.87511958307
2.03418335823
2.14626459537
2.50524952912
1.34263257893
1.46966334639
0.954566847006
2.51519024773
0.901837693859
1.55090115566
1.49221657155
1.07945091494
0.969406067121
0.726929179775
1.10260965022
2.06422609712
2.39925487532
0.848118280707
1.3661922496
2.87203426282
2.63249188647
2.95958542118
3.01011507121
1.41677334589
1.39508356443
0.827434355955
1.52649098346
2.46288027284
0.890413393114
0.83581465925
0.519670329991
1.12510536521
0.35190590457
1.1963670127
2.76833987411
2.76314138459
2.10437749788
2.05858505177
2.05737259446
1.06096041133
1.8368691066
2.55209072893
0.370215741941
2.63015165055
0.936290447574
1.62711701287
3.00017225238
1.77278509729
1.63610454395
1.63946159119
0.369731954193
0.673518280051
2.94550073753
0.307891063473
2.49168159579
0.535064462997
2.13598408895
0.407691710044
2.97030566147
0.411106817679
2.04240662094
1.48519728667
2.67792610597
2.78772797144
1.99982413524
1.14057531305
1.58879905851
0.545781267528
0.78662674174
2.38132270305
1.84846079082
2.44677497125
2.09995243171
1.81603992188
0.932289630035
0.72771545317
0.153861266279
0.315728417303
2.66484740771
3.01413042067
2.38905574999
2.34699350123
2.80527066583
0.474696123233
2.76053535483
2.96537151937
1.7509081736
2.70831497025
2.24977026352
2.90814325313
0.853959677179
1.10704446838
2.7160687016
0.917650285536
2.69165437539
2.45337068476
2.64283879468
2.41285866009
1.8948016169
1.16295902488
2.87334052193
1.56277032345
1.28720964535
0.368116190153
2.45850708854
0.10425032581
0.76980415184
1.23899230306
0.194429908824
1.50828614518
0.643554845821
1.18497983073
2.2983460525
2.69243279719
1.14090808246
2.51019237846
2.81020778151
1.61925579746
0.807779543218
3.03197065777
2.03964520351
0.607273896725
1.69426650469
1.46404874009
0.854462026876
2.19013943677
1.00078650355
1.7255281642
3.05058651985
1.56190507498
2.67025701219
1.42982269339
2.53730119064
1.19511005965
2.00503684247
2.05733636991
0.484878364405
1.8578024457
2.29892961646
0.831160568451
1.14154065581
1.31958749004
2.09195955856
2.00117512852
0.796643567808
0.90712477851
0.465907597739
2.7926612977
0.883483559256
2.56938441805
2.94876733576
0.25785037937
2.96016507962
0.68927480569
0.454619215751
2.40297527923
2.11614726576
2.81709434521
0.173394907732
2.87220725865
2.37234418379
2.43279428771
2.42794380453
0.406027667926
0.684791457007
2.85949339873
2.62551065952
0.899011542969
2.03551626129
1.04079889269
1.90370871219
2.68608350035
0.964778595179
2.3033029728
1.5097973541
0.769880865966
1.70087981736
1.40065157705
0.546288123024
0.388735876708
2.27336642005
0.221709946198
2.65251155599
0.0953592152511
2.61130696366
0.272556956965
2.45556211496
2.93360698437
2.29094850809
0.605582850313
1.51404216458
1.39022509501
0.565921185827
2.18519450593
2.66767680142
1.1575921697
0.586094854377
3.08849990095
0.0418144206663
2.02385726478
2.52060442813
0.600662739413
1.15839223787
0.978846598148
0.0392408116717
1.43154087641
1.95064581839
1.23899143762
2.41438840429
1.28651388425
0.195949987143
1.22261743852
3.09563359959
2.41049519647
1.02918635753
2.77751479547
0.650785692864
1.85687832657
1.43450918399
2.27978109037
0.609662555043
0.286373308713
0.933156187811
1.0281961894
1.50494717262
2.78042224577
1.89543441483
2.22303256247
0.320833950406
0.466352387147
2.2665762495
2.22145794013
2.72600752421
0.114031830869
0.698006424109
0.820547192158
0.574874240814
2.86842688606
0.197991937069
0.804220095888
0.699890287068
0.0460029083025
2.62416167481
0.829106162599
0.781044606911
1.81681867766
1.88058657375
2.3419740663
1.37865030176
2.18438906047
1.86799899416
0.0929277088133
3.09499442355
2.72920740362
2.5047965878
1.56710848656
0.445550030526
2.90666678872
0.493473783381
0.850188531102
1.56958793528
2.47820766092
3.13201045954
2.14879712571
2.70286012897
1.77457444206
1.97504276983
0.220274551362
1.26677885053
2.77236507125
2.2337313279
1.80979710248
2.70371035185
1.24702591442
1.00625603377
2.95550160067
2.47295456276
0.92245726341
1.23648055837
0.794022211776
2.7473950218
1.18140853712
0.227524147623
2.99057252608
0.326652889551
1.00444555494
2.71870863452
1.29574799802
1.63327168785
1.57908995706
1.65086699801
2.72362755803
0.0945997337446
2.45008157689
1.232510226
2.55771750782
0.818317870766
0.860581100431
1.15189796002
0.166400796784
1.9419935399
0.626454403584
1.11705592638
1.45083410394
2.07000949777
2.54718810828
0.643916843698
0.834457297553
0.522781785487
1.47483515082
2.39641108437
0.475365882684
2.15127290372
2.80223045547
1.85702616668
2.83723784047
2.40721384783
0.326522345884
0.327774033382
0.359440419934
2.68503808298
1.04794410522
1.95490084917
0.106309116651
2.90105159529
0.861893795981
0.0401762672915
2.51136435856
1.75068385978
0.488357895593
0.228724631529
2.94366233201
0.137236279133
1.73895899811
1.24701327733
0.657975086532
1.79498217095
1.35992261336
0.912476426109
0.909733830092
0.343064905422
0.966901028098
2.00643592659
1.31662268551
2.26351508742
2.20723119074
0.685355331979
1.34222024797
2.19021467644
2.43301570377
2.12393248449
1.49868654479
1.53602139948
0.875712778979
0.845059502696
0.28159684057
2.50226423506
2.57736883069
0.261830174633
0.788721729014
0.235658227604
0.927055711522
0.656366630365
1.09773283257
0.323463579051
1.88831332574
1.53120806138
2.93260921713
2.1739610981
2.76619647643
0.696111857583
1.24763005631
2.94450091307
2.30425987647
0.981129409961
2.82174018707
1.11554857942
1.06660852534
0.0652917261985
1.99703108276
2.78124891145
2.65867116051
1.42130840037
0.791520226352
2.12795953866
2.1505000201
0.49761211728
2.20513681204
0.256821456735
2.28438833158
1.07583764092
1.61593427758
2.27622266576
1.21599887177
1.08560954087
2.78401483538
0.342323928519
2.56446746146
1.20867117437
0.179691192871
1.7930506596
0.879324747903
0.977849649904
2.9025985982
0.395504027282
2.85915512267
2.91358629116
1.85638242112
2.795832138
1.27583533356
0.51370927196
2.24650811294
2.50100575622
2.07702285065
1.29821088728
0.904185812999
2.02012222151
0.286675484133
2.31041418326
0.229372126322
0.873848630972
2.38069660185
1.73369588683
2.16242790802
1.57201189391
0.724528767117
1.52685247287
1.85123671893
0.843199400302
0.217266268726
0.0575415326397
3.05274985611
0.246336798871
1.32354869084
2.84342004039
1.91508953425
0.278479497065
1.09288900062
2.30609868281
1.04778412331
2.46272650614
2.32093052935
1.55242640085
1.61592319722
0.835455101757
3.10101092608
2.82360105302
2.39745362735
2.34014343405
1.00833901432
2.02280983202
0.39167930341
0.487143281573
2.68008440087
0.401785312229
0.361984035469
0.0621981542066
0.241366232367
1.83141690681
0.107062412851
0.351908605736
1.72040158542
1.61688788852
2.37310944631
0.517474897855
3.12855917157
1.38289425724
0.928286182807
0.227227897887
2.07043431414
0.54281403945
0.494514713484
1.2126492266
2.49474317968
0.995279865919
0.660668397172
3.07036943989
0.627416280152
1.06087633955
0.0129862461806
0.931548570352
0.857501138924
1.0062336541
1.11498182756
2.23402737721
0.451509719935
1.56460431543
0.342457312453
0.36700276479
0.363067962272
0.229422924802
2.5103436984
0.0163253358132
2.93396998924
2.5539733202
2.22850329693
1.94601966445
1.77473419912
1.78035899375
0.73095968594
2.74629280701
1.76129426235
3.10636882984
2.21942902876
2.66485073544
0.817097628478
1.88642675057
2.14280180736
0.527959464554
1.23615508846
0.423869126696
0.940150918696
0.198369061022
1.19533069628
1.12245337576
1.15359827228
1.15707063603
1.10664687878
1.93922989577
2.1523962137
0.319734104858
2.63042567171
3.05407259036
2.12243578594
0.589131654175
2.27666080361
2.51276989341
2.86108565497
2.55002770399
2.61873630962
1.20156550741
0.419098219366
3.01153034728
2.18891900819
3.11885540817
0.756318661546
0.225421376341
3.00357534296
1.98783001023
2.57968412347
0.882587428472
0.983147699724
0.362147679436
1.65285754589
1.76627686913
2.38093557314
1.43854774389
2.92914560986
1.86543088063
1.42940922723
0.629535782815
2.07868884851
1.53156215721
2.69196621326
1.7272577945
3.00472855041
2.21544475505
1.71936276142
1.69900826581
0.541019586925
0.834604022858
2.93713218515
1.16773061747
2.53514215045
2.15210827605
1.56804393174
2.80404578948
0.315040754881
2.10266161488
1.31907655985
0.811146806622
2.97666043906
3.10635703999
3.08453095738
1.32297973932
0.877891815585
2.04272115076
0.0836475780233
2.88571769582
0.0816820037729
1.99895038849
0.0251491135309
2.92143542971
0.154796046405
2.03928288655
0.791525400003
1.80413561844
1.10883846435
2.67000490985
0.176380322095
1.0756338719
2.62505001655
0.468320182424
1.71810540514
1.18860169006
0.159432442875
0.148704948933
3.05251185308
0.178340565882
0.563993198934
2.64723800348
0.0897603479089
3.06298340059
2.46867529243
0.660552498594
2.37689754513
2.03976949812
2.05060960583
1.10668985055
0.463914949832
2.02008085033
2.61346229057
0.464606089444
2.98005910203
0.884798792515
2.41774240694
1.00550793426
2.61882847308
2.9846496008
0.648650058969
2.28088121372
2.63984235842
2.45372461701
1.36328767384
2.79847116404
2.19783277541
1.61688705033
1.22776060451
0.958922306059
2.75631090818
1.31008989774
2.13874808167
1.39664667965
0.262663926751
2.88144461577
3.00899761627
2.63836193778
1.34653299341
0.693310556684
2.37490013078
1.06659094387
1.97549706259
2.27479521526
2.88889349814
0.572676198489
1.42182595177
2.03822216714
2.88382460295
1.91302070389
1.96317166131
1.17272424955
0.65810016978
1.55937202399
1.39837972615
2.30678489627
1.84787314281
0.54754183564
1.99194492899
0.837379504849
2.03380444071
0.276300583958
2.50974993807
2.71092827152
0.509735853928
1.35532412984
1.45651140549
1.96658027464
1.53421471907
2.96601208127
1.87972715158
0.606651245695
2.84062768189
0.631339931921
1.12620597741
2.2681868272
1.73010473022
2.84369623886
0.955035733528
1.72681654066
1.24617906547
1.56335343641
2.0768670902
0.419705864732
0.530181937556
1.21693853617
0.801242680988
1.5693999725
1.8414985531
2.2647890279
3.03679840057
1.11654249697
0.28848308399
2.3557491372
1.55012165782
0.709104198928
1.51742980778
0.968669572744
0.349572400085
1.3347220662
2.15905607578
0.486824057347
1.81628595865
0.77922486034
0.908876805526
1.27517771812
1.01896206822
0.376712394278
0.159486793601
2.67631392117
0.664245462037
0.137935094177
2.21483224908
2.65188036786
1.78566262365
3.13374814842
2.26575092811
2.908660256
2.74695146034
0.96427583551
1.10942900383
0.276149177035
2.34622387643
2.34024621778
2.42119461537
1.3723496755
2.46646992697
2.8194566614
1.33927897543
2.16417102127
2.69460792388
0.646409950741
0.953784009108
2.69289659572
3.03806596538
0.383392632846
0.8088650199
2.95517091258
2.80016477585
2.614115176
0.306500859455
2.88822201503
0.952190319299
2.92367951779
2.31601805005
0.597893539879
2.03915778738
0.662325964112
0.134388268847
1.70440285049
1.61927079871
2.70023569608
1.90090653512
0.531346011801
0.82538713535
1.89962969801
0.922848825424
1.90242040686
2.93702435405
2.6854717732
1.94156523883
0.692558758508
0.41586783428
2.04422221882
1.23087047324
0.136300258691
2.09233950826
2.61685181168
0.225348662821
2.60765491609
0.490127503798
0.119284823942
1.17830200038
2.855049307
1.53057860459
1.63237348509
1.24133322426
2.84542917375
0.569853576197
2.96151219699
2.72958817441
1.7145913572
2.33638831091
2.9910044778
2.58558124525
0.402465337681
0.797413857931
1.95371749352
2.23153572107
2.48209469328
1.62656222627
1.66330006581
0.83349994954
0.321772676762
3.132662966
2.70291980663
1.39456563935
1.85295496229
0.623256119911
0.17648623982
0.544295328726
1.90195383615
1.95206976074
1.63953847628
0.815095874132
2.90211000776
2.05770422571
2.31026089198
1.90058160105
2.64081870531
0.555974187743
0.523143957179
0.446834769327
0.726414593024
0.961986840418
0.750654356953
2.49956872818
3.05457431951
0.729115434037
2.18911426594
2.82621177799
1.31815228815
2.63881251445
0.17019729288
1.73254766088
2.41263781252
0.134237477822
2.6730745673
0.444836495245
0.350993830038
0.568602893742
1.18479223323
2.37013872047
2.64682485885
2.93323670993
2.98682999786
0.669221412609
2.36028048398
2.00380668091
1.07307472256
0.276922115587
2.34673647198
0.255647447526
2.82557964809
1.35822749535
1.15488504296
2.56828873242
1.21455371147
2.34126154242
1.66499957964
1.57783275258
0.0195697340876
1.71720213114
2.00107738543
2.88386224485
2.76656222229
1.43849116844
0.691030039059
0.23130223262
3.04808046473
1.4218628236
3.1129052486
3.06175245018
1.30206890382
1.9122005942
1.52659649653
1.99545169248
1.11093565225
2.71594885923
2.93403481353
1.41149852642
1.49810584749
1.57299665495
2.55873042949
1.36726825933
1.59554762156
1.80472081141
2.83483359202
2.81196488134
3.09223936955
0.148943886074
1.07489171276
1.13025187425
1.97340735578
1.03619176608
0.394696072049
2.5991849428
1.32400198356
2.21916039512
2.42042308849
2.37649613892
0.235883269672
1.9116698281
2.79501739271
2.33657373301
0.416299341531
1.22336385408
0.86551003346
0.726138516416
2.01483800031
2.63751994636
0.882270085869
0.255867088642
1.24374395444
1.31405906213
0.251819673708
1.86103774258
0.192845883551
0.0984808407665
0.316158053533
0.231016402734
2.29613934738
0.135472778249
0.706431422554
2.88112977457
0.275789001581
2.42748431844
0.538696181107
2.74979568561
0.0620028487665
0.566488585755
1.41700497534
1.08942600432
1.35787584784
2.93740930502
2.12336473409
1.48217249006
0.619285327831
0.50643215828
2.61558227728
2.07127384432
2.42828326897
2.39153199829
0.0711387038379
0.571719251927
1.5713520968
2.39219449991
1.97804802481
2.37763620156
1.08727861631
2.01641556675
1.7479429656
0.455243266506
1.44251704806
1.79403709596
2.72757129524
0.650852015361
2.2878422878
2.19952209762
1.85865563269
2.69210012967
1.57936473738
2.37027364832
2.8281926212
2.69817253982
1.25210017637
1.15775510701
0.836326687774
2.60999781061
2.65580631991
2.70148940004
2.27154569875
2.16785293085
0.339474853328
2.99894037502
2.17884103915
1.4143115039
0.325242419678
2.99338661116
0.96034350418
1.03330809826
1.74835242078
2.59236463791
1.61972645385
2.91907159717
2.43809806937
1.81922365818
2.75738626366
1.70392122077
0.66397600887
1.18943661706
2.17059006213
2.47521321038
2.75751599287
2.26947915019
0.163223358516
1.87584829061
2.94265581814
0.269187922892
1.19339742245
0.778436937341
1.26135005964
0.835055600749
2.25285012734
1.30261863855
0.121904007715
2.22303165118
0.02114029422
0.77630141761
0.208700459411
1.87053930519
2.57758119491
1.92946876671
1.38715903929
1.78488093521
2.05792343382
0.120745805144
0.615727650568
0.759429780907
0.903893908352
3.05806882971
1.120712455
2.89624987133
1.61882766577
2.94521346673
1.29612323479
1.42302828357
2.10920252132
0.420566810057
1.85432940492
3.04334759804
0.896837828843
2.09752744682
0.649945238234
3.07355740541
2.32713082922
2.12642411285
1.63297865536
0.589389792135
0.686421265313
2.46920276027
3.11397618646
3.00651266666
2.74304790504
0.193643955052
2.86480656693
3.02391457422
0.194718274259
2.22885726938
1.86192478028
1.8741664335
1.31250336286
1.26965743325
0.227888527495
2.42344792069
3.01491107181
2.91594516524
0.676657761776
1.65085377325
1.80927082214
0.433291264995
0.0648991065935
0.435651095564
1.00374881312
0.0768728184271
0.830953870765
0.820178038001
0.828708590445
0.863250566519
2.12256489258
1.33607482315
0.525012514439
1.38816117171
0.330197976819
2.57285455665
1.07664717004
0.67527276107
1.87214791438
0.37003370115
2.96733776767
0.674468159526
2.50525682058
0.606950912076
1.62242400574
0.87503508288
2.96000208637
2.32976096444
2.78094098861
0.684342177435
0.434701826506
2.80632110647
2.76132566776
0.991366845028
1.14105790799
1.15239159877
1.81609679004
1.76790065847
2.67002464704
0.40665760705
2.35982066887
3.01823105095
0.617630493577
0.773611607181
2.52704911987
1.18031623782
1.21591955483
3.07570488908
2.76633423178
2.08557361329
0.824082366316
2.96111055268
0.907704669749
2.04029307148
0.48145920558
2.4384773473
2.16291573538
0.117547721697
2.0489201917
0.379431341356
1.60176628355
0.494498434713
1.30188999565
0.113693144394
0.488253567148
1.40535513937
0.543163799788
0.594678368159
0.678397963048
2.59567436681
0.0412238333744
1.39516169244
1.52196410637
2.17727798573
2.16718936577
0.109505109473
0.307222544661
1.2740596813
1.20326995756
1.74839913489
0.618807651426
3.0103419878
2.92411270163
0.201344013673
1.1372687615
2.28678515516
1.48808263809
0.870700658705
1.36852235464
0.79890111694
0.305445634647
0.228176324292
0.492156659867
1.19074265745
2.44451176397
2.57849656009
1.26394421265
2.84533878545
1.15793864826
1.38209534752
2.84496517445
0.837968219212
1.62522843518
2.71158136056
0.304077135875
0.0205315907021
1.1576663726
1.12912784457
0.085346355892
2.75209763426
1.58204551873
1.24289957368
0.344932189965
2.93475623779
1.70797517109
3.00296546085
1.65036176662
1.53134404942
3.0548398408
3.09802150196
0.43706019039
0.662521651175
0.627738778516
3.04968101604
0.388313110906
1.16681440182
1.16260429546
2.86683990397
3.07185139289
1.39673917219
1.5699657674
3.0392065821
0.713395816088
2.16085530346
0.0507369306822
0.321958204962
1.08324305442
0.144126713026
1.65601108743
2.06136455161
1.54769369917
0.017842067527
2.79818658685
0.963061032549
0.668885015369
0.331096097219
1.07173112261
1.97508159421
1.85990525432
1.99890353337
1.46795514715
0.933700253779
0.969965153908
1.56900113692
2.83473785225
1.3864436814
0.0918929074813
1.00252383112
0.124973372645
1.99329586221
1.32193639275
1.16793524726
0.360108047797
1.57773659812
0.832775841007
0.0420772617379
2.63927763314
1.53806620164
1.55829196079
2.79257749799
0.379599057751
0.439611679529
0.720712626179
2.17596471305
0.161442661319
2.55756476624
0.989120098847
1.60672137231
1.93896734226
0.201341507384
2.66132126882
0.737516757866
1.75996396669
0.715220851978
2.04834869875
2.65393270777
0.643558704481
0.639932774315
1.74903263857
1.24427309917
3.1094759035
2.53593478961
0.422703270231
0.526583854471
1.92093848865
2.94358537409
1.06440329749
1.61519558923
3.03465762691
0.547148764954
2.1771799757
0.462328355764
0.746641573311
2.50772946267
2.47007428038
0.369470397823
2.55945171932
2.34029464875
1.98128088781
2.35487662476
2.51051784482
1.61476304087
3.05344886199
1.59037199759
0.0480807739373
0.655468493551
1.14226113107
0.226183569013
0.353829387097
0.817314810092
2.51852295109
1.47926217339
1.96976060691
1.40094095438
0.41802582358
2.14011782107
3.10559772898
3.00489856519
1.46664509978
1.5909932897
0.883132468714
1.21230839526
0.765590132369
1.08014434037
1.02062632937
1.62595873726
0.409800851566
1.49577560278
3.06181772269
0.203288847609
2.55688007785
0.361723994584
1.48220905712
2.2711336012
1.9069509546
2.2722126405
0.583051930392
0.390425337806
0.669162208674
1.45640119378
2.68689102027
2.20440618488
0.304383585919
0.574021534522
0.243852082941
2.23102655965
2.98903378379
2.67791683118
2.56833777138
2.41092655726
0.931930961067
0.869885366366
2.87669606491
0.956482201563
2.12989702044
2.33189461377
2.36241136957
0.371802611368
0.538391029786
0.95701647346
1.60329636146
1.88578242714
0.169150988533
3.0213713693
2.15253620138
2.30898075133
1.92363902235
1.47956598648
1.72522762027
1.89156869885
2.48753884817
1.2248854735
2.98471849829
0.730985749229
2.08345796844
2.28481792157
1.59156934804
0.940529530743
0.295863292842
2.41693723901
0.342722959765
0.435868862647
1.04450697045
0.327936782155
2.8847261088
2.07630746698
0.103361475726
0.936829204493
0.85768501632
3.12077623808
1.89208493559
1.20305076784
1.25828492529
1.29322640727
1.42715695129
1.68980230771
0.0911977740438
2.02355060162
0.45022497689
1.01011611418
1.99186838209
2.01660841783
1.6775102292
0.037057369835
1.95316879902
2.31209976393
2.67363372047
1.67537758643
0.521850399842
2.2743459796
1.86356630453
0.250721839938
1.22357198699
0.48268833291
1.0877412169
2.78893262958
1.76561576259
0.96541495513
0.0926155204892
0.28341216214
2.96759182898
0.307115725189
2.04481710805
0.602225628113
1.47024099802
0.890869348423
1.18273119562
2.41974850264
1.80785283777
0.856004338038
0.384097190457
0.68620113616
1.82133943182
2.36365611821
0.511387878576
0.853172514546
1.06010140162
2.10522327124
0.267585829297
2.84532197234
0.4369323292
2.95062168776
0.552339506442
2.49768564206
0.434032157934
2.19189784361
1.17741607807
0.536539372415
1.82120499311
1.86739597118
0.124324011873
0.547066579552
0.756001397557
1.91481766531
2.37772046469
0.893533678908
2.7030737994
1.51493975834
2.23675579282
2.3767582842
0.0740724831378
1.73089667634
0.962463373626
1.80935024045
2.36912108781
2.88021076444
2.10917952036
1.46736903738
0.838764491805
1.09472659552
0.123347602209
1.46889326229
0.973818891599
0.52049887039
2.29407141825
0.200522570901
0.347949531758
2.46529925964
1.74339742945
0.899959819454
1.65603758638
2.78721551114
0.608153111072
0.241525239868
1.9282563788
0.266712088788
0.174064451297
0.558579437974
2.86520895643
1.06501309859
2.44701768877
1.47188031675
1.57069513526
2.2946900149
1.2532033706
1.2920562647
1.15718453988
0.232557044186
2.57515117681
1.14777099962
2.12489562163
0.0644188680673
1.79268833272
0.808510244343
1.18048473041
0.533581302303
1.3382209929
1.83234304394
1.53320037673
1.91006093862
2.68549640999
2.21909575987
0.551642174783
1.19280409938
1.52362596878
2.98972819521
0.636813168752
1.32438729633
1.89859330556
1.15944240449
0.336323188305
1.76285225063
0.250522704327
1.46621767042
1.2587749173
0.262172544973
1.93136410337
2.43735024123
2.09906768989
2.23731059917
0.859537843312
2.35959203443
0.0697660578107
2.05295472904
0.0616553752238
0.923204302813
1.81171159637
2.41674077309
2.14368767456
0.495455479461
2.53903883331
2.80201876979
0.123795930073
1.81711423228
0.0670938783183
0.217836619531
1.37122302336
1.37700398909
2.36279014142
0.818270764719
1.9464395315
2.84048497241
2.31522487813
0.766482525659
2.35526939036
2.21642450008
1.29319505638
1.28219869992
1.06842160847
0.880572693637
0.729844679142
2.23433897347
2.16602408121
0.243696086277
0.112255464831
0.241941353515
0.0961897835599
2.0014482972
1.55918474587
2.10793733139
2.2370869167
1.32519170869
2.90399521084
1.17381840377
2.02096780212
1.985876848
1.66700048323
0.488631128497
3.01932713684
1.11176035807
0.76312463705
2.16680952031
1.46306319663
1.45917208738
1.09279105691
0.234594567503
2.38485892431
0.0510254492258
0.649661493467
1.76297456134
1.43175950337
1.46156252552
1.28481809764
1.11512778771
0.0189704635008
3.07263063322
2.65264848141
