2.2421117722
0.815339275179
2.30834658089
2.97395015021
1.83493557131
1.09359506112
1.94415699055
3.099265364
1.87203707586
0.784501869462
2.01348450067
2.82522726386
2.53110402189
3.12337197752
3.07671993658
1.1399508632
1.03277479129
0.942141924919
1.66183527732
0.138606375233
1.6087494641
2.84464459966
2.71807939747
3.04342133129
2.49418903262
0.223366401476
1.24430550423
1.56047211113
0.287638048932
2.49523555078
1.47707946402
1.48019609298
2.50399381735
1.89570621255
0.849616723223
1.0908907214
2.13030729601
0.72008238963
1.4152206976
0.977334851017
2.04076027765
1.09674009959
2.39693520142
2.15500441548
1.58900060139
2.36534741577
2.6092959698
2.48641307561
2.1518562956
2.03287692591
0.208557514428
2.60617077954
0.451470808359
2.20239757383
3.13031685587
2.95847916614
1.63657381449
1.78189695021
2.86427629397
2.95970131792
0.438911911148
2.85793349244
2.81534400852
2.71574658475
2.48800533677
1.35027223479
0.82909665458
1.76936230792
1.46978719648
3.13967875201
0.834653282325
2.16930294467
1.4327183436
0.137391773913
2.20066327661
1.71455424797
1.34915083122
0.653110352682
1.33488250414
0.732161087673
2.72683304663
0.838934980828
2.49857909697
2.45513049948
2.64209613818
0.784201001752
1.7423221764
0.312361598385
2.69396377182
0.167067371987
1.75495464086
0.310301448503
2.63167309611
2.77281975073
0.100581924603
1.03904108712
1.40924010055
2.84210058387
1.27088490154
1.04806773567
2.47905901394
0.681761025146
2.78652708031
2.08234022044
0.158615577448
2.55772193558
1.28755391524
3.07669993616
0.812329495395
2.06739519512
0.654613036158
0.585154226369
1.69489849045
1.44240989524
0.267929544434
2.73859634809
2.97050982362
2.67693198447
2.09795100066
2.8999861984
2.56031805441
1.78181707446
1.26457626122
2.79260571434
2.75106811564
2.89478140161
1.03779841323
1.17860435463
2.38820614086
3.11122565195
1.94762649837
0.0497232571081
2.57500043415
1.20741945455
0.572369109577
2.60337810687
0.385907670101
2.71469529703
0.988892447162
0.228727874008
2.79744343271
2.38842304235
1.69925446292
2.89519410914
1.26972682832
2.02910752843
2.61321459418
0.486319610982
2.98667562289
0.926323131065
2.77739122999
2.24925744175
2.31679392086
0.798734416222
1.26222185688
0.695423500044
0.182632308735
1.84384737567
2.90063835641
1.09292450286
0.0458371770888
2.21063273722
1.87131284516
2.01213877611
1.92210898507
2.52251092465
2.89477794547
1.91836530059
2.51173103726
0.153358485454
2.40187917635
2.201415277
2.21440844242
3.10841580224
1.25627057766
0.390679670681
0.492515320059
2.97681294483
0.312215080642
0.928599373008
2.22632811109
1.9116644044
3.14082743758
1.31863765967
3.01284552914
1.2342844862
1.21167272187
1.00254656256
0.534604555943
1.81916268362
0.853523635128
2.82219984203
1.64140789792
2.1752963164
2.4511083178
3.06886175688
2.93395495678
1.07524555195
0.97374037028
1.71917290967
2.76888773289
0.213103813599
2.24916292686
2.1953946213
1.23789183097
2.37800333304
1.9380843184
2.1779591954
2.73753613659
0.275220042806
0.429981028859
1.73516541835
1.93951740428
0.639488617833
0.0894317377922
2.42363290937
0.502251274491
1.6733948712
1.22722252543
1.39288034357
2.71586850692
1.97264308078
0.22149833767
2.59935469474
1.79204646664
2.27192241385
1.90085993589
3.10289139171
0.522559646479
2.29973125234
2.97291461893
1.11955755143
3.01494831305
2.42021255658
2.18603381559
2.99441332367
0.84045821577
1.17399516098
0.795834393323
1.67601966616
2.23350246667
1.43284772792
2.12600858008
2.97699338471
0.239527792036
0.0368607280337
1.52184964816
2.28835188931
0.245278352384
0.981123887533
2.87299324499
1.91773681415
1.43226845202
0.991921371484
2.25221004875
1.11747300077
2.1081630813
0.848899583727
0.0205358893651
2.99107025813
3.13173859967
1.90740862587
1.29320771669
2.52120132917
1.50928314634
2.20342706375
1.26839249764
0.279074497192
2.97508192396
3.04421316964
2.15801210598
2.75267269468
1.9442300615
0.242427392707
2.34982790906
3.06071573818
2.28687329904
0.616082404055
0.959572998223
0.0664561232421
2.98773533517
2.23874954168
0.668590653039
2.53950006986
1.361580629
0.360693356191
1.56721609692
2.62664284662
2.79678162452
3.0822713933
2.58877279911
1.32483860841
1.30251530921
2.6169025701
2.63911828672
1.62210320292
2.06262344519
0.728097916629
0.478495738738
1.65019518708
1.97400822468
0.134307809901
2.40827508465
3.01010058284
0.828432841783
0.00575945248237
1.982579209
2.31491350044
1.3497125353
1.95801220965
2.14326274584
2.78254484539
1.34356007476
0.579735481763
1.83628827554
0.664469716854
1.15715017707
2.98546266106
1.50277750522
0.235232328566
1.50224931086
2.25687915482
1.57598265428
2.48273590902
0.29928402241
2.15826283201
2.07561927895
0.916197434157
3.00687585572
0.573867432738
1.09766246969
2.70954783741
2.27671721588
1.96665395001
1.44158292855
0.77627334062
0.810599903372
2.63274383967
2.09604637489
3.10442448927
3.03086765575
1.91163822928
1.49976077651
0.447906913941
0.0861297876913
1.89211624974
1.26384069036
2.47414001863
3.0809545539
2.25991920934
0.818172834065
2.79355131871
2.10299769739
0.109317191824
1.50516745281
2.56547717003
3.00470861878
1.94369867994
2.90298397617
1.83996489189
2.09221200723
2.53361414156
1.81465363782
3.12797529839
1.28325137619
2.66449260351
1.88188809867
1.97119252124
0.836152013889
0.429152407892
0.804216445228
2.65957597029
2.76312749283
2.55186426114
0.935270277311
2.79715262266
2.55672981466
2.05003530791
0.350148088743
1.76695209246
0.582947992235
0.170054164801
3.01087651883
1.15670637297
0.456039284423
1.88209663475
2.58532376579
0.156583176678
3.05573252301
3.09943773428
1.7046539991
0.704373212545
0.268209558591
0.911403488342
0.732017507603
2.92193894689
0.479718041506
1.20467360887
2.25069337102
2.28622022089
2.13364942916
1.65411330185
2.31599064
3.11513829975
1.9368278184
0.827365131046
0.340990341667
0.51344389827
2.12654548267
2.47987745413
1.26680115831
2.76574668722
2.75960388633
1.77274915688
2.4449176026
1.02287868423
0.348349078619
0.341139531962
2.88255114202
3.06031860182
2.85349197152
1.71714760394
2.74268134415
0.702607530681
2.4385834315
1.44466183647
1.42511049775
1.82172841362
0.999630458116
1.9168802189
0.416391305659
3.03336538184
2.16416647833
1.53905644295
2.16055534746
3.13437682025
0.83014333893
1.87492843398
3.11124104046
2.957786466
0.433361465794
1.65296270473
3.10198970764
3.01554630756
2.83735620162
3.06360635668
1.50768831153
0.65630523735
0.671696926139
3.11264312139
0.570035898174
0.739646506456
1.66658841155
1.78567751316
2.80021834987
1.79632445786
2.9122225612
1.16582653977
2.29164979727
2.60205874243
0.205117593892
0.177122983392
1.69093176755
0.593370231546
2.58919695975
0.0375654825305
2.74129617101
3.02412833636
0.918391602642
0.351636370829
1.30102509756
0.792946592897
2.29710871986
1.69772100704
1.92158236675
2.75345874039
2.36691297671
2.46933602503
0.854955682573
2.23651982552
1.14797575539
1.11345220808
0.357204174071
0.30487903087
1.81943310568
2.74348616235
0.429296880968
2.7339298571
2.83048837912
2.48922438676
0.936251123823
2.00653509961
2.63417169398
1.53448338882
0.718530810659
2.76435554636
1.25174605139
1.64947790921
0.556315820119
2.06687112043
1.42396605354
1.08689943848
1.89374137754
1.23208210935
1.01759173298
0.0891933247398
1.39267036881
2.88381836381
1.82533212071
3.10647097062
1.53287250732
3.05170864479
0.357376157608
0.810889908496
3.0585681471
2.50810650291
2.17411000848
0.584384510365
2.70667763454
1.61390154645
3.05492965921
0.432283742269
2.53037697731
1.62377463297
2.37231052331
2.5362526616
2.2199265492
0.997577855805
0.129377900596
0.716756475126
2.27181017751
2.95060246759
1.37915450408
1.45550972639
0.946687042034
1.35195312087
0.15257702946
2.53646094993
0.339654768483
2.8536136665
1.0816686622
0.234341745008
0.461446839712
2.72028338542
2.24168104175
1.227373172
1.85459120129
0.57159154862
1.03933480864
0.316283726631
2.00797167939
1.18569917879
1.73923445002
1.08402831699
2.42276259607
2.74679081432
2.19542895582
1.32262204539
1.72866908793
2.88633849013
0.12316690425
2.40689349205
0.0947784192985
2.25877788441
0.367919539528
1.86232326925
2.14392565913
2.08788688016
2.11838200974
0.912829092423
0.354623899371
0.461986989644
0.50465179676
1.63461852885
3.0816270513
0.466762484539
2.99748025322
2.85380645746
3.04258912387
1.69433629828
2.84174089428
0.0146741234625
2.95707154497
0.662334487558
2.90607374937
1.74131827847
1.79154584669
0.77580629623
2.16738893557
1.0504634559
2.48565415067
0.16845605009
0.175885976607
2.188812099
2.81399129703
2.68196326301
2.37035420285
2.73902637875
2.7521920121
1.01897364357
1.53326571809
2.1622990372
1.58519515986
2.55967187102
0.906348979709
0.173244174549
1.26664181941
2.79444646244
1.88150313546
2.1598505543
2.46862252112
2.01636434315
0.128138378294
0.580131264628
0.920288159203
1.69158092503
2.39235185837
2.63692348448
1.61047420012
0.982719244231
2.03210708806
2.9022981952
2.93867797665
1.94658913753
0.640205365248
2.87508611155
0.867674267194
2.65163835056
0.526390115491
2.29656663804
0.985171681378
0.19806089763
1.1458746401
1.43362059458
0.336189110889
2.77110172405
2.92857737914
2.68292784512
2.44910409887
0.984395448622
1.27863268491
0.654806440264
1.85404532618
0.344892538375
2.96407557815
2.9749957879
1.8168949064
0.216395282135
2.52592764496
2.52677492592
1.98762949174
1.01683055842
0.678282931959
2.83901713366
0.591911831044
0.375841477726
2.48339747494
2.94972606379
2.9419983472
0.248187156414
0.410915693677
2.34089583993
2.82273508816
0.153790624095
2.16563878005
1.68338431886
3.06884857772
2.27616317933
2.94358497211
1.13138363846
2.84275795545
1.90797244911
0.850233615971
2.14806942346
0.665085598597
1.49780657757
1.04522271201
1.95614493084
2.08449628908
0.0611185051183
1.65093223099
2.84415066861
1.0190344583
2.76069657793
0.209049790754
0.993073889128
1.21308221995
0.0749168970647
1.88798122633
1.4925337005
1.78883235107
1.80535742532
2.83650704131
2.33999235703
1.73578295164
2.57699755474
2.79380554039
1.62015710716
1.53714626629
1.86903299433
0.803054362765
2.08660464089
2.06162727919
2.4857920392
1.35764058105
3.12260838034
0.279740768772
2.98080500791
2.94707990339
0.520561568333
0.177440837528
2.00098567589
0.107927672641
0.0195506411204
2.256747149
1.90607364571
1.15411125261
1.92425209493
2.25734478476
2.89200687221
2.89100965407
2.77393415779
1.41549457033
2.82154564219
0.621762921025
2.35275843193
1.57144225349
3.09135742284
3.08163168505
2.05069196692
1.89699211176
2.20401809758
2.54154623782
1.14521992866
2.377156757
0.891580702997
1.16321841301
0.805949487047
2.57546079582
2.86006553546
0.93726089796
2.8819244979
2.00539959325
1.91944725334
2.29470746611
2.57690502106
2.99489230604
1.74538233162
0.781934561768
2.93807581053
1.09733715713
0.382970021748
1.32922962105
1.1974798872
2.1237795352
2.31439568746
1.34423513908
1.41260392165
1.28911907356
0.112972087872
2.26522221608
0.924680112048
2.72249772018
0.739195942424
1.97558601283
2.44648814448
2.23902729439
0.181314415526
0.739498913784
1.77890486793
0.509570429793
1.09187709643
2.10082370873
1.94468069746
0.643469467866
1.85600628014
0.894301653829
2.78164974841
1.52503390097
2.45543104703
2.80415614208
1.88655434246
1.1045558748
2.87810589689
1.11165724669
2.26239566346
0.626445422139
1.33416770608
0.609253767754
2.36036682178
1.61366810276
1.11625728813
0.749534465567
0.605732775643
1.38382263509
1.20624549071
2.2457108715
2.8735775588
2.82714547865
2.46188322833
3.00381509299
0.595528079609
2.56690049577
1.8554853151
2.69731164004
1.45068404641
2.98623446231
2.65507666834
3.06114631537
0.799969843018
1.82847243303
1.7543811498
2.92615426254
2.17863173133
2.99662951257
2.43394573917
0.917749105319
1.26766723373
2.34536720801
2.13099211476
2.22846141287
0.49716665923
2.29204221782
3.04534304204
1.67552403571
0.189655294846
1.94066673715
1.88682655222
2.2891178429
1.31552511669
1.37507836519
0.903638450851
2.6792967802
2.04840040127
3.08464024533
2.83562861028
3.0721189443
0.764646115913
2.97215481607
2.81033487606
2.86167126053
1.12000364257
2.13219101843
2.70231355029
2.70233154086
0.677137061689
3.07144426026
1.381891701
2.25791346277
1.32181571438
2.65811847496
0.176552260512
1.32253486767
3.01754439732
2.67859313238
0.208915256759
1.92996152763
0.220991584398
0.902504841399
2.26012518926
0.83298169578
2.90335895578
1.93924808417
2.25321864449
2.73232028166
1.46918003998
2.48992590192
0.441351307781
0.204465660079
2.49417197491
0.458692495144
1.54703241188
1.79576618055
0.772942356139
0.948432245513
1.05944536668
2.47207405758
2.1785991928
0.0778778859202
2.06935545148
0.452696660722
2.37478205132
1.41360280614
2.44667558075
0.3429154636
0.977185942789
2.33875662604
0.807981557673
2.9275941912
2.98415510643
1.48301737075
0.203383716597
1.96012680779
3.04924895143
0.507463709619
0.809502157052
2.88133832311
1.0271638836
0.0271402407229
1.23810044674
1.34398368545
1.44449860302
1.33217450653
2.65263806829
0.914959736276
2.92322523867
2.74190518475
3.00313380477
2.11646522225
2.79865292616
1.69991711151
2.99836764626
1.00941009199
1.49550607925
1.91270413804
2.31069014475
2.71836662469
0.95367274438
2.67120286718
2.92438278328
2.32174104584
0.464576050693
0.417744745195
0.623097066061
1.7016964884
2.94434213641
1.30239403055
1.66917471618
2.96953612382
2.2874333583
3.05300713306
2.46562842905
0.693274686495
2.07730789193
2.07584268347
2.9125947236
1.99734663804
0.623191022418
1.92246523504
1.86637032696
2.53377714607
2.50263220125
3.0916931785
1.01799602134
1.33967592216
3.06865364832
2.68918262737
1.11300804864
0.80135660751
1.4316463738
0.382281022484
1.47871237322
0.213778616804
1.57748519721
2.77289275502
0.286708267088
1.79854731012
3.12623558751
0.17863653052
0.97022630084
2.30192771834
0.922122945244
1.419990921
3.12695604205
1.19963653232
1.15582670594
2.01584079002
2.62138456531
0.669624022347
2.08743571546
1.3764008301
2.32252299834
2.93820245101
2.68697489775
0.251951155581
0.952198179277
2.80164466967
0.506327920665
2.41655118625
0.265131431483
2.28897416174
2.52769859723
0.909719096834
2.62486287164
1.46842757035
0.370137579035
0.530704850116
1.39942754563
2.42185332887
2.2019401993
2.57702945779
2.65888471334
1.1566637219
1.12437053078
2.11432927613
0.41423776943
2.56897641629
0.41035756359
2.32913512756
1.82724446452
2.9628875108
2.23418496234
2.23864990212
1.2869890825
1.10578331068
1.09066313053
3.05824482972
2.1197054332
2.95264192039
2.61309173241
2.25963218141
0.863063802176
0.264839195223
1.63747110589
1.43573360703
0.525765874465
0.33675201752
2.32104112032
0.921538764467
1.22016571359
0.297513065053
0.143704006384
0.0564668617337
1.49995022736
2.97600175444
2.99734907483
1.79924188408
2.3477349342
3.13220762848
2.39932061967
1.30160997552
1.72633355143
0.470608091207
1.79433057972
1.95485111876
3.10059474953
1.87714846668
2.40734279706
2.35435068996
0.996211023321
0.416445761083
0.611476516386
3.00508102416
2.47327514022
2.37164811335
2.6716199145
2.64395004666
2.59280355406
1.46470530158
2.85903160403
2.93632795328
2.80685175212
0.231214443411
0.0709961945312
1.73702092754
2.01748888098
0.456658837292
0.134482014693
2.41358292232
1.51856008413
1.70678577772
2.04983236232
1.63982459262
1.89613123658
0.610711586489
1.92331639419
2.78788223332
1.31312617948
2.72959699062
1.26626626931
2.44703726069
1.87365096644
2.65522382108
1.96076311603
0.215318884828
2.87736169698
1.99670154883
2.99998035271
2.95916790069
0.852045225616
0.796846260686
0.782978583595
0.461791138002
2.3892380183
0.966819697664
0.235947958619
1.1804576083
1.57558842412
2.50559615937
2.46637275156
2.83580766644
0.756728984814
3.1318853948
0.4375028634
2.00993283415
2.04673908917
2.46514138244
1.87303132031
2.50609452617
2.80236377942
1.13708417321
1.67788057557
0.670616330762
1.39549328699
2.10570389094
0.290850936557
1.58994986114
0.694926345191
3.00984481311
0.225276979171
2.21988188957
2.57310892711
1.11832943573
1.79498841721
1.81344811333
2.68599782637
2.63584285412
0.0527309469526
2.08628696256
2.144069046
2.44268501122
2.79872382086
2.03124037489
2.29448321699
2.51548018163
3.01474302445
1.45198777376
2.1496359353
2.23423657984
0.90753318022
3.06662066799
2.52521105826
2.23506473049
1.89824537681
0.995924703803
1.29879255172
1.4300124615
0.630727511197
0.742558048954
2.06065329972
0.456099030925
0.51675488721
1.67457776237
1.13017124216
3.09729842432
0.184806316918
2.43456838074
0.00381954146778
1.08837123454
3.03469781393
0.414428001656
2.62780097967
2.92372033561
0.146637941643
1.78156204526
2.03410466937
2.50395232686
2.68724436062
1.2875805206
0.308355307217
2.35163091947
0.333472365673
2.95258128543
2.06370188579
0.394913893654
3.05577378412
0.29479255084
2.19433135587
0.477537410408
2.14611916285
0.691121517887
2.86417711112
1.61961980171
0.484764159168
2.68781340816
3.05870780699
0.0872047201729
0.425119319097
0.574493622069
2.89128664623
1.45576286144
1.56812183267
2.0218091184
2.2860200638
2.22527464929
1.83085184788
2.29752867784
0.766375352111
2.88121246039
1.95659747208
2.53631936895
2.76087862392
0.768522556597
3.13120633136
1.02347943487
0.771814030827
0.771797647124
2.71977913408
0.164780541222
3.05146647014
1.02437088446
0.123992043515
2.59721588666
0.240537809546
2.48635284724
2.85768583298
3.09628300271
0.447419546519
2.90533949269
0.648446651235
1.7769759202
2.99539664614
3.07791609464
0.633305667757
1.54570444767
2.33699346785
2.41249553939
1.6494768037
2.56407812503
1.42590927984
2.57788752574
1.8964070303
1.00252688046
1.00906557638
1.45264667135
1.29057302136
0.255215607407
0.716867760644
2.35186239212
2.45724853918
1.95377646046
1.87012115655
1.84797928123
0.962789875003
3.05736771261
1.52847174473
2.10678152005
2.35543580164
0.653004469409
2.88883020249
1.08340690896
0.743196368247
1.90324764948
1.25207238891
2.63232692832
1.13222151818
0.0358899054659
2.97594073523
3.03398483655
2.96249340949
3.07093447107
0.541545768837
0.559886032242
0.781527517847
2.68927134618
1.15315459008
2.68820056859
0.837255789904
1.70747165618
1.43028503343
0.719320564465
0.930815474463
0.90899163362
1.49071164523
0.282615734412
1.81655734116
2.33744524515
1.27910437367
0.574712011932
0.667022118799
1.91353709516
1.02046375759
1.86318112787
1.93964450605
2.29678284204
0.653764708533
2.04495916594
1.13188232214
0.462694220219
2.52433943877
1.04225128953
2.17420366099
1.37305781881
0.235316897742
0.852726218368
2.50753183519
0.878145604705
0.148622918276
1.18598619682
1.75018390499
2.06543547438
1.66976711083
2.58907006713
2.90668895709
0.151669086407
2.15172651492
0.52877645111
2.13678156816
0.598722156931
2.11648144773
1.27311348818
1.08341446681
2.75965497581
1.78056211298
1.48649139109
2.27259093858
1.60388472364
0.736320419728
0.880521213752
1.3404091871
0.857068007309
0.271882365777
0.325678295397
0.32934576791
1.88988484955
0.500875410352
3.03031398858
2.11224080585
2.16656177746
1.20495386706
2.10909692413
2.73526494285
2.10809320263
0.884571806942
2.25279915934
0.989665570282
0.764107341663
2.93745217652
2.94362259572
1.79969864179
0.428926753474
2.26974069399
2.2759813615
0.061130107349
2.94463443095
1.9226892929
0.838759370855
0.042839499249
0.063637556189
1.26282378178
1.20882027915
1.31616897269
0.569178405002
2.00128270737
0.797777423881
3.05967773385
1.06210985917
0.566490683082
2.23416443297
0.43413914264
0.248753256977
1.90572848864
2.50854781887
2.91070211306
0.730021058649
1.08461401731
0.7117456876
3.04655535912
0.303161041452
2.77125894603
0.327414376684
3.09485750875
2.63862747328
2.59555801901
2.96006528238
0.949104820104
2.28528652268
2.36351372399
0.714718988398
2.93951577976
0.594542693651
1.78831406873
1.18681899368
2.2667330466
3.00204818518
2.73596170087
2.80991276531
0.947238418785
1.04431841517
2.91830903511
2.29044008332
1.87817258069
0.729572450348
1.13703242444
0.521600340061
0.170834979707
0.719209891887
2.32769585801
1.00970373808
1.10480064197
2.3703448656
1.09824285912
2.22113539766
2.3782604136
0.0166153791676
0.0973150401527
3.06565049363
1.34233389143
1.70084577459
2.45487535197
2.2460064388
2.30101272463
0.332334207834
0.469654563766
0.152459663818
0.870430326792
0.477149795514
2.23631919585
0.522978273769
2.13657298895
1.99642175098
2.64021014829
2.89277624617
2.77416919004
1.00227425625
2.77820404061
2.3264206881
1.34649183033
2.42916490243
1.40466822665
2.57226043386
2.26511101134
1.96021232068
0.703483671679
1.71219043188
2.72314356832
1.99367424953
1.00808239705
2.50969049264
2.59478617583
0.731462573519
2.24074355763
2.40012397593
2.19578386157
2.8407365059
0.846164340549
0.248345850895
3.03685197768
2.86223862957
3.01174728474
0.286211547392
0.692590955607
1.06873626003
1.91749169251
2.95620033303
3.06335682216
1.16084439436
0.446292078848
0.0832844765996
0.280941508903
1.79551610436
2.95468074752
2.72730785032
2.2396249345
0.115261652911
0.306388227338
1.02354173733
1.13258263463
0.276091569022
1.94624906589
2.26222417735
3.06671712373
1.70433850823
2.49679611402
2.19464655408
2.31729904656
2.38282220461
2.83791196587
2.6019610741
1.91884440301
0.827980861553
2.36902479362
2.92861502113
2.44005109648
2.60278844025
1.17753864452
2.91608337136
2.09009238724
3.11184514826
2.85716736148
1.61871401314
1.47291297591
3.00332389288
0.990678699777
0.521884431639
0.588873832206
0.635572072764
3.09758199524
2.10534922263
2.10166943081
0.558768909536
1.71967136327
2.8245226635
2.83341110504
2.40447165648
2.94839226573
1.77997768803
0.153660204052
1.86039278781
3.12898420136
2.39844918016
0.0817951265365
2.53306615528
0.357064440274
1.17140050814
0.494352319797
1.10022259699
0.91354621589
2.15110275577
0.168521422507
2.98819289946
1.2860303474
2.02678811948
1.52637268428
2.81832166014
0.266775839285
2.94680968191
2.10769238928
3.11689722277
0.337356075535
2.6803510373
2.62770656491
2.85973456766
1.72411404104
3.12336548306
0.66306382081
2.38162412021
0.219956689972
0.439251927642
2.69581500958
1.5166825735
2.45527237253
0.683516976132
3.07397423182
1.27374454106
2.67741881321
1.04153382996
0.150980578123
2.86369052941
1.96281476789
2.80982115685
1.08578068947
2.88577578238
1.53667742385
0.6554245252
0.0592808568149
0.665312253467
1.38409285192
2.01538725352
0.48596823087
2.96303156416
2.39942372317
2.82000981434
2.83998581742
1.2439935066
1.12401812636
1.4388872692
2.50699907769
0.862100942547
0.453451263461
1.75915438731
1.06589371031
1.24798294835
1.95805258526
1.20765791788
2.85902962284
2.02089137999
3.03960205536
0.66474700295
2.42764545314
1.40213793994
2.63037519691
1.12012229345
2.99957088031
2.99180159293
2.9204370411
2.40972072219
2.78768856375
1.89812253796
1.03678857066
1.61901399311
0.161127847688
0.904873799042
3.10426448307
2.9893127068
0.251608991428
1.89489002092
2.83810148605
2.15072605632
1.96952278539
1.85991669052
2.39351146588
0.726803078897
1.98493822012
0.533415706854
2.09735608923
0.441328457016
0.170523065042
0.371850916655
0.813238901283
2.64555404066
1.24170666162
2.52459781516
1.0652688066
3.01021651617
0.694642112339
0.163027513345
2.47129166792
1.59002696342
3.01578338566
1.77255678901
1.90141214472
1.43236906791
1.65692112812
2.2427798843
1.91618832523
1.77020101323
3.05079398579
1.84559578752
1.29219553954
1.95922146292
0.804889557137
2.24182516463
2.65832446627
1.96562314306
0.108511303852
0.33678259983
2.67878974244
3.11039211599
2.92614298662
1.66728369188
0.315623810337
0.476869319911
2.08189753225
2.25319744825
1.64580133046
3.04496968951
2.03243091694
0.441017183494
1.7995509961
1.71101233202
1.55330358716
1.91019851834
2.90332302339
0.80001071782
1.96577627871
0.752170203806
2.70413372263
2.81530643663
2.70138468197
2.81179728474
0.786404545387
1.75154846185
2.95493037786
1.05603722019
0.444544003143
2.27579535489
0.640505208358
0.231777003807
0.245968230255
0.549791875527
0.101674260273
2.83743407495
0.255651481037
1.70145278185
1.01637677483
1.70264299024
0.318200978529
1.0583823649
2.33562886226
2.59088742722
2.28984378373
0.205466051368
2.83889397921
2.32170014048
0.194817595097
3.11843771383
0.183573744099
1.99943789853
0.156623426949
0.0731050792072
2.28839015616
2.99364647183
0.823884389984
0.627763229966
2.16954335719
0.988905562096
1.9104622136
2.31414680461
0.591512068126
0.17572522102
2.67623401909
1.70775931515
2.59455397665
0.604386121127
1.04425281255
0.740583705341
1.50794020312
1.23416025376
1.61378167644
2.70570426095
0.827232759088
0.476221951617
2.22970871285
2.56731782615
0.933964256476
1.20627284272
0.429296641202
0.458881712985
2.67634847551
0.538180678392
0.0638083252789
2.28514132854
2.1940667048
2.39625635149
2.37191364062
2.99075937811
2.38092653842
0.675964728441
2.42934946458
2.95801136517
1.44476711881
1.25044370203
2.47941409186
2.28102997229
3.08599169683
2.21710709035
2.05820080438
3.0603397521
0.927165478464
2.34785211209
2.19702814309
2.91061168294
2.85543949669
2.47331887788
2.62557871692
2.45924700234
1.91736386583
3.00727427004
2.67741003747
1.49327106399
0.329833078261
2.89024361637
1.64252291519
0.204710245864
0.310119748385
2.87986631142
1.19547959209
2.80802208452
0.640647539289
0.976249533072
3.00904676338
1.19815857372
2.98600710819
0.51303806695
3.0803578078
2.74415310088
0.957805152241
1.30221037648
1.57891383618
2.83931639426
0.369498985326
2.90875412595
1.89954079536
1.56245703445
2.54053570464
1.21853162159
2.96193374957
0.408843733025
1.44011077874
2.01509548218
0.996183203303
2.39501071435
2.99263672052
2.73022525796
1.21873230321
0.661257980239
2.75861749636
2.41053913242
1.68855929288
2.55050282444
0.940434067768
2.94821727483
1.02607315831
2.76565063318
2.1655662417
1.62829638246
1.1748677564
0.203527873672
2.56725254366
2.87774543619
0.328324637123
1.58193540238
2.87016873527
1.00036837069
2.47189404394
1.1307160574
2.00751051745
1.60316807218
3.00194580408
0.0749815712323
1.27765932118
2.10647373496
0.865580382945
0.795953946291
1.4383526881
2.4680718577
3.04798239172
2.35506302671
1.44117339421
2.46306974584
0.179007790003
2.96355909517
3.03573760289
0.278133457909
0.3142245023
2.76949811307
2.53545763833
2.73068967629
1.17600223008
3.09866632787
0.353742767977
2.59634571704
0.591787571701
1.14956842578
0.229419430473
0.331998959465
0.904786772539
3.08088768819
2.59710498937
1.7849249966
1.03774974027
1.27642680048
0.952645328871
3.02657285692
0.346334992375
1.01270870627
0.447816415066
2.766992555
2.78486392976
0.140737556407
1.65873842425
1.73110838122
1.00310859779
2.178539124
2.94420379979
1.87270374446
1.9611077164
1.72878750631
1.33327369966
0.875576026344
2.18187747755
0.62159272626
1.68954068843
2.96610219882
1.18722135239
0.848741881638
0.0928946191051
1.46596152833
0.863465373663
2.61606456987
2.59197379435
0.000541672401872
2.23062794893
0.597161550117
2.9505193569
2.37574636207
1.99977352195
2.92069991451
0.345945798988
1.47675458675
2.52336353799
3.07503309815
0.781074365965
0.778256444836
0.357193987588
3.09475413388
1.8033492555
0.957594045479
2.8914107161
0.682445015221
2.27498010355
0.950587213174
3.07147813456
1.43397901033
1.8410090027
1.7136326368
1.90884220382
0.608414720702
0.583526050401
1.29606475536
0.0085790143188
0.300355136354
2.44000847621
1.20952150288
1.77866434175
0.598850911888
0.119131637614
3.06110890052
0.909445480958
2.81451242987
2.99030074415
1.47410216862
1.67346395009
2.16450714502
0.70220843786
1.00244044123
2.25163911983
0.454541592488
1.67325096103
2.39422284795
1.78887801577
3.06900086335
1.72214043538
2.57944948475
2.59759229937
1.61058955705
2.6015515702
1.06516263688
0.836310155826
1.42688626241
1.73385157426
1.85787283989
1.18159736544
2.99485963376
3.09369559557
2.2431729631
1.52819562214
3.04011904433
0.963483247229
2.23215432608
2.62310663636
0.798427374506
1.20691578399
1.37723246861
2.82335469057
1.88023244408
0.675789748248
2.90862078054
2.81485397155
0.388650173258
2.827881228
2.19243812377
2.08931064112
2.7588945735
2.54495583433
2.95725651741
2.02523139819
1.10968725262
1.64398564582
2.83529535182
1.06236922861
1.16468660807
0.177212491265
2.5418809772
2.078912708
2.68307328165
1.88281896474
1.34341658745
1.95034008662
2.5945516806
0.695733097031
2.353029291
1.81184418334
2.54586425447
0.329511207035
2.76669053754
1.6911456084
0.072297692191
1.80949810095
2.52459120342
1.55314935454
1.91733029496
0.969108774144
2.45168678812
0.463218616952
0.397302972699
3.12875576529
1.43216701729
1.91988735648
2.26945508044
2.60735736078
2.80690282213
0.301415717855
1.80244889339
1.2495896182
2.20199659281
2.2116072264
2.19369326661
2.3050507248
2.75443344003
2.31093356386
1.82575219745
2.99510776714
0.28184737518
0.4128614931
1.85519994903
1.40717863902
2.59848484893
0.0818541079905
0.16683488158
2.70172019814
3.00501692172
2.60232059668
2.14778087035
2.35159359966
2.28051554514
0.0474794873955
1.01278979176
2.97409132006
3.05343888951
0.277094311194
1.76894616849
3.06997955308
2.07472071939
2.63395226948
2.05104551252
0.984479489059
2.36841607959
1.35106364616
1.77660116925
1.75992701132
0.341653556941
0.185332448999
0.493984821874
0.00903007532281
0.475135221485
2.85695918648
0.815317860236
1.24872578689
1.6548752289
1.73241172137
2.72988631964
2.19300931178
0.040102645547
2.75734270733
2.5285779057
2.637740624
1.13179234823
0.110905844507
2.61767693512
0.929956747717
2.9781787532
2.13285489816
2.78303302101
0.737637306905
2.40811261871
0.173105557178
1.99317603462
2.22026261973
2.68898479098
0.658463747629
2.08867482965
2.71958834579
1.38964737404
2.63604551259
1.05409536902
1.95673566015
2.07793451335
1.52903691832
3.09028043697
0.818284673578
2.58165395334
2.75571035552
2.76993482046
2.89129280474
3.07753814926
2.0608287417
3.09732480182
2.76971112949
0.85079469005
3.12637121694
2.51266270924
1.10901080651
2.95640448494
1.30349688383
0.095786864279
3.13276257482
1.56328571673
1.25525316884
2.25409947828
1.06234319213
2.59205017702
2.35853321989
0.728535296655
2.21624220824
2.91681293429
2.23076721562
0.199226372916
1.07721889779
0.790441437414
0.319125755256
2.10965442903
0.831113145004
1.12713777199
0.60012355244
2.73977827939
1.98879696638
0.472988050869
0.884661075351
1.39697305412
1.99209143587
1.13776722609
2.63459149533
1.38255822417
2.61454529103
1.12650673857
2.52713632861
1.3329915369
3.00121036835
0.153095053856
1.20271577473
2.25838175057
2.84901726425
2.03852950151
2.5669257302
1.57550077766
0.615284879225
3.08689319189
1.59378616422
1.04649511522
1.48638454679
1.57800862438
2.76551937474
3.05698611401
1.12649670866
2.67676506249
1.17806291284
1.5399773527
1.87422683536
0.395325365284
1.81747871336
2.39011997674
0.477875679457
0.140320652265
3.00640201637
1.77860170411
0.584264135769
1.32225481272
3.11369653581
1.721010429
1.24168892927
2.62764736538
2.76450725585
2.45468810421
1.66957467477
1.20620775326
2.0683325444
2.25332568629
2.95211693126
2.66465321292
3.11962776592
0.442307103051
3.06505937899
0.700804864641
0.577488222974
0.558291181903
2.29717335711
2.61487698079
1.32707907271
3.09476984696
1.45646846825
2.62707319714
2.02348806421
2.74087399822
1.67931407783
0.804614138671
2.28929055291
2.94521378435
1.53849824093
2.90628843425
1.19629221898
0.709302978752
2.79384360725
0.691088398071
2.72046741496
2.35062113384
3.10088006413
1.86426733567
2.00455060105
0.957781477576
0.910753779516
2.55660544634
3.05046079899
1.47817649486
2.92732879039
3.12363835104
1.34511567871
0.0791031386415
0.481082916213
0.107317161039
1.33535839812
0.134305002014
2.13418923664
2.60396124242
0.209926407461
0.655813023563
3.13049055465
2.48986769041
0.829735708689
0.80093981408
1.9575207459
0.647071824596
1.54990065681
1.00295305837
2.61064534958
1.40243858519
2.48323392027
2.06908083654
0.273408182576
2.82399913338
0.746522199843
0.371735421301
1.88921834754
0.151297050333
2.19774180781
2.57795007838
1.82964008981
1.64253264271
1.9894258493
2.53855702013
2.68506543026
0.266239227304
2.67329356754
1.58793041104
2.73110869588
3.05710315385
0.683821215748
2.5414845492
1.31609520841
2.87900617762
0.448123276912
2.66612375041
0.483942172295
1.86283349872
1.85076335045
0.772239318299
1.15255255642
0.559271897383
1.82699456354
2.73966343462
2.05273846189
1.79413048159
1.16643789679
1.92384350111
3.04235549096
0.400031081819
2.80979275533
2.8912912479
1.90928600796
1.70247697107
1.13309209597
0.989912989157
0.969065328659
1.96132591191
2.48422941472
0.887929941674
0.0596838984713
2.244602485
2.47439753383
1.28236428392
3.11354733986
2.47403802634
0.297583815953
2.21780557017
3.09580712734
1.81402373636
0.727169436189
0.993630461192
0.500884288735
3.06484903857
0.506050994138
2.30938768993
2.27063910673
1.54829417258
0.0290156295909
1.61362979947
1.47775103501
3.08213968418
2.38024257284
2.59726985584
1.71931246184
2.98893833438
0.0666578316892
1.16461634751
2.02518847708
1.20762938878
1.53892026682
2.68102423418
2.53250308807
0.37414951876
2.51180419419
2.36207340794
1.31326721057
1.89123409493
2.02118295248
1.47572921893
0.918086344261
1.77253233729
0.354690556003
2.35953645468
0.624800662215
2.72503020899
0.966754336199
2.88019069057
0.753872764014
2.77113711321
0.282348447394
1.98351795355
2.61817530838
1.19440588275
2.19597011561
2.93622067369
1.47118932807
3.11542479651e-05
2.42004741555
1.98564132434
0.68433962888
2.44993699878
2.5974496911
2.36410769439
1.70181829852
1.4093863802
2.65001959732
2.41777500747
0.974767283638
1.21866879551
2.41542411396
3.11675301889
2.08568689468
2.83243591716
1.62344496159
0.948514684455
3.06706944105
2.12684969745
2.05695526017
2.71975618884
2.35555614895
1.88160823475
2.96764506908
0.7926826357
3.08717328098
2.96167242202
2.12267101154
1.1028770023
2.35296283341
2.31091873888
1.40378668975
2.09867443111
2.2492779803
1.15059000962
2.54113762701
0.587641909187
2.91034901908
2.56242823165
3.07369539841
2.96992613281
0.629395375291
0.0441985214975
2.87427487314
2.66770918667
2.59252014328
0.383168412304
0.173594931109
0.0234928331408
2.72348544299
2.51360213126
2.45228440158
2.637869326
0.757636489559
0.892441167007
2.91747335046
2.85475223523
2.63473517574
1.73537108099
0.468035640974
2.37950715739
1.24726676455
2.65859585424
2.93358246811
2.78824673589
1.76400357986
2.97227142519
0.450376733921
1.22888259663
2.91280208825
1.22677544829
0.888083122197
3.12538297534
2.71192183548
2.91899043372
0.355069460695
2.38992726407
2.55375164981
1.79910127915
3.03393221498
2.3400501918
1.79657670684
2.22497483152
2.98572640825
2.61704207381
0.92168594461
2.9203624548
2.19230188198
0.706063931237
1.74022188231
1.03817636393
1.37211197929
0.044055454547
1.80099670883
0.244490708019
3.00106204851
0.131587795685
2.92618380777
2.42215497875
1.13488384092
1.62773128078
2.3618606224
2.72801116329
2.9233756256
2.25655421964
2.20445113438
2.40547978407
2.89792762731
2.84480168212
2.97754558022
0.984902359469
2.04658571963
1.18976985863
2.51202348197
2.87957053736
1.10298502415
1.89807789428
1.85492308442
0.424803466643
2.84433087047
0.467494263584
1.2636587388
2.39505159297
3.09821461113
1.87694825514
3.11637975632
0.636436894332
1.59218030858
1.73851496558
2.19809494236
1.72781872724
2.47417912951
2.44481840949
0.579266674859
2.67337738061
2.35737298205
0.748985966554
3.03858599993
0.91727708483
2.58853262661
2.68154543315
0.573810808428
2.9259060949
1.6050014147
0.614096429879
2.31283902943
1.62017710624
1.01947958008
2.29607539858
0.85409416747
2.91463923887
3.00105126008
0.306050675131
0.626330996442
0.978459417117
1.90326012403
2.81918855801
2.78115517122
0.797197681139
2.62522441916
1.45957114563
2.65318012075
0.326235502268
1.1937920539
1.44386931201
2.57626824248
1.87739214445
0.463016313269
0.123886186428
1.02777672997
2.77095353882
1.82512569078
1.47009449777
1.7682835143
3.09550679048
2.2885733108
0.410892332222
2.66614070168
2.81624871656
0.659278716488
1.82600761477
2.92117512542
1.50566287561
2.89974148682
2.42769842589
2.26154905947
2.51652030536
0.221143350069
2.64870593909
1.88506551653
0.763123088466
0.382588539398
2.22280593454
2.97845253125
3.08133255716
1.63161568044
0.485450674718
0.909423622795
2.97453163634
2.73166115406
2.40558341134
1.75420535531
2.37711433884
2.72995025625
2.18591643474
0.331817690147
2.46943985068
2.67619236712
2.72287720835
1.77227733612
0.527199888449
2.1119955443
1.23870173679
1.07024463666
1.68056280934
0.650622081151
2.20421887122
2.0099974621
1.23423795966
1.45812644718
1.18939408041
1.36130885572
1.3962769812
0.322504383212
2.82194888062
1.85735521349
1.79269746024
1.42885978467
2.99538995298
0.756622285399
2.68811573856
2.313801652
2.78368963957
1.92113459331
2.37552284026
1.97714653122
2.64065143071
2.5565768876
0.814524207011
0.766532644647
1.08153140465
1.04337210047
0.955100333081
2.27383686982
1.70279095402
2.61514699873
0.991735296905
0.00215626840657
1.56405487751
0.100585979377
0.682313995998
0.38085153326
1.03905156862
2.05301239558
2.0384926641
1.4938215026
2.89091806599
2.4837046957
1.55170627901
0.0292673440754
1.77540963454
1.63471865558
1.5188285184
0.697869719062
1.70314937682
2.82676757682
0.751733118768
0.580298264822
2.31624473657
2.04909494355
2.88823536653
1.34658807179
2.34203306086
0.949481092298
1.91532799886
3.11914485743
1.58367902362
2.75438225425
2.50812036819
1.18143244258
2.74928835773
0.999538695644
3.07813885372
1.65159302576
2.35583720786
2.11685238648
1.12241107256
0.373699131738
1.98647622209
1.33879644672
2.27450039237
0.319365319963
3.03211505318
0.756777325618
2.76102412961
1.08217385551
2.06519952575
0.211325524264
2.48930396858
1.27661840498
1.5812705946
1.33237820929
2.81234059038
0.12440733735
2.46458228338
2.66426887417
3.09610481114
1.20458564983
2.34223944831
0.864753912847
2.08399284476
1.9056814897
2.09810202821
0.77258490515
2.60077859745
1.74756668842
3.07667361267
0.361344277017
2.9323507521
1.44942006534
2.23581752327
2.55931473272
3.1407691318
0.616962576053
1.41369495069
2.29973404234
3.13709004076
0.982419647813
2.56642853257
2.23050585303
2.82164236244
2.51327772423
3.12849594844
2.32788760687
2.52906286143
1.92909313879
1.66184121428
1.30913505583
0.244774601358
1.17637404719
2.94760548214
2.51794914443
2.56871886136
1.52133468735
0.802682027903
0.18765538981
1.47058546224
0.435659781255
2.14210162397
2.9422461135
2.70849944887
2.35608036144
2.18940135716
2.76105982394
0.974458369325
0.766437444288
3.05433661303
0.593268224515
0.857539669755
1.32816088583
0.606334633966
1.96097427967
3.10199129083
2.94333723652
2.07951364425
1.50294374219
1.36799014276
0.671134220941
2.97811531388
1.35294904737
0.737401889478
0.822030165232
2.77564424092
0.517748492982
1.32248276952
1.10407278189
2.47399810479
2.64756277418
2.18834597824
1.92204404664
2.1580751305
3.01047632263
2.23981449692
3.04478900404
1.27349846403
0.19191055102
2.63482535496
1.44959344608
2.14481273568
2.83694313395
0.174255276182
2.16428772626
2.71280801689
0.954701380608
2.19280251705
2.11274226641
0.102619953518
2.7799978945
2.07454087023
2.42798576622
1.64085241535
0.659581928618
1.04379748597
0.614230113797
0.513160582376
2.87471193321
3.05539321431
0.491431418331
2.4881503284
2.9580214571
2.18663059215
2.10007819666
0.397013196664
2.82535832749
0.684946421695
1.8271272393
1.47195204474
1.42560713404
3.01351207197
0.982852239764
0.946647070373
2.77875022373
2.63616269829
1.06032339172
1.83296449508
2.86081413846
1.50934166087
1.79777552914
2.89793902939
1.09628294856
2.96784170811
2.54091711836
3.02860539707
3.00360492188
3.01187912777
0.195286394369
2.79807532424
3.09582229581
2.61437843721
2.87968016664
2.0409743359
2.92281406647
1.77352903105
2.09743648845
1.99368972053
1.14511001982
3.07695880543
1.10329982614
2.66543310788
2.97921898395
0.137071803249
0.703110885352
2.18868220702
1.28193099464
0.728314288466
0.254519082026
2.12417748256
2.97422751972
1.844012996
1.76649127096
2.46525496624
1.73709971071
0.960577779395
1.16571991718
2.33045300877
1.36323646625
2.2527425553
1.92716504202
2.25836653531
2.91479562255
1.55353686535
0.157578163248
2.66176364469
1.79237043893
0.216410403613
2.79331133354
2.86373344546
1.93822994209
2.40512471011
1.8721687566
1.56342646554
2.62211423103
0.319638816158
0.160275560876
0.412442250092
2.50300986985
3.12910355706
0.805474148682
1.32200504643
2.41903257246
2.20954818644
2.4298747478
2.00355532037
0.691910377059
0.0395810902102
2.35076597196
2.74311046646
1.54153833747
2.58435983453
0.99649477632
0.727635202621
1.50787878732
2.86663712147
2.4357379171
0.584748181357
2.88350904007
1.60607993996
1.54675641681
2.57678524381
2.1994695795
2.66452243301
1.41400203612
1.76846110769
2.89373829974
2.9196125754
1.87971857562
1.56288545265
2.50192841875
0.565153710981
2.22387767422
2.05300029723
1.12661305777
2.77189357987
1.28397006043
0.0859105359778
2.42377179479
1.61717672161
3.11517692109
1.48932463776
1.72360421215
3.08210406931
1.63620260391
0.529803934654
2.13836382456
0.682521493543
2.17528614358
1.99133462457
2.97095018787
0.721345949462
2.04328091092
0.379613026876
0.986001456401
2.67170318613
0.571676746921
3.02562372222
1.7718429364
2.77749466373
2.90411444516
1.19178406238
2.71385086417
1.35896769936
1.12004541123
2.50053796561
0.201555249107
1.17762224445
2.60751923036
1.77193271438
0.263934798775
2.85280860376
2.48111576969
1.44280874983
1.87767261403
0.74758405577
1.53100973575
2.12261320084
2.87742324056
0.744671633344
2.20154781837
3.12119757163
2.32207094777
2.75966787642
2.23643052613
1.64645709302
1.73348074855
0.099935270259
2.95507768769
0.456255654796
0.751250853176
1.07631023601
0.428774164339
0.303981179596
0.483128851414
2.14750540351
0.924619519133
1.92693702415
2.64465071258
2.27889627307
0.116100186219
3.14080621374
1.27674578305
1.3165744239
0.461438247094
0.00922574825286
1.28155985732
1.33081415128
2.38654346431
2.26635268411
1.42276489798
1.92057872621
1.19530659135
1.68695365642
1.71100460186
0.653863233429
0.0982762212109
3.13284895711
0.0556424440346
2.91731350503
0.668536900002
1.80607462867
2.80353350485
2.20859197139
1.46882025854
2.24397251963
0.281914051019
3.10870716682
1.25838195694
2.42548099464
1.5773191181
2.09906715425
2.45914588902
1.60791419161
0.814267221298
0.267674118629
0.0900329234519
0.778133491374
2.5622320101
0.452813347478
2.29882829577
2.10876353931
0.497684286489
0.466402679576
2.60427885245
0.395286379631
1.93140189975
0.864618430292
3.11540187523
1.31210579173
2.0420475101
2.87135405333
2.25362148401
3.12780115123
1.90248112188
1.33881909812
0.901457625274
2.89754482328
0.858270538007
1.44027376409
1.99996317573
2.98717765979
1.38717222508
2.08059678936
2.29545360796
1.0259969449
1.22284294802
1.67610516699
0.710613616541
1.64975095267
1.73324744624
1.5105321088
0.43196966537
2.35056776893
2.96669612959
0.315576097942
3.04947039281
2.87483341693
1.02393164652
0.189221627505
3.0011514797
2.57332008477
1.89335178451
2.24075052867
1.33971707747
1.67482161585
0.18846348826
0.991128511389
0.409269431644
1.78887898595
2.79868770527
1.94057051006
1.75642160858
2.92514522998
1.80879890744
0.35705028381
1.25200830596
0.20817400786
2.12756482524
0.996683848463
2.6068965104
1.68923169913
0.0715813532222
2.39440480762
1.70043442916
1.97085126689
1.77969020874
2.47035735467
0.961508844761
1.53041544365
2.79948773374
2.1323340685
0.0585373635656
0.92230143782
1.00028999193
1.18146630615
1.24444580584
3.01438434565
2.73725490937
2.24237903986
0.57600644586
2.52204984022
0.719471288098
0.237830861367
0.291065054138
1.34893347839
1.68279856228
1.76463367055
2.95627407928
1.20802342657
2.43054589434
2.09485107044
2.28839777773
2.26771524187
2.76997265356
1.1103645786
3.07723313683
0.900133047378
1.48107884351
2.55555426644
1.19807359817
2.75556339765
2.55776320697
1.87823660866
1.72846204823
2.98540142382
2.5022385208
2.00787316904
0.0901571159337
1.64344807176
2.72358436915
0.731954319542
2.08035016065
1.68119815668
2.57613331911
2.32007040815
0.54224832675
1.54425254783
0.0617945109868
2.62987677904
1.67611961304
0.343882083378
0.348347176749
1.48307866816
1.97037322836
2.04094572973
0.275108106975
0.381913622831
0.370335952832
1.78029478564
2.0497769614
0.803452883888
0.472917863111
2.29271163093
0.711896384765
0.790792980825
1.98596033075
2.40417991482
2.43999975632
1.57494117073
2.06778256185
2.35395118112
0.886239137024
2.26905569899
2.23439037016
1.1704098071
1.26026202745
1.8543655351
2.85265232954
2.04923729704
2.92953177372
1.37350971603
2.49194275048
0.590686721327
0.892759425474
2.41220923455
2.97965451247
2.54785962962
0.642569759435
1.02678942853
1.07882790289
2.80183017228
0.234427650786
2.75205266273
2.09053404424
0.0675179170782
0.738041670626
2.32762647566
1.97372547804
1.15266778703
1.52035459025
0.46861677358
2.46326751114
2.90533189658
2.64162376494
1.13044840055
1.4633297847
0.891993792384
2.39841461296
1.82263145944
1.02812476555
2.49176724131
2.71636573237
3.05517785242
2.04462997071
2.31831966199
3.06098767256
0.673715477339
2.8921617946
1.45046306943
1.08148826371
2.1639114758
2.91695970087
0.0429083360761
2.52329338835
1.64573785104
2.70730821294
3.11522022469
3.10637573305
1.60133154409
1.68955543679
2.74777168764
1.79863508338
3.00105654693
0.229352962476
1.36135753654
0.781491404278
1.16639074985
1.2108750335
2.99775181026
2.04364880134
3.13024457408
2.38205988507
2.68329345381
3.05013323908
0.415151142546
2.7191821387
1.41883938443
1.20027538697
2.33320310107
0.616745880465
2.35200141196
1.08191773538
0.293116566193
0.739348910364
1.95062500826
0.398701131765
1.79144778492
1.96518861942
2.3812014433
3.0877111024
2.7263295329
1.84096098217
2.7611857436
1.24007814518
2.94044535037
0.0957829668157
2.69029854929
0.561629923739
0.702598363515
1.26796929813
1.0723901809
2.55121290404
0.709831811596
0.375453734512
2.38827577933
2.62330568613
0.149100700031
0.190586892785
0.787733420797
2.57185987071
0.999592576636
1.78108480988
2.30437380093
0.274605701184
0.629045279297
2.99999603052
2.75024686861
2.66306512357
1.37296832025
2.68041896989
3.14006654244
0.112650554052
2.40298552967
2.75969656101
1.26457797176
1.352342039
2.95174989039
0.146768816365
2.63914545943
2.95754609812
1.85448255363
1.45154682274
0.680665773707
2.19298972689
1.99761729142
2.99866952193
1.61618950842
1.17261024635
2.04176964882
1.12863819221
1.19981746515
1.26601840585
0.0259405335646
1.50164893312
2.12912526261
2.04637195002
0.837966556431
2.30036246368
2.42275844687
0.932768877943
1.11196927689
0.748615262556
2.81894086773
2.13554836301
0.621499348452
2.51518765036
1.3736284441
0.986723614226
2.75189070694
2.10118382834
2.06561601779
1.82723772934
0.571214747211
0.727070123497
0.281816748174
2.76673320649
2.99351567099
2.67638011813
0.046669484659
0.20596591035
1.5544160665
0.482931349901
1.60220452759
1.5902791045
2.64630122167
1.7672836527
0.701279643523
1.0447905903
2.13951621587
1.76451516592
3.0282126923
1.88433545076
2.47940486238
1.45656008799
2.14960209564
2.74975123757
1.10230329811
2.79223446543
2.49837148991
2.68209749185
2.99378570804
1.00351453228
2.54298652929
0.956789878374
2.91760762878
1.17196655183
2.6046134586
0.751338118055
1.73965458349
1.72873770893
2.92629312374
3.06864160451
0.944641180572
1.63745535972
2.14171092304
1.05945444014
1.48329604982
2.36712996972
2.91247766202
2.05768401137
1.47434253609
0.104488613697
3.11549467753
1.76081325714
3.10800981913
1.45529079169
1.10173547549
2.14360527324
2.65104273431
1.30444383214
1.76601661098
2.05875643366
2.37294686079
1.54077055857
2.12409490604
0.811903051825
1.4106932195
1.06068520782
1.11524543123
2.38128176698
1.83651247413
3.02013365705
2.54374625371
0.463646203797
2.79734715048
0.548702721434
2.07180973392
2.65078433437
3.00432669586
1.16418126695
1.01768206919
2.12398833927
2.49118623539
2.55620969856
2.48364222632
1.27440694694
3.07033716736
0.862580105076
2.46622189013
0.740920703381
2.01194301861
2.98961136556
0.934441256439
1.88940658564
0.957351736745
3.13313804862
2.40484065366
0.393175430455
2.65244856668
1.41754828943
1.7886868346
1.06117611465
2.13083482641
3.10200807964
1.18733700706
0.0532721910152
1.0180763832
0.563122804098
1.36921704508
1.82445920443
1.01538490304
1.9105212435
0.245959471763
0.803942166455
0.167833290784
1.98013167428
1.79017364678
2.44207304794
1.64943748431
0.995155691918
1.26701915212
1.25223964624
0.442871668334
0.474444145867
0.722940487892
3.02692347655
1.40396382696
2.70909100384
0.0224785134102
3.13768724714
1.04857733636
3.08789709675
1.85290272859
2.3420002176
2.74841507086
1.20315779631
0.193334419794
1.49371880696
0.634736933851
2.02047270197
1.05218308954
1.15970642078
0.694076340919
2.7760364531
0.537859750014
2.17356617225
2.43952970834
2.98313063054
2.45011745429
1.44598633887
1.97040008875
3.06180185605
2.13131217051
1.10397751975
2.49220067987
2.77109453218
0.308581473395
2.83706987949
2.57968860358
1.11968300792
2.69853688677
2.85115167918
1.49262891247
2.5662120756
0.580542379416
1.2856658267
1.61850194353
0.727115547574
1.62573267388
0.59932206514
1.42548821891
3.13746102122
0.686234213793
1.17510689781
1.94260654835
2.02166254699
0.0727784951406
1.56534064269
1.56155940968
1.29515927566
2.70304149341
2.01738826451
1.16928355624
2.03826526313
1.56852470453
0.729781271883
0.759338176871
0.11024314748
2.09488608591
2.3853078671
1.08828406915
2.21046729227
1.99631378584
3.03181765148
2.98338173683
0.782897916409
0.877900700711
1.5063487124
1.87467270091
2.93733564393
1.64807752421
3.04607432086
1.5554543596
0.884321033319
0.924469199988
2.61968095053
2.11664682666
1.08836306559
2.63741338797
2.38307532195
2.87489061894
1.29480623256
3.02815887756
1.26357855827
2.47251160112
2.90998634724
0.292831408878
0.933498986922
0.660587186037
0.516276666421
0.581549306086
0.911908958962
1.2769655232
1.1350722902
2.13213698224
0.786242879212
0.513874307124
0.412079130342
2.02410510749
2.16589346718
2.87784471255
0.786615529237
1.12109587538
0.50032256293
2.71683183663
2.75609926056
1.73100371702
2.0441329582
1.50904799691
2.65050072694
1.44257776651
2.44662443517
0.860559353435
2.18425076764
0.382134011333
2.72561505839
0.181786751809
1.64263805514
2.3395505257
2.9562655164
0.874872549001
3.00050454846
1.96943348886
0.5624529735
2.44099267552
1.65153702662
1.75173705851
0.146194861389
2.04582881023
1.47686005933
0.708402170671
2.99547431434
2.00015925064
3.10083276062
1.43646865333
1.5180235734
2.98039060725
1.20924020832
0.439794968014
1.18606905746
0.347846309201
2.3515575323
0.385982241397
1.01767394131
2.46423553224
0.747044245371
1.8979372577
0.750354172447
0.815447888494
2.85297531576
0.762068836237
1.06653118163
1.08512949163
2.72973930833
1.00428279661
1.62794260225
0.986343437589
1.07453076559
2.40791172358
2.82559875316
2.47277990093
0.395041521728
2.66326637439
0.426494691207
2.98001652358
2.35740251075
1.17248141366
0.432449618609
1.42350315084
2.85550261167
2.23983602943
2.67143897924
1.21369411949
0.394568551482
2.1624688147
3.01789009498
2.02600490648
2.46332048713
3.08688639764
2.39073677622
1.26399973135
2.28143362557
0.851505429316
2.64078047577
0.122733928791
1.4984880194
1.05882658039
2.23096771852
2.41244813032
3.1136846107
2.29843857356
0.882038254131
1.44120292358
1.39765705838
0.170593756382
2.83288076344
2.77375477041
0.179641651489
1.71238540327
0.920651221136
2.56952851062
1.71375882371
1.80372009172
2.18650157667
0.259074990852
1.76919873361
2.18741043412
2.67578144277
2.56380983876
0.0145371437958
2.72788763644
1.4476730651
3.04426490384
2.08884272236
2.59346991897
1.0548615825
0.033471819061
1.43286698236
2.53120029386
1.65447278927
1.92545455562
1.80550658499
1.87931573997
2.65393250965
2.25575868406
1.22555695758
0.208107762772
1.1958216184
1.65014951125
1.65522861249
1.33336880022
0.354599463048
2.14330074524
1.41570352097
1.42238942153
2.49250750343
2.91268575854
1.62959282769
2.0463443493
0.204516121617
0.936508274613
0.166014530336
2.42618905163
0.172777371212
0.215620150655
2.70753777092
2.61340488627
1.08224897951
0.985300963242
0.089572722959
0.955064408494
2.08749480835
0.128810512789
1.95519995048
2.23836633792
1.22726834405
0.796303326643
0.618249469139
0.653414057206
2.20327832777
2.65171235531
1.96084996123
2.69887576013
2.62927873785
2.00884309827
2.91562824669
1.35567104665
2.62836348563
2.29245048332
1.48256071384
2.76394052621
2.19322505829
1.75626179283
0.336460462049
2.65996486853
0.765738814678
0.266379696166
2.80923633773
2.77959600897
1.99833241515
2.01170606596
1.90881890122
1.55991096407
3.04065237189
0.258874815059
2.92403290431
1.43233837279
2.44905650693
0.171300916118
2.10429455577
2.85231005781
0.0707027278266
2.27660204104
2.39160557963
3.00058135382
0.071654519852
1.23716982968
0.172683651
0.341195405754
1.97729023067
1.18629114386
1.96743870047
3.12305703869
0.205845846355
1.47958436504
1.05413861292
0.816983649034
2.18045904317
2.7892103399
0.809503754073
0.416646935491
3.1233598188
2.4691862563
2.58480315241
2.9756179088
0.958981665974
1.03869757623
1.63614744794
1.82745786139
0.0610523624314
1.37310130334
2.5733929859
2.15566773545
2.20657153832
3.06662379769
2.76910864935
1.95002813493
1.22884134839
0.050487593198
1.1174786275
0.44493357596
3.13892933263
2.51219331185
1.31614295219
2.85112572371
2.34122190794
2.44855798826
2.17756878468
1.55405655045
1.55754539446
0.842080861622
1.61188739497
0.18298893099
2.65630120818
1.3212835831
0.368144496645
1.6736068621
0.830339004236
1.14759584766
2.45534370407
2.81781118688
2.73637212487
1.74708272173
2.31603815496
0.213734206404
1.83681971141
1.34505117702
2.80926746682
2.07309031625
0.877011603235
1.41958601353
2.96197108774
2.57624696358
1.29717957341
3.00324522868
1.74336493214
2.31301704188
0.46001052118
2.98145751973
0.37957466944
2.37081398292
0.194193824243
2.93255622885
2.60305341223
2.82010434139
0.539313274144
1.28440898545
3.10308600244
2.29857967397
1.00172674934
0.364950402338
1.98919670599
2.046086853
1.25048885751
1.27199588607
1.29146660731
2.92698004673
2.76392997651
0.385993167395
0.787620885488
2.07841162936
2.5225301725
1.77037278833
0.595568381129
2.47919069965
1.84245416234
2.77103811151
2.98004878481
1.66137010292
1.77002800146
0.317823053823
0.641103925732
0.347943843278
1.08006669771
0.944629492451
0.0186177837035
2.53462640445
0.624277328493
3.05287161439
1.76358721578
1.25410522368
0.614186778296
2.35664019733
2.96968588078
2.54849579203
0.917162708284
3.0359220074
0.89322421969
3.01402330113
0.149819869056
2.99799965551
0.954637837273
2.62942274118
0.758834873765
0.475074374657
1.92816494366
2.79423822854
0.457750213201
0.48987826706
2.15513591999
1.27993548426
0.872388410764
2.22181506247
2.12583816056
2.25885141027
1.44982179025
2.23272633031
2.82400940242
1.81770746353
0.878292882398
1.67091808751
1.52466348269
1.53440955845
0.550698568077
3.11330855137
0.984282322645
3.11763055466
1.70636254702
0.211513447364
1.78721375402
0.99580630984
2.81472549035
2.52598881849
2.0278878121
0.507589894306
1.41012566873
0.958369209817
2.841285381
2.19529017846
0.087477905094
1.97748978295
1.99948965401
0.790314235226
2.45611269308
1.90318836344
1.62224177463
2.22551520927
0.825401586715
2.11294215991
2.55371616435
1.88006125368
2.9683403652
2.43037640616
1.9953315075
1.91800134191
0.0103569749636
1.34943180822
2.92666565807
0.845075275672
1.25250218192
2.77204004168
2.07414002933
0.197071738229
2.31677084136
2.72216695129
0.174227242611
0.0525770202001
1.70995019146
0.109672335124
0.903520934099
1.76813354173
2.81940689953
2.44681106061
2.18923586341
2.706278122
0.393441376589
2.80870284373
1.07544799444
2.38806489093
2.84874918904
1.33677375428
3.03121985156
1.543949375
1.78405230488
3.10439079478
1.10402143477
1.02300340608
1.37811844218
1.41175929469
2.89436341474
1.81962943722
0.970780556087
0.563900416298
2.18262462055
2.75487365103
2.43210593051
1.28594102911
2.66592562108
2.0236029252
0.989980303432
2.1809265059
1.5269349214
2.6578808549
0.67420190634
1.3349741668
1.84120147174
2.90050531185
3.1395383469
0.520363612865
1.25490168014
2.55403274322
1.86860735034
1.87644822919
2.6591046531
2.77081162787
0.39915893846
1.93203731587
1.34607826026
2.27391984044
0.587991179918
2.93003298227
1.28812508556
0.147637681116
2.32918581088
2.90837611283
0.567470034501
2.64818747861
2.96303620433
2.51731580199
1.27036576846
1.69999943481
2.83902775972
2.77021699739
2.54623425333
2.41152049005
0.157833115721
1.82898722056
2.60440522069
3.0575796008
2.62232244248
1.24531218639
1.44596084651
2.64865689136
2.91363356533
2.19081901544
2.38558240508
2.37391390923
1.79624974921
2.37005606435
1.68349103849
1.40661140977
1.11802408356
0.25541903342
2.65461445003
2.55035476025
2.66816509456
1.95947642873
2.96794850199
0.736610946562
2.22800265497
3.12394315621
2.41335837916
1.77019740417
3.02536232811
0.869756522163
1.27618726209
1.69302756037
1.21473151386
1.60582878484
2.97533884996
1.29874641907
2.97841324254
2.75488896689
2.77503253501
0.302481616243
3.13744149133
2.74101798011
1.60349100222
2.88956924761
2.67225000771
2.25690927309
1.31496962144
2.51063509809
0.602161486222
2.40148632746
0.163133415305
0.673658794527
0.167172329112
0.421944385938
2.09971556784
2.90032980342
0.201538830465
3.11812962607
0.894264201631
0.0874616307092
1.00223937757
1.63219886021
2.95765358438
1.808741618
2.52019898375
1.75282253423
1.18565253497
2.58433934308
2.85088134771
0.668788524304
0.93267092088
2.32526993551
2.98734635301
1.48462583266
2.6677337897
1.39425886634
1.54738133863
2.01569549734
0.758015936811
2.90920910377
2.61882240213
0.854075614041
0.0646920327405
0.0737780128026
2.64195509159
2.69285120167
0.588399490789
0.0860599935931
3.06161198515
0.917434539601
2.97077763869
2.15851528591
0.223621430177
0.847599579021
2.47983232628
2.92819837292
0.269300680038
2.47949575225
0.179298512835
1.91808100415
0.714352688484
2.62498244638
2.95149873376
2.96971409892
2.89786217854
1.4265476162
2.97802248153
0.845543412225
3.05200930329
2.70663984538
2.39285846784
2.51030462906
1.73255773112
1.57041775483
1.75518321771
2.04232144169
2.45808988325
0.454724102946
2.75305160851
2.48036701011
2.85056377245
2.52300927525
1.8174335763
2.01545968208
0.941643610875
0.696795623896
1.60527339581
2.46282248111
2.97605625416
2.29388161954
2.55058530088
3.1094599463
1.21019881499
1.98646201736
2.61281621301
0.359237199891
2.67970892658
1.63955104867
2.434418362
1.89535206518
2.05187063764
2.85630897842
0.563727311971
1.8219506063
0.0560597252336
2.81003469213
1.36623513012
1.71739847061
3.11861366546
2.73542646607
2.16430220258
1.22735323644
0.506096419056
1.70619339007
1.99200948468
1.95402970092
2.92231168745
2.47701649604
0.115943945225
0.605771436576
0.341193914361
3.09709122094
3.08469260576
2.59821780312
0.0877645054944
2.3955124046
2.92689468134
3.12855304319
2.44975095591
2.33343892598
1.31194408833
3.02093289231
3.06725055136
1.81418847744
3.03276188123
3.11174389345
2.17663038684
0.863156523065
3.07418092929
2.66169729878
0.460417801065
2.04841305967
0.870326162533
2.39711680477
0.257406726371
1.93005527139
3.06503035759
2.89413205735
2.94881758433
0.883763364158
1.18350647589
2.0798126892
2.9176524879
2.38882999923
2.30434839843
1.6757907672
0.972161596098
2.20721926484
1.50282934014
1.17670630329
2.9100063129
2.93217605562
1.73808594261
1.72011456823
1.34512110297
1.0271021977
1.59114338536
2.08542993442
2.87940307753
1.16058204164
2.99615812241
1.39264620952
3.10399839075
0.750371419424
2.18472299953
1.37447566347
2.03562526372
2.12901316044
1.1811316847
1.31762801677
1.6243192231
2.8577090842
2.07677402159
1.0302039383
0.785798185178
2.99869196698
2.08505214687
1.58149397115
2.10366700179
0.0869492919567
2.24672519411
3.01400006609
2.54344743139
0.199673335742
0.229996911984
0.930548772045
1.31611096465
1.02083637306
0.59196344019
1.08701759636
1.61910317546
2.58174387209
2.40831778838
2.60322493978
0.92352804624
2.2738933683
0.327731969138
0.512440066319
1.74519811222
0.0285947163462
0.207828245745
2.17184891305
3.10895282435
0.821285633995
0.518712341178
2.86351010918
2.01315791337
1.3754170972
2.84216293223
0.462476131119
0.2422369512
1.33991923909
2.90885481441
2.30085596899
0.701201630396
2.73490397147
1.80206962968
2.38185469624
1.14567496339
1.870142426
0.588890051625
2.55978730628
0.209687375346
2.10203010196
2.88955698697
2.66980943226
0.913518125178
2.31260320394
1.35205189408
2.80359316007
2.36551087308
1.03346603639
0.0266019456657
1.66016004738
0.290466561424
0.505232536548
2.5617881826
1.48912874091
2.79329248852
0.289459304672
0.147127030337
0.536191379986
2.12630562646
0.457586354173
3.13617698079
3.0427459384
0.214851905068
1.66431228274
0.755552188845
2.48829409653
1.805226411
2.66528055353
2.15806596587
0.458619205721
2.36053688993
2.80160747351
1.23718658228
1.29345533504
2.07441590432
2.66609268681
0.932605096726
0.573065935073
2.68408871211
2.13510839449
0.603242298998
2.8771054598
2.68106348268
1.49560313655
0.717607491839
2.126609673
3.06438300867
1.51185400552
0.561893931226
0.63144277372
1.08282668509
2.92939329205
1.94184277249
2.54198254223
0.661277608462
2.58762851152
1.38864511149
0.132858936985
2.03805123733
0.115948340088
0.302566887711
2.40752720222
0.262366590232
1.34187575487
2.84393474434
2.15179745139
2.80245971626
1.09488634843
1.25288434735
0.448708887293
1.88395719379
2.49299143552
3.10178867051
2.07038116653
2.71074077358
0.51687888065
2.42735562546
3.09919884639
3.04709241011
0.889549599187
2.06549506926
1.50346614097
1.13497054553
2.48259452721
3.03636216362
1.03647920251
0.927843614311
0.545642803142
2.59749257282
3.12468920294
2.29332072009
2.92585032201
1.81317808336
1.26171705234
1.67566160597
3.05303072879
1.55151751334
1.86307087143
0.652867918129
3.06865266286
1.48679125724
2.89127279925
1.23948466258
0.150187966564
0.514553311712
0.474552771223
2.31059694681
2.71065012765
0.464999117301
2.39073139311
0.0153748918092
2.5844315417
3.10102796619
0.339835578739
1.98333967515
2.28084807673
0.18565112744
2.96350718971
3.08925725616
2.1831425167
2.05906485061
3.02536135405
1.29718336031
2.72669902271
0.760638950304
1.95849871337
0.189454345077
0.587926132429
3.02525010669
1.66404763984
0.476988414615
1.00771785325
2.19871118047
1.4355809784
0.965180385141
2.42245095708
0.516433559709
1.74729782921
2.81918083939
0.503905805169
2.18309333579
1.9144308577
0.759298516528
2.19517291183
2.15857949123
2.21681475446
1.9060304553
2.67583501265
1.18594893004
2.027733337
1.62572452919
2.51667097312
0.953575868283
3.11710496121
3.1382329136
3.12047858446
2.97992269366
3.01200605124
1.22155207741
1.99854714837
2.76630661894
0.223459612352
0.151701469014
3.13506071585
2.5552920571
1.41282850723
1.16137281833
1.95309440384
2.00723866979
1.72114946628
2.79844387276
3.01154549233
1.86180572234
1.36907798056
3.122229177
1.71559844414
0.439608440702
0.782325885903
0.672275583544
2.36201133974
3.11165231454
3.09746234852
0.39438820333
0.570595157583
1.10823293063
2.67882874514
0.0674367526215
0.1393387865
2.6750532622
0.678166435
1.92192326495
0.393710299865
0.0399851731322
1.57707776066
1.26505780747
2.55117982635
2.78693130719
2.05464296159
0.130868408368
1.46299565083
2.21362102608
0.950523707561
2.29858157602
2.50251882306
0.845323357332
0.362185241817
0.688117296364
2.92123490877
1.10599050637
1.52992434821
1.05787339642
2.16558553198
2.29060344264
1.14518228758
0.870502304391
3.11758648254
1.3423835781
0.76012353921
1.95928307033
3.00071432717
1.2093997961
2.62417635923
2.22119431414
0.714800109092
1.27118459539
2.25645599667
0.752881070044
1.71077776475
0.0930048079714
2.42563970569
0.0396525862908
0.0259665157847
3.05857722633
2.59321054569
2.96797589866
2.42744006107
2.39871916809
2.87611543061
2.20257061154
2.48042407813
3.08762636428
2.60908166579
1.5411374507
0.666872033817
1.06157099371
1.12589832423
1.09293591586
2.07342256468
0.974237152379
1.462841342
0.91450519259
2.33536819699
1.6258672867
2.92588551244
1.17851704375
0.193697801592
1.61325492821
0.219662180484
1.33657164651
2.45587924619
2.80541148044
2.57774677048
1.04920926788
1.03242208114
0.750834505607
2.11157474012
0.48552164999
2.70249998327
0.227305949649
0.346079200195
2.84354910801
0.164222138315
1.40453998753
2.6598999742
3.0432635769
2.324052627
2.68961808105
1.31240407113
1.99017838665
