0.106480239285
1.05359615552
0.996329873483
0.382330425322
1.58661940808
2.00266910394
1.73304380293
0.439894058387
2.36886270614
0.594718337189
0.872986440121
1.86271717742
0.590628037853
1.40790452224
1.08465438846
0.266949070484
0.483853000816
0.0196143591839
1.14171735445
0.24959076198
2.7051793452
1.02386834264
1.38256090986
2.96645067289
0.781751913249
0.958505614663
2.88686231366
1.31019144246
0.872889840272
2.41619866915
0.70334608061
1.2236083964
2.68283404662
1.7302003241
1.6615270154
0.196078361116
3.11484358054
1.81459196803
1.46343264195
2.21831895259
2.94311694818
2.31004683483
0.514180764944
2.00689988533
1.19313737022
0.542254942335
0.453903404166
1.71900667228
3.05917575749
1.5440094978
1.5093553537
2.07060046458
1.71239931354
2.00945829766
0.636787933304
0.944029023079
1.25578711434
2.52655220307
2.47687209281
1.67143380628
2.0980571812
2.79754534763
0.0426835385386
2.16477775483
2.23516929395
2.06689417435
0.916261275972
1.75382766758
1.7345305556
1.03589828416
2.02819224845
2.34136889979
2.01489415212
0.0272988438704
0.611960532446
1.04367741481
0.640817603314
1.98086331707
3.06825188005
2.175018649
0.896442085598
0.344239264476
1.95565095802
1.70879957474
0.269291994752
0.958193036169
2.10790013983
1.65764202488
0.674659243963
2.73723943441
1.48596777597
0.453114184961
3.08967947174
1.2102569566
0.903939564538
0.129165081062
0.443143027887
1.3513776126
1.4537478944
0.962057524645
2.71400260056
1.9193376833
2.2384046476
1.83553387825
0.0617069252209
0.903687926751
0.316362781079
2.5981703041
0.356983052328
0.100247230136
1.15201679865
1.79716669607
0.433950128223
0.693380837873
2.20168873572
2.44983501058
0.0692156619737
0.823846595936
2.19809834824
2.85438067125
1.3686108127
0.88647356926
2.74004444822
2.79651402655
1.5145194441
2.77119088227
1.04804009377
0.101613852607
0.277647371844
0.0712732859241
1.61370208142
0.645896089523
0.921523572448
1.3080322347
0.582648417126
0.531427561317
0.875121927705
0.124598258842
1.39452244933
2.43404803151
1.89069302998
1.7702365644
2.50675905011
0.900355022567
1.86724003689
0.651582023666
1.48288075923
2.79054877532
1.86065705364
0.0474205764652
1.42706810724
2.9313442237
1.02717975698
0.322750645862
1.88366226737
2.87013788188
0.969569043955
0.673339930713
1.76762067156
1.9495954817
0.771929859763
0.165572565865
1.5888109246
2.77349300848
0.176561900407
1.67883070504
0.951218947601
2.85994587417
0.947666803398
0.40184956621
2.47087688686
3.00287664976
0.190215677801
1.5956347116
0.88207378211
1.32311083464
0.262930954847
0.0152198074244
0.802206180714
1.1853716002
0.799209587274
2.41165057035
2.65197355236
1.57526970562
1.70025048178
0.29257673274
2.16914486036
0.893715058595
0.512634907805
0.470322176259
0.968443380087
2.63725192495
1.85544036724
1.58551852779
2.59533361773
1.37391132583
1.73956151265
2.03872601742
1.72204118003
1.73675160107
1.93061309866
0.251476567915
2.64201475797
2.47653602821
2.28698469807
0.580671898999
1.76012038105
0.362069581507
2.13810744704
2.11177933737
3.12356121239
1.12710431985
3.07816054084
2.49711056892
0.745268278518
0.901791603006
1.60809041703
0.153267270525
1.91759262304
1.10200235511
0.21803848248
1.07540102826
1.60930454962
0.612735975484
2.68577371477
1.64263803229
1.89661498987
2.50283076912
1.57885524025
1.25475439357
1.53034961259
2.41955843976
2.63585083831
0.517556075294
0.102288315436
3.13038919041
0.878260031553
0.378699475074
0.614255129291
1.53402444005
2.94832956799
2.27820844362
1.39928364691
2.7889253562
1.42583991759
2.74101018814
2.12346059537
3.01767958093
2.47772848882
2.51377413356
2.72870743245
2.16129099592
0.0363956050173
1.41063600651
0.736912890272
0.41984314507
0.873812896188
1.39508991796
1.1210215218
3.07805501054
1.15491366645
2.24206204421
2.61371055968
3.09422480134
0.349524500917
0.872354029076
1.73487792629
0.964551607267
0.768956853748
2.81427107665
0.652485147429
2.32588889175
2.96288997407
0.0648044817279
2.73829166488
0.34805906785
2.52487371388
2.56210010329
2.08481964871
1.62637338888
0.532236090785
2.99034905347
1.3274581509
3.09604342469
0.464364104998
2.45773973493
0.32443352437
0.941027312931
0.250826861991
2.09482117398
1.72981494358
0.88615546076
2.33779429017
0.266912099232
3.10229578031
0.213969542784
1.73668210004
0.46025539475
0.0517985809863
2.11159863188
1.74381680772
1.85778699385
0.291762305379
0.181459802285
2.66773458161
2.00452333562
0.159101752722
0.178047167736
0.0404250036725
1.85891109594
0.0932174730672
0.150502849296
3.05768913009
1.2134940302
2.04076107326
0.681682084754
0.718769518386
1.8087083216
2.40023513919
2.78479635382
1.77239922274
2.40558499806
2.1785710746
0.964674515089
1.83424277752
2.769216312
0.201887122267
1.07700327422
2.57438786321
1.06362557045
0.310467734454
1.67911236693
2.77885874466
1.17343757278
0.469717045518
1.70405369664
1.90849237348
0.452333905244
0.308868224358
0.510075591072
1.48952066728
2.84427165977
0.903760225611
0.601877805304
1.0555112932
0.791772910978
1.16703264804
2.56299947701
0.836295349369
0.270608850247
0.910990662592
0.423640090996
1.12017810789
1.67295322673
0.297307727139
0.417320985597
1.83065594334
2.87873219435
1.73343670966
2.43631565994
2.38100436742
0.451291771583
1.23728807014
2.04983666127
0.495797577286
2.4438880283
0.780821805031
1.91764555892
3.10915615366
3.14008978779
1.37289721623
1.44180749931
1.93008575153
2.25573594868
0.319269293828
0.279895895287
2.50560306719
2.76997229183
0.277395902052
0.445215589561
0.578827897131
1.47218325221
0.609146280755
0.549471891494
2.77633363045
1.47622513659
2.48239981178
0.611970346868
1.1429073356
2.8027028968
1.7625893332
2.43590385393
2.15610579802
2.6386827148
0.192034512299
2.69436686127
0.269686160322
1.68697241212
1.33684877966
0.602492811238
3.02227637148
0.575153640628
1.40292392163
2.36858706361
2.00043575488
0.418310059696
1.96673935448
2.25791006923
2.15074658274
1.16008355626
2.43826693534
2.90337037679
2.19622721435
2.21640085479
1.90434000112
2.49824784307
0.260361989229
1.64281165536
2.3252243542
1.96571972139
2.07405672905
0.729013647937
2.21758528602
2.67576031737
1.59454706317
1.43602241649
0.550151041699
0.407189906435
0.0845187273252
0.484704014829
1.08137876451
1.82111585985
2.45719409189
2.80130419118
2.21076742691
0.657095776824
2.07654141206
3.11593883075
2.4506095266
1.59467659833
2.40496408152
0.130268907807
0.790842555721
2.08194861058
1.13132380819
2.84135391281
1.82177375531
1.31740484613
1.56177725275
2.30988799551
2.49140980522
0.159180494566
0.212807664462
1.55758192612
1.62434132944
1.62864062929
0.646204134985
0.550106046849
3.05424016555
2.96099632479
0.105031118831
0.0745320291709
1.08736877891
2.40903927344
2.24958414351
0.234580630836
2.87563551979
2.93470171479
1.52460901128
0.675152110001
1.40085651079
1.44188215023
1.31509347956
2.75614450478
2.05261927445
1.71479909617
2.55029842537
1.79827196886
2.82026471431
1.68485818795
1.67010212575
0.051170260975
0.365224326202
0.532696546101
1.77168625741
0.239622847857
2.42544811119
2.14935294163
2.01547775276
2.30362599636
0.737513446551
1.90657401984
2.92921642313
1.63227273396
2.85293017868
1.65190980292
0.185573262053
3.04034221743
1.77924092768
1.70804827101
2.42662211985
2.99467971619
0.751838326508
1.68397453184
2.90431211479
2.31703459732
0.409026012379
1.16768117997
2.7660726144
1.62513809207
1.69644623744
1.06171835941
0.143563679485
1.74602576626
2.5630090215
2.23661250032
1.46021147565
1.53138977587
2.39344555858
2.96001492526
2.21987543482
1.02790674239
2.84131212674
2.29027296468
1.97224740674
1.03980814286
2.91916325997
0.50105479508
0.397486120508
1.18077724044
0.192380230218
2.13290115172
2.09978394295
1.91121625489
1.37333122068
2.29626679241
1.1032772723
1.30531183486
0.939992299048
2.00575925993
2.5159344912
0.860141615423
1.57408119304
2.13344569811
2.80739782368
1.69407083352
0.967177274848
1.31353874121
2.63624324812
1.52306658346
1.13232671296
0.081366318702
0.292453982874
2.87766632326
0.292228880704
2.56327319243
1.05127836355
1.07654506606
0.78743044656
0.213779387487
1.36946968908
2.23837935999
2.00949561814
2.29373079579
1.70717276135
0.381900924195
0.605785055252
1.75644532747
0.972359865337
3.1012020941
1.90280161128
0.332893538125
0.723460402609
2.47208777713
1.91078956831
0.670178967605
3.08668761951
0.420445847054
2.46548474913
2.74568726099
1.93032229192
0.118736531679
1.76031005634
0.364700367406
1.73835588343
1.85345097599
3.11340895422
0.188381370096
1.32388068719
1.12520991607
1.48199895952
1.22955424563
1.64254507689
0.0159845519526
0.293184098106
0.604538164396
2.87865000045
2.34746685352
0.345388898312
2.05330589785
0.22913959865
0.470274081299
0.234685968496
0.182615965625
1.81701925074
0.673147302609
0.295391431775
2.40061849767
0.955049474265
0.598147889027
0.938342989767
0.907012432107
2.37242999651
1.78693188355
0.720972922081
1.25904563053
3.06892247009
0.147527724974
0.0808129640144
1.60805805132
1.80712043558
2.39859743074
2.41135069729
2.84707243836
1.59187380814
1.57576963886
1.87574241127
1.75342917764
1.87959215636
1.96970834864
0.895101915771
0.941873585443
0.0297548304339
1.71201769953
2.13466994735
0.442747789447
2.9334538291
3.03553393652
1.76844777338
2.09029093408
3.02235427054
1.12849040567
3.11212593176
1.11973305272
1.93077762887
0.794744423195
0.363286578177
1.93174161631
1.77953440596
0.810236907374
2.13813202766
1.89519856255
1.11097192638
2.6015922252
0.00176312648088
2.00694644398
0.694980039082
1.98359638148
2.6785796183
2.34869128333
2.27840173169
0.478532981085
1.83729526225
0.705339623935
0.942485780075
1.81996483429
2.45394753965
2.57994040805
2.26098454395
2.40097803224
0.79381052279
2.61977146015
2.34874382944
2.24189103093
1.44634838375
1.04045917641
2.36406623333
2.84143769364
1.30891772146
2.45286512236
2.94149758317
2.55860847252
0.0954483529007
0.570679908144
1.33055934885
0.577437696476
1.94334221008
1.84213822769
3.12731372271
0.624324733277
1.23674149529
0.687897752464
0.886051441215
0.410858729122
0.59186764011
2.02699388918
1.2457301682
0.294352852301
1.95713312009
0.223256898444
2.28798326439
0.191691607279
0.198570403757
0.749902255415
1.91917409125
2.48865457953
1.67332774307
2.90210208986
2.06777893905
1.98909580765
1.15305163913
2.86252346588
0.953639025389
2.6278891627
2.49606386901
2.9229858983
1.80031862888
2.70673553883
2.36401387087
1.0655867558
1.9909836164
0.535924785083
0.543008896813
1.67249182812
1.5057831928
2.10942722509
0.734671052798
0.17648718209
1.41507067455
1.20079904064
1.79052096532
0.427764595709
1.26016757538
1.28812358401
0.848759624158
2.7935953461
1.69310258307
1.94442076623
1.52646374366
2.23334722794
0.113316009648
0.706861552879
2.84344014214
1.84863735749
0.0540204952326
1.48021496689
1.60524252094
1.99288592077
0.690034524622
0.817130447857
0.770844388322
0.374428552402
0.207797496579
0.267124434694
1.48704715763
0.776423386343
0.514766251457
2.71153009261
0.50514769647
2.58585383994
2.0493027774
0.187305410677
0.603215239503
3.02366121294
2.78506279232
0.775190898472
2.9721096843
1.13742488495
1.96758543199
0.577414435561
0.499077256217
1.49647767693
1.8126307323
2.32427064318
1.04805981466
1.90884995609
0.028252604641
0.880523676176
0.831331945941
0.218535845753
0.526259236337
0.616600451331
0.280400951733
3.09545778771
1.96419940589
0.330753825843
0.0400908877852
2.19408578329
0.112459402311
1.9269800503
1.96488960936
1.89021209838
1.96886370207
1.19472256284
1.80246921506
0.455334914249
0.822533372264
2.42478528504
3.08628858685
0.437868121041
0.978113363925
1.46675769705
2.90047167526
0.968581111783
2.10581712059
0.916988119129
2.73795416873
2.91748141191
1.52890443448
2.07371702559
1.61902728829
1.42324204975
2.60182946821
2.15890007931
2.26243670528
0.510279819995
1.57019263124
1.93009814084
0.437600600201
3.08462908446
2.62085634418
0.832956233136
0.510799434968
3.04327180504
1.65193363857
2.12791481415
1.23973119873
1.39883970772
0.550845275905
2.89685686571
0.0371975953411
0.259878829706
1.31945683979
1.12947379156
1.86496452166
1.43136617282
1.52556104871
3.01243870132
1.42685556582
1.43428975623
2.42301802561
0.660806325739
0.747714883357
2.71662625301
0.526843666401
1.1049223253
1.44207588037
2.49813342498
0.923300412632
0.364294779054
1.35808038111
1.3385377633
3.00812801128
3.09891629775
0.802531712449
3.07800782218
1.06792221002
2.73995527842
0.584680615294
0.506048919992
0.362698250014
0.675934178091
2.70883085775
1.43632445408
1.71662741237
2.49189379767
0.7471030775
1.88185060938
1.14720283239
1.80876489446
0.831206643056
2.54400053957
2.15313410251
1.2547132146
2.38725177473
1.95797719655
0.181611424448
1.89299016827
1.63925273638
1.26718509563
2.80448570998
0.416519331495
0.842106963408
1.29704687061
3.1392398008
2.65480224473
0.478181062409
2.71430639714
0.899857493146
0.357551008714
0.98378500663
2.1459365436
1.06648274639
0.833028380712
2.03588048126
1.99128834899
2.32517570111
1.54416925457
1.1062840709
0.114549204414
0.650133920447
1.60146723344
1.69212177395
1.54675910937
0.82449642229
0.443964638445
2.81814496243
1.14271383288
2.55825576829
0.802522490887
0.805985503962
2.4007103903
1.28153947817
2.81316604999
1.19393450278
0.622415938892
1.40662401425
3.07685333417
2.3981867205
2.17365140609
1.9009573987
0.604573888179
0.457376655256
0.952112287673
0.63506451129
1.90679783163
0.815097873577
2.79301908841
0.545413165698
1.0995127085
1.11647882754
2.56721621581
1.5395459182
0.0271011747058
3.04812448639
1.79106148303
1.7186432202
1.45836949534
1.41312346845
1.99109973357
0.267209934739
2.15149957469
1.84804023726
0.373096622625
1.90952009129
2.46046900016
0.053472680358
1.95955092888
2.51603816168
0.949354358559
0.554627993156
0.725203104548
0.884441281553
0.591732586782
2.23974501381
1.07753829744
2.89067015071
2.61455293883
3.08271419233
0.826626740772
0.307842764811
1.6935202121
0.235470517073
2.94732421507
0.122224505818
1.56043943344
0.188715458427
1.09569984113
2.3463470918
2.59501508907
2.07497593871
2.32906223713
2.28529839877
2.2514395186
1.85486867559
1.51755359404
2.90038313873
3.08166841248
2.84347154459
2.31797363465
0.843000310665
0.884612467502
2.75738592765
0.926454995579
0.818087811954
3.04810802523
1.67683315758
0.765630662672
0.143214472702
0.500657760696
2.2058467488
0.368617132391
0.603975788574
2.21004079392
1.71283614861
3.00608268389
1.46313938379
2.1080362058
2.04394125275
0.809291936811
0.486873779291
2.5541863392
2.07870036949
2.97421152803
2.12109154326
1.67118386081
0.558455268791
2.43403938789
0.950870873964
2.79046969292
0.491050678364
2.44209980884
0.359303342215
2.16678181046
2.63870005875
1.86674080906
2.55748560725
0.747825297087
0.184840869399
1.82078271205
2.11376590663
3.03294598059
1.10990255368
1.53352303948
0.364053752161
2.38241910819
1.86861205404
0.18604232816
1.63644140575
2.64955843278
1.09616777352
0.474339096319
0.244221759795
1.20837366235
3.01665874066
0.0482412873817
1.27718617539
1.36547810644
2.35517850012
0.372682680168
2.2556200459
1.6634567773
2.87492402235
3.03246067776
2.27148243487
1.44508419385
0.903999027658
1.57184695334
2.38101993712
0.820429432652
1.18841446153
0.649134624224
1.46073928009
3.03276103758
2.36468985269
0.301973763485
2.68845547075
1.89817715784
1.19398633672
1.02627898995
0.456490327437
1.95603563953
0.309837770381
3.11889600423
2.01977586604
2.64960512354
2.21885533106
1.91204098838
2.93980901301
0.236676514411
3.04941828043
2.94456436162
0.722924522612
1.91150257829
2.36596969936
0.873224324478
0.0694305117125
1.17523334621
1.95378518196
2.55899920597
2.26531145635
0.346465216997
0.961915631755
2.71199357145
0.168846435603
1.91916728217
0.285139462278
2.18492675589
1.98308226687
1.89668559889
0.225861951413
2.1649274562
2.56391168023
0.857244475257
1.10013314574
1.2082316246
1.04377827062
0.0155480818268
2.57707439568
2.09955699615
2.63378350667
2.61566866324
0.620090344847
2.14016138452
1.05774909017
0.575829594649
0.917331525599
0.0111635568953
0.101206054826
1.0880454243
0.11556710934
2.67933472033
0.13911976157
1.03973387284
2.21854896408
2.06625552761
1.8917511418
2.86743970194
0.370826459393
0.677613811741
1.04826064697
1.44851227277
0.500737283585
0.487726967886
1.93248954354
1.48238455976
1.06303491937
2.91580126929
2.62335722656
0.920929211919
2.39073507223
2.83276706927
2.62032547914
2.27935723499
0.144697477563
1.08111950657
1.50710408496
0.0222972450982
2.96038174989
1.91516021458
1.07636900544
0.857043381934
0.0273569515992
1.5528348193
2.50800548043
0.761235270155
0.148399977379
0.149604258542
0.154632934319
2.85976162568
1.09741040077
2.36610769368
1.34815056331
1.74626971794
1.16980863771
2.76325994232
2.23460137025
2.26344792727
0.12939329476
0.528947541329
2.27960021869
0.681713191953
0.0615868100867
0.495441659605
1.03612882076
1.33629417078
0.82952174786
2.65531672289
2.26458467913
3.03066557203
0.141542689903
0.70999380839
1.46973443941
1.82102877322
1.41264619625
1.56809802656
0.491069793119
1.91673925812
2.17627017675
0.614189243743
2.14928592144
1.39174950599
2.42796009618
1.64567611472
2.21226864229
0.178585510027
2.72447525102
2.68788009091
1.62327297342
2.58236408895
1.99179706032
1.31634695565
2.50879165103
1.70505116365
0.0436161794391
0.973443951201
1.51205393667
1.81384356531
2.76625754089
0.0928980458105
0.664282924745
2.54532049311
2.23982885224
1.10053930917
0.714859746666
0.824258653489
2.27747993066
1.48399822029
2.85876726434
1.24259623942
0.524291183514
1.81646177901
2.48951344479
1.67071475848
1.05194384385
2.34967042224
1.86285783337
1.28816838327
1.79174161756
2.26557562225
1.81062355107
0.944323259017
1.62452559834
1.55429192229
1.31607451527
2.36648588948
1.84408740018
1.26354720292
2.26622072193
0.981572267468
1.23801466476
0.89803683947
2.63172002651
1.85559622696
1.5755910014
1.97168894056
2.28332061477
2.85240306746
1.02568929721
2.95940777928
1.76074872845
0.0408299167112
1.45436436138
2.37442418607
2.50263991605
2.31507615104
2.28245901921
1.36917495377
0.529762647462
0.112367435662
2.6906437373
0.162873429567
0.686735882644
0.261441465771
3.06053380479
2.34940634419
2.22160909023
1.25494538731
1.57408215449
2.26531076661
1.64924116457
0.0773864902902
1.89577093316
0.959364069908
1.50695661824
2.96481923497
0.780079499872
2.55594868513
1.025935894
0.437665491151
2.20951873378
1.43567920347
3.04615015858
0.184604087627
1.0509902733
2.3834184563
1.59668956659
0.982505597001
0.784805773477
3.04192226083
3.03066596968
2.41051614272
0.520013785449
1.1609989383
1.8309107117
0.828806807126
2.58626195142
2.08064729236
2.59999943289
1.67575564225
2.49128775379
1.89289803996
0.168242751692
2.21105550972
1.92555251104
2.33615311175
3.01091153686
2.64285247464
0.451829963859
0.817636001712
2.95322208491
3.12426221689
2.09288586133
1.87340678449
1.73312549119
2.81270126285
2.19781099531
0.112604368608
0.233881611627
2.84011583089
2.4486013653
0.819725580549
2.18591762672
1.09082124082
1.15836957338
2.4439357366
1.51311107413
1.8985239792
1.45401604367
0.897190208104
0.869792471105
0.591997373292
1.89493961597
1.89117347243
1.00684809999
1.55039128672
2.55436342365
2.64534967852
2.24064189298
2.61795344709
2.51825767622
1.93850382211
1.33351331449
0.893813531321
2.29678908148
1.10977130236
2.39169982651
0.926390249043
1.15494835833
0.327341461603
1.98909784428
0.615460369048
2.06410552659
2.2226469061
0.488498108444
2.16671080865
0.737268229539
1.27563340706
0.826760010943
1.00149962874
2.11654819101
2.29943230829
0.264755561234
2.58987269199
2.14850657684
1.12623618528
1.28547925066
0.0605201543295
2.07855793533
2.51812888625
1.53689511487
1.91996060586
0.538327949799
1.36824140995
1.88875715182
2.53891744365
0.375585407121
0.335013966342
1.48665912046
2.93766370592
0.990105599061
1.51525144187
0.925523727328
2.85474371482
0.868807835168
2.60958637987
2.48118729827
0.235625551695
0.96556143718
2.11654595279
0.412443984033
2.58475162958
0.602835084062
0.604073964637
1.064494682
0.654431068491
0.582321636575
1.78041318099
2.54745364991
1.66976137726
2.01812067265
0.500979248344
0.930143971854
1.2372897223
1.32511512251
0.987385341063
2.10332342078
2.42481013606
0.723920314241
0.179496762066
1.24082526974
2.45915095291
2.42797390731
0.380024094068
1.52902389606
1.98123828684
0.49127529406
1.0627478913
1.06791303119
0.295336706178
1.11344801483
2.77405274878
2.72810914598
3.05441354569
2.28984337445
1.0114364314
1.53132062552
1.59576530501
1.10612336548
1.5089817745
1.87338751469
3.03432552734
0.207069715496
0.690708323637
0.966656368321
0.884788036008
2.71728244024
1.63903235106
2.87161550469
0.983933748813
2.3249537461
3.12833439965
0.943089992311
2.25675963634
0.0785521623524
1.68065402121
0.222818464136
1.99488164521
0.504555250718
2.91752705273
0.792105346095
2.44247187418
1.8924674273
1.26151709545
0.998389514886
1.74125811955
0.0374787786132
2.35913342099
2.17320634214
1.19025263818
0.575577784697
3.07659082976
3.09878333272
0.659501373739
0.187306687991
2.41761897838
0.408511971184
2.19218173357
1.18984113246
0.521936320782
2.98817683046
1.99207162189
1.40752511714
0.0374543133948
0.273233895385
2.7722780454
2.9771037035
0.866493340315
1.96017816023
0.0528557900127
1.16758480278
2.04379576078
2.58539061342
0.988764216205
2.0106518549
1.97485891649
0.26180774643
0.402607849715
2.44775255915
0.969444223519
2.14397090787
1.23055663521
2.00576909691
0.016732539287
0.41934053676
0.27329352338
0.112022899321
1.59425015711
0.042497375055
2.27443005984
0.051875629959
2.27108013617
1.84576119865
2.15573955203
2.25214615776
2.84374807459
0.540038581313
1.21994326452
0.971350611115
1.05657894303
1.27049837233
2.04617329892
0.632285056867
1.67674906694
0.699981641292
1.77905177121
1.77191449353
1.38735619491
1.36506829281
2.38994763425
2.35886777956
0.573543406739
2.97478037107
1.50166134833
1.36813439669
2.07628976513
1.50155254295
0.692906080791
2.24113274193
2.65222876151
0.249539326386
2.78306593975
2.71226887556
1.05823116679
2.39371311013
3.04762654562
1.89712688805
0.512296206412
0.733931676616
2.02998548893
3.09283812487
0.737729250371
2.36186664543
1.89069002321
1.82181145401
0.0324680801755
0.0629206702358
1.33674475032
0.181201895512
0.523153876248
0.951562874531
1.33196343996
2.13177868946
0.882666689703
2.76643715592
1.80704646705
1.40197032793
0.688959922028
0.64804340606
0.0575366537977
2.21986072344
2.1394231331
1.80739644973
1.9736993004
3.00793469099
0.206933646777
2.33330486593
0.854162871584
0.925545797999
2.10246087214
1.52708128834
1.1902330231
0.825237022799
1.22796607837
2.15929540679
0.0727034021329
0.113524680982
1.73917899135
0.0664282208661
1.65765942992
3.02448503594
0.342824333633
2.14642213314
1.6853054049
1.02896073373
0.700015790327
1.95023131818
1.20145586533
0.377431816164
2.7011650387
1.55498382893
0.0804627693258
1.65959297273
0.739071672637
2.25590182392
0.998475471604
1.10820905606
1.69942229298
1.21586521043
2.76799611287
1.83383621681
0.353806922306
1.24629324123
0.121435769843
0.186773439606
0.682134286878
0.0382081196187
1.81279870921
3.00283024873
1.11329688162
2.76669749834
0.568293179433
0.28115958048
1.97926237973
0.969777679502
1.09826226165
1.38868007298
2.21772940133
1.36732549006
0.856262651616
1.13391257493
0.212968539925
1.48722942188
0.654739904703
0.530894585124
1.86551257628
1.70340744336
0.441591527839
2.7521671844
1.62601721548
1.05961228796
2.79633315824
1.55055138419
0.362490191644
0.89994019445
0.359503508211
2.16966204772
2.99657429613
0.0757857121552
2.51401771434
1.30509900341
1.25786685468
0.33141559707
1.69239229413
2.90204035743
3.04190486717
1.70406195564
1.2462690532
2.64763399598
1.09077399511
0.36866678126
2.57021243384
1.78023707889
1.78184348625
0.712150486766
1.79560302478
1.86415898525
2.61486802212
2.04813946137
2.49723282184
1.6551821864
2.05667829431
1.43308460522
2.2704759074
2.37456874578
3.06122032376
0.720990493408
2.44597717686
0.843184242482
0.913037599225
2.22681596815
0.821880867689
0.706678358152
1.73009183148
2.29434281539
0.471365464924
0.7363420128
2.06766009548
2.57327706686
3.04668673533
1.36610224571
1.37093634977
2.12031058238
0.0739769030087
2.39283662824
0.983474531968
1.19100009288
2.49642646607
2.7525244578
2.16061094311
1.93433876801
1.47846978733
1.14967292215
0.745696268331
0.083989343484
1.81731085084
1.90178006973
2.34139625404
0.908094960906
0.445477991205
1.44090273879
1.48893632571
2.58204795295
1.92510305915
0.73667430862
0.48430379242
1.5027342799
2.49442118305
0.691821384653
2.98515818579
0.4557977056
2.6362232969
0.076772251511
0.193237385295
1.42220403558
1.21267024377
0.18400463819
3.10882976851
2.5050630118
2.16262836708
2.23221765563
3.07139628839
1.57329133918
1.30625986887
0.535532027579
2.92923587926
1.38334916878
2.30899222606
0.00150451875564
2.05899851056
2.79397367209
0.550178240312
0.863867558304
0.4191797199
2.6133737647
0.0998494296346
0.287218758809
2.58579572299
1.13378804245
2.68981663303
1.61232177205
2.91604117701
2.81841649394
1.52360894272
0.781029728015
1.77514505046
0.792267920065
0.00643922172755
0.621491172175
1.61622346381
3.09873248428
1.29229521215
2.3700142971
2.6655058875
1.40929936964
0.185176589996
1.75977792697
0.245704895664
2.10926380455
0.270920600865
0.253352848436
2.87615718776
1.65765610237
2.67599410765
1.3304153173
1.3671741401
1.58857858026
1.51183693629
2.44780843448
1.8586225636
1.34262346559
2.4267287688
1.76199144889
2.60486666716
1.14676659174
2.3523085754
0.226966007136
2.44841733482
0.406497964472
0.192058572199
2.82159955271
0.905946117953
2.99304217279
0.945561040485
1.9249347645
0.736832239829
0.98072533155
1.33736621498
1.52246233226
2.03604030518
1.67231392935
0.262067950528
0.706963029986
1.34545516758
2.7749659562
2.85892413533
1.13960571661
0.0556569147244
1.87514873689
2.89101934879
2.87406348374
1.8350721143
0.39004791845
1.80909075336
2.05473438236
3.03413801839
2.45965630311
1.57204236421
1.86386052515
0.100000476644
0.390053111242
0.741544178955
0.193830000517
2.87440868354
1.86070854486
0.22320656666
1.83747851648
0.349800885441
2.53584748569
0.499794153891
0.716201096668
2.20540940662
1.30297130991
2.47270775341
0.577339400143
1.30547605837
1.6135861248
1.74121861409
1.15364216732
1.54549106782
2.21404206193
1.93699229666
0.808341027125
2.36019765398
2.38831654056
0.594456787654
0.116292898209
1.76539015219
0.781899003139
1.14600361838
2.81169419315
0.670050060344
1.97997739566
1.89350094744
0.618187162858
1.24256793227
1.24095824648
0.946003589825
0.525482410078
2.37218646989
2.17498120016
1.93896108949
1.09326741374
1.39666714471
2.29288557075
0.35047583986
0.132396764916
0.800390164254
3.11057897851
1.05026805799
0.428164304703
1.77171598636
2.14524875466
0.989670151268
0.556366981756
0.841893430567
0.138515218399
0.838945091392
1.68051154772
1.90271912094
2.96588715472
2.32502593807
1.47735888723
1.42906280162
1.41325806697
1.77159829725
2.74714840512
2.0433973754
0.0983397447444
1.74525144053
0.758808646735
3.13764869233
2.9214201545
2.62246562814
1.58240438112
1.02563786685
3.10213991352
0.610507233976
1.4134654491
0.90365813455
1.48067848897
0.122707466133
0.81183454324
0.117543177073
2.00574301262
1.88451177092
1.15805559004
1.05021821719
0.718405438393
0.387467365089
0.781552963333
1.09980816769
1.12234079612
1.12721040712
0.507022084985
2.57893950306
1.63939348072
1.72415379944
0.507786660463
1.92194908606
0.966704504597
2.21619867129
2.00407050168
1.95310719064
0.231199139484
2.54500299538
0.944155805043
1.45187165489
0.417968409124
2.06381256566
1.43056857274
2.49704380015
3.12048746757
0.477185804018
1.65231481976
1.17014006674
1.00714855628
0.0299879512528
2.4916508232
3.04638250405
0.544251935801
2.62363014939
2.82251434799
1.14178869698
1.08058269581
1.9439908252
0.965892813875
2.22635608831
2.08046469434
0.635812888939
2.98703377181
0.52852665372
1.33625110273
0.607253811411
0.687063315374
2.71187963634
2.18561575989
0.0515378854642
2.74955402921
1.47489895131
1.33178919215
1.48853724038
2.48632906487
1.15995058453
2.17282095587
0.371208985938
1.61145809424
0.357754230352
1.82444252148
2.03347908941
2.64983264548
2.21685463315
2.69932066501
1.89334357508
1.97362135042
0.286307700928
2.22851274833
1.61754764655
2.22070863653
1.53833169012
1.37890759791
2.8010452717
3.01214255577
1.71810003787
0.599216758893
0.0395456707089
2.27371417066
1.29398820708
0.190442010443
2.67064727109
0.418250619409
0.265829866306
0.237872834677
2.66431163557
2.47240775166
0.908131026169
2.55252118589
1.90535381396
1.8104453068
1.69168587393
0.0530263439035
0.0256886663333
2.27124854238
0.597995693617
1.52361635185
1.43279096743
3.07761954914
1.35025415902
0.0949017242918
2.22225475431
1.39209140148
2.78781329388
0.608733810445
0.881873735973
2.00250210077
0.959932402133
0.163644466955
0.189693435075
0.400127918187
0.381412987547
2.82244447823
2.01266784122
0.0549562058415
2.39566238733
2.63875148826
0.170468346226
0.341850892045
2.26526021192
1.69838033929
1.82048790248
0.960471329034
2.07684473315
0.941521212607
0.403088927715
1.24496248144
2.97403869791
1.08459843044
1.89575102855
0.388126404763
2.57457095098
2.11244221032
0.609695698941
1.35518277824
1.78855374139
2.57505860202
2.0622995881
2.32510296663
1.09189740231
0.991518269462
1.20459289908
0.120746219781
2.34605491365
0.253179312567
1.31993717794
0.597889899743
2.19859190148
2.98683539702
0.923136882328
1.00772991533
0.381154831717
1.37051268623
1.49743220344
0.544415843197
0.756520912816
0.806659224261
1.96252584106
0.454416488951
2.87005093914
0.329778372453
2.47335718543
0.479473510602
1.87530202319
2.70842871193
0.983390948182
1.83518950599
0.521223492385
2.06787441965
0.37778422894
1.40809620853
3.04302337751
0.000383243844275
1.23476569355
1.72831240936
0.637413597246
1.03510567949
2.57271184016
2.21228083309
2.70636801655
0.328282326246
1.02241305457
0.361867306935
2.1906111014
3.06379424084
1.71724480405
2.21732363313
0.295632438615
2.2532996233
1.76296024578
0.90654926777
0.6689726298
1.88119897987
0.141742473426
1.23513787784
2.68226877133
3.07216810693
0.632587201585
2.75734484318
1.51664566612
1.04080305061
2.95677999335
3.02087048054
0.830078953048
2.05710206219
1.82647729717
1.12426144276
1.23375163666
1.47154048267
1.24837245157
2.44340341996
0.16860450825
2.85417752404
1.18523169401
0.725101822932
0.267905434036
2.59134966702
1.75145068614
2.85826668218
0.090411941878
2.54142114596
2.88119423303
2.44268205423
1.75693946061
3.05323551871
2.83787889661
0.483097765085
1.59088262504
2.75630029485
0.376503806884
0.366233119475
1.55116201238
1.00316554319
0.943567352759
0.329602979496
1.1458925859
0.225690787499
0.472578093805
1.82245419552
2.83420247389
1.73769101991
2.95912214544
1.95539438595
2.96159597252
2.85139623224
1.90653290904
1.56805234289
0.417528184132
0.251949734452
2.3821426816
0.606342477764
0.410896029353
2.3570857905
0.161307360597
1.91427566415
3.04208277347
1.68368874111
1.54536666119
2.18406072704
0.614658995223
0.740142007112
0.662765702293
0.146019564446
1.53684554106
2.27076566647
1.21129800645
0.226593827402
1.93772578233
1.81810424958
0.964342409858
2.89210821274
0.866246094257
2.32404123282
0.596715780056
0.903848531466
1.16370364685
1.4301329217
1.9084536173
1.56997199334
2.30227098214
0.283287096821
1.24439134914
0.650974868516
0.343921401238
1.83075267633
0.404346822164
0.401880687676
0.0538078804719
2.59107605399
2.12522683582
0.965820773436
1.10791268491
1.49504864115
1.3804793726
2.02286625002
1.50629116817
2.45390424805
2.81566799506
2.52427766771
0.112305889971
0.217197009935
0.115993569341
0.78494889809
2.78096748299
1.71260154874
0.58507973346
1.89252957085
1.0924932663
0.281523321124
2.20337654773
2.92170075532
2.70902860993
2.89534865986
0.518355207349
2.21869284397
1.9513883794
0.29349278439
0.930378230461
1.73154270516
0.170293419589
0.884339233808
2.22984305872
2.03045794002
1.95251453985
1.06166106932
2.50919033453
1.08625284221
1.13694633514
2.87767838449
1.76797885741
2.28314062131
2.43646835884
0.787808026722
2.39156284325
0.940446836573
1.95915582877
3.09616881336
2.56652605391
2.22104937391
1.08994008221
2.30690851175
2.37339788372
0.686638238182
1.51788503938
2.55177641422
1.34158929872
1.20618798485
1.16849171446
2.64020470318
0.932382028781
2.8624553399
1.04980399483
2.09087211678
1.21162618734
1.91568042561
0.0241284289302
0.5866487682
0.470261488818
1.01086475152
0.436794978621
1.51576420984
2.67664088083
0.447293693398
0.571033715797
2.78439182263
2.11037597255
2.35650442821
1.12917529583
1.48118298568
1.82822565026
1.80226127451
1.95937304799
1.86932933133
1.42637378764
0.624310560073
2.12712986938
2.41296738624
1.46548943746
1.73031005175
0.00404219998474
1.40350882025
0.601667128102
1.2681203366
0.918508588655
0.864616792936
0.456554017919
1.76827879163
1.77882518375
2.12851203626
0.292747452855
2.24766892711
2.7753460436
0.833137792292
2.65940684013
1.58463899034
2.04699905486
1.47354867248
1.00529028575
0.963863905491
3.14061311677
2.193500112
1.44363016074
2.33932964181
1.87220286033
2.16449582173
0.339841754204
0.755594467061
0.899492852374
2.86353929912
1.02959007521
0.806567576737
2.0296555834
1.0780094726
2.32987425448
0.524823448156
1.74246936187
0.92955144673
1.6048196898
0.861426080565
0.375592749269
3.10390000465
2.44603740677
1.57368182044
0.884557474719
1.0727329094
0.126293882597
0.62821116095
0.799916208773
2.53562389074
0.90939162438
0.877541022245
2.59003200768
3.13133768443
2.00727678864
0.289405543925
0.584190486636
2.03971865914
2.35729099616
0.3987692518
2.88408565279
2.25453078145
1.2212191894
0.535681286784
0.507393433081
1.14593687309
2.1580281887
2.39710824635
0.334079944893
0.559270284825
3.01502215988
2.3289967298
0.891645240398
1.20505805907
1.15738109855
2.52435197407
1.38250797429
1.91275785546
0.843890744866
0.390304466598
2.8949295666
1.6660141682
2.77596870506
0.359373779515
1.15335570221
0.83196645827
0.339137825841
1.56975686296
1.28817243656
0.466442356732
0.290639905913
1.68067207144
2.1659438976
3.11811279314
3.06351884005
1.74549254649
0.383590816182
1.48551551255
2.46545949625
0.483560270043
3.06492810218
2.29984579026
0.279362558272
3.10675257523
0.132978338583
1.53632749447
1.91315356596
2.88187573613
2.28747619986
2.65983266834
2.12277718611
0.435446241761
1.00215873451
1.23477643716
2.57026603244
1.09587538468
1.04905473722
0.609369102479
2.35170926641
2.43525319646
0.842327754564
2.53552542888
2.20018766675
1.79210977457
0.256668087188
0.350373886966
1.50882627256
2.09524352222
1.84261749075
1.21219573407
0.733167006475
2.62508961323
2.58581529817
0.172516719968
2.08398161368
2.2879718093
0.911302683059
1.05293889715
2.21244563815
1.55636817736
1.67521608777
2.43838374801
0.517598653212
1.24165440669
2.20095032935
2.11810262004
1.2732614683
3.02339860196
0.140190607389
2.50238911886
1.7669898334
0.722455110433
2.58602653108
1.41133728757
0.899329970918
2.8733845746
1.16337626848
1.72191679721
0.331720606327
2.11298239672
1.8035999169
0.0647103421555
0.216657742369
1.77705616318
2.7075552972
0.178064243177
2.9001712181
0.240347949555
0.470779665935
0.772592865719
1.26263604746
2.00263263037
1.58694605102
2.9299344941
1.38667243599
1.164093642
1.44782409037
1.97064263609
1.00105832138
2.76799267081
1.24293597333
2.57006170805
2.01141664636
1.49938943391
0.685804638292
0.534342746661
2.38829491265
0.10692636531
1.63467905117
1.9510626122
1.974810381
1.83679109619
1.10523385769
1.14613838577
2.32135948103
0.951815514828
1.99211631776
0.748305382828
0.446901637883
0.792822223236
1.45462353577
2.29809894192
2.48631347561
1.48233617329
1.4998358537
2.71676356138
1.09200127621
1.1339202666
1.20545494644
0.0326655538085
1.01083767392
0.0697010503164
0.129031264402
0.290144922033
3.0551611358
0.445358406849
2.0841464427
1.45888016426
2.16601878548
2.45568697019
1.69895502391
2.64475048938
0.661292007251
1.5406737386
0.363012006575
1.57303831545
1.39087395048
2.33171137292
3.14139875409
1.71085197585
2.92074201542
1.88107857546
1.28561837464
0.587856001432
0.519493306086
2.38240035074
1.68428830458
1.6940501793
2.99657488215
2.24440548908
1.40059777089
0.798199274965
0.978768501442
2.02052859678
0.362011040858
0.179397935527
0.737178279101
1.06081609559
1.51071028302
2.48856593732
2.04681585421
0.949443215799
2.38311239453
1.51642306159
0.177958420767
2.86522990444
0.687942687386
2.71158544415
0.203636242468
1.51480888918
0.247121641844
0.797271103556
0.418016020243
2.56065462518
0.521651016674
2.41991764032
1.2674338053
1.85116852085
2.31264478946
0.319657413174
1.68154135876
0.774039542962
2.43418500633
1.02202632259
2.54999404527
2.25810265707
2.61142575359
1.12714396669
0.39329790272
1.90088647005
2.65138254756
0.78643673274
0.0193305477715
0.586393743726
0.19191878163
2.75217131525
1.87464719869
2.88780210052
2.58160210879
2.23223993778
1.67704943686
0.50127292328
0.169511040703
2.46797060702
2.04842333974
1.00544247191
0.960068717042
2.28728561397
2.64832680557
1.36462982505
0.317929600457
1.05904811912
0.520966658341
2.80668173761
0.86185693551
1.41949008648
3.04984878944
2.48878152523
1.24878014145
1.6652335986
0.105313848782
3.04478932009
1.39776671247
1.97710206032
1.22442806149
0.012405792762
1.64090625553
1.36678613672
1.198703008
0.502650328437
0.186016239882
2.3903630049
0.129201759533
0.826397597289
2.12133340399
0.641144220091
0.832484331796
1.19679126671
1.98559208931
1.62270844399
1.57576510666
0.556288679257
3.14147938711
2.05301426888
3.00167159768
1.73729951221
0.552964151144
1.97690802236
2.50374533377
1.15005549792
1.62113225776
1.53424234617
2.33028368864
2.21133458402
1.32703152293
2.76092614655
0.249234091778
0.796201577186
1.84530792474
0.945072628675
0.366343668674
2.48813664595
1.45441005251
2.07356675413
0.629798010034
2.119326917
0.0767387244055
1.00338007325
2.79388070759
0.802591445798
1.03362857498
1.74479179915
0.332726731188
0.558727138614
2.32514440192
1.04795594571
0.380810311143
1.18818125126
2.89082147132
1.3852348262
1.03356989083
1.38508270615
1.81224067988
1.70509634563
1.04161718767
2.96541244428
0.667636797505
0.0978819367167
2.93969416442
1.84595678375
1.52098967205
1.09665202502
2.39753181975
1.40624306939
2.83600656666
1.06562075187
0.952813004132
0.279890191636
2.85338797654
1.91393996997
2.94972463775
2.08856078408
0.734009308223
0.828067980723
0.306674952145
2.78389637373
2.22134266129
0.555180226103
2.31311277498
1.81824470545
3.00473189151
0.380392370154
0.510774323069
2.47361662501
1.00390885607
0.468219856069
2.05786785388
1.84777399307
0.500851265579
1.15273787559
2.57676539947
1.47489631815
0.550016563499
0.261019261357
0.571305680853
2.12664664118
3.07925646439
2.03628479038
2.50974080012
0.659546191652
2.59147699101
0.874151577394
1.53184281166
1.82245148105
3.03016293254
1.25323835828
0.919848995798
2.42862023772
2.68592849551
0.956334117946
2.23611918405
0.886102890012
2.99201631746
0.6963075282
0.390460112253
1.0873039944
1.80111986899
2.5905602606
1.3930688401
2.0578407597
1.65861576491
1.71950001452
1.28818282365
2.67209906275
0.860699006913
1.79804269806
2.36151452457
2.75154669461
0.597966167127
2.41706738546
2.21759370356
0.806022607093
0.0217138937131
2.74361266609
2.86229741011
0.929931357317
1.21135598151
1.25864885055
1.48988334553
0.0617541408289
2.02913799261
0.450677490471
1.83824746615
0.680174466185
2.80616214753
1.33765025624
0.731994568489
2.24279857338
1.93298601607
0.118505432044
0.367210885757
0.893687149311
1.92770677636
1.18873406376
2.48145469073
2.86544016501
2.10525855469
2.26626965907
1.74667047734
0.817856422324
0.968400865236
1.11179810974
2.05486492438
0.439775507986
1.11936447624
1.91757423017
2.44961745093
0.584235898521
2.28072265189
0.971554159115
1.83968060498
0.510294816383
2.22074323181
2.71282421095
2.90979270795
1.17868908076
0.697056818724
2.83313235696
1.93170125438
0.970270543661
2.71385271442
1.68699219289
1.94132240464
2.60950511771
0.778203969243
3.09859300799
1.60929139398
2.74363014938
0.14528222341
2.1601403926
2.33717732068
1.75902279299
1.21287994577
0.381045177597
1.86853663393
3.07531126892
0.754796480678
1.56538111818
2.17511921812
0.455154767523
1.06595588244
2.03110567505
2.51245449319
1.33540587252
1.45634442778
0.763324306054
2.29310509389
1.51760607187
2.46090979553
1.04079555423
1.284565028
0.426322384769
1.67174896249
0.573476768557
1.02505261374
1.02939450093
0.537877414181
2.03701185775
1.46889480844
0.348494609503
2.96429035094
0.718154655111
2.57774648269
2.58924666865
2.11699781349
1.15583848056
0.14905879403
1.45988325299
1.37052656614
0.12365785114
2.92483402844
2.11217121035
0.243707644651
1.4366392866
0.84986678705
0.938613267725
2.47030230713
0.336675784453
0.197167826513
2.9034639374
1.19615641954
1.75494959614
3.13906354789
0.109225277682
2.19884343466
0.681679938379
2.77275471348
2.46004002189
2.54068168506
0.845225873834
0.984007883827
2.5476901781
1.41757356792
0.418044486024
2.10045888636
1.30829775892
1.04788950992
0.731489571631
1.04705559161
2.997912217
1.17121551768
2.86552461876
1.14504849373
2.12095170781
3.07542806663
1.64804583023
2.17085001822
1.09172059889
0.777666063556
1.94297376731
0.769436745868
0.223445713151
0.803819299299
1.75782633036
0.821248106268
3.06133382625
2.18924894136
0.95672753751
1.10907769724
1.07572470698
0.189914354135
3.01279175346
0.157649585446
1.00714566048
0.272570870623
2.60255439504
0.563619337548
1.11450346303
0.590806878377
0.639379933769
1.97725870699
0.333047711305
2.69811102588
2.66584591303
1.46247675213
2.44086893815
2.32681983843
2.72630869255
1.88940195528
1.48398638749
2.20141002336
1.97902332312
1.9046367194
2.09096735855
2.18387031611
1.39727021435
1.64683581786
1.34218095777
1.39369544082
2.08783500621
3.130082068
0.494787766904
2.03557686413
2.48881308716
1.51614196275
0.687295784501
2.18392626924
0.231117279113
1.39638201545
1.92047004135
2.88108802665
1.41083108401
2.24019026541
2.02200656429
1.69183286028
2.71884249215
3.05711554758
0.993593416539
0.415988450163
1.12224351837
0.119394629335
0.861509150164
2.14151676155
2.82214440687
0.105457368585
2.04908453742
1.02858962153
0.767682709346
1.97973570926
2.56726903048
0.263145364754
2.3753954178
2.57697134922
1.22191559232
2.68183362832
1.08048556429
0.382443915313
2.93260141603
2.03599014306
1.25425158543
1.72319417313
0.488263562612
2.53734818614
1.44595066257
0.903961499965
2.99887558163
1.04726999667
2.51351013787
2.29400528328
0.257529268178
3.04199925443
1.84705981836
1.44790981574
2.48178075799
1.85985652365
1.7442611261
2.64440702182
1.57706745137
2.04193215118
2.24804936382
0.647213751042
1.45538840348
1.38328509613
0.389699298729
1.94569361724
1.23617797504
0.540258575735
0.818755044535
2.88063413524
1.7054182272
1.20324632463
1.77915432369
0.226717932335
1.97526481852
2.01104229671
1.10091803608
3.04885119866
1.32273251288
0.109441590196
0.991848312631
0.81722901465
0.65834651262
2.06687415796
1.19426999832
0.73027003686
0.780933435375
2.70344712662
1.53659538421
0.257803332927
1.38988164596
2.35748513007
2.60337006297
1.01303552451
2.67663981113
0.814624066315
0.774138273828
0.218191308178
0.797545129283
1.99394141534
2.67942385141
2.47694083684
3.11741052583
0.993109718383
1.78766691792
0.198165668071
0.164395757715
3.10495294763
0.865019862533
2.02636643585
2.90635107684
3.09433871554
2.29828760094
2.34256919155
0.156321582734
1.39056387506
2.25561803183
1.39431313826
2.40928463317
1.56345638754
1.71068637901
1.60766043425
2.33533321467
3.04851261802
1.77675097575
0.144961568876
2.27840614417
1.8900145723
2.78013765572
2.08745411659
1.21444229629
1.51087969541
0.510547970338
1.13846777677
0.00680324009567
3.0035651294
1.28657073242
0.0822275763042
0.207070806011
0.67330726275
0.0956813685106
1.16498765478
3.02950558801
1.63356994889
2.33222469128
2.72506535563
0.434087031669
1.83626527622
2.13768360424
1.03609062748
0.796689593718
2.58544895416
0.0818289062282
0.52302895657
2.33389689414
2.37224277396
2.8730808802
2.93955965045
3.03926391373
0.813696437806
1.20976207073
0.248033392457
1.69417994661
0.865648461305
2.80154056165
1.26423458263
1.78537433509
2.12569536018
2.95983298318
1.21699835979
0.967252561144
0.360419692157
0.802563781811
1.6501210868
1.17156615049
1.33712798341
1.77022858349
0.461751348097
1.80201276999
0.390894166441
2.47505651355
2.53751061127
1.55961110722
2.617070021
1.75744457449
1.52685215223
2.57422974194
2.87272424448
2.73326046472
1.01397388467
2.1116075659
0.859751326274
0.33021308093
2.76966549194
0.615515661218
1.13283766949
1.96251016331
2.12585294082
0.419217587837
0.971933688549
2.37267358825
1.64399870721
0.268217050303
0.0077696553102
0.218832540324
0.349226218981
1.33455547933
1.51536359236
1.7394277039
1.60746136803
2.8004579266
0.239543915014
0.424507685549
1.91414245161
0.314857239254
2.4635261988
0.483949405541
2.92680061464
1.9917277048
2.40861016187
0.241695332029
1.82380225673
0.768443634947
0.9778187729
1.57451349734
1.90803866415
2.25967984047
1.81805277255
2.9832425727
2.01028644273
2.70837551936
1.57534002012
0.982079135099
2.56196652535
1.83015412576
2.55088658477
0.0695166835099
0.244311129926
0.559278091157
1.69049294474
0.494232062729
0.420019311303
1.61579263364
0.965877666684
2.93013743125
0.569076706981
0.0541382876694
1.98901409648
3.13030476858
0.0369472383397
1.45752260036
0.0476356381297
0.616061925498
2.89315305155
1.3928163414
1.23588402296
1.33267226708
0.642483717148
1.76774950692
1.45354012453
0.12305162935
1.39425790691
1.04462015432
0.547310508806
0.334417807535
1.96761028627
0.0862292442276
1.90220966135
2.1691263761
0.915532626076
1.15154570976
1.7443138048
0.763090191469
2.85811755592
0.872524874702
1.49851780402
2.55508842216
1.24468296446
2.11474978223
0.12715009117
1.70471144735
0.550352011063
2.23979792563
2.05955789316
1.23111661311
0.589760535374
0.991093223325
1.54422934789
1.12384440503
0.279118404326
1.55634011565
2.13196386879
3.02134522846
1.2509110905
2.66173991957
2.7995171359
1.60959780712
1.25381750056
0.747614449195
0.733402977668
2.3135756603
2.2156520252
2.02217946297
1.0609993557
1.1654381885
0.101618394492
2.24899341659
1.39053087833
2.80128106992
1.12851798338
2.58669595268
1.61191282201
0.44513333582
2.72624721789
2.07993577108
0.726242554741
2.94991448332
1.78974017137
2.56394286904
2.53096672663
1.54825067124
2.36379401777
2.03800317777
1.56414342598
0.137936791173
0.384730179161
3.00165859644
1.5655226825
0.610206829508
0.295346271808
2.08384843397
0.403722546387
1.49334497133
2.46324295519
1.53388044254
0.720428855609
2.3363052716
0.328381129485
0.310666548712
0.909252608696
2.62197399933
2.64320263473
0.0630224844993
0.758063593676
0.806504630714
1.7071437618
2.01107114197
0.321491665135
0.382637650655
2.32110261153
0.466732476063
1.58426854889
2.73204246643
2.75152128911
0.279713748543
2.23297565768
2.99673343762
0.591730021802
0.620782500462
0.624102860923
1.35292322565
0.645104886352
2.83601502299
0.323283162079
0.501173374307
1.08487662939
0.381899306799
0.13156376365
1.19507508184
1.42368143589
0.275571769612
0.882168487586
1.91024895851
0.636999243507
1.41024272805
2.259559732
1.95749278365
2.29681115852
1.88157140329
0.938469977792
1.93014976624
2.09251525995
1.82341525067
2.43428105261
0.844296878967
1.19524673348
2.33117060789
2.87004709357
2.85578624563
0.545063011845
1.42653888123
1.87459679908
1.80601268608
1.37386074131
2.10225955047
0.303409937895
0.995699446159
0.593766625395
1.88962900202
1.03342967407
2.52573805492
1.57359237558
2.32520065847
1.84138076795
1.8320963674
0.55290332056
2.92125772125
0.857337778596
2.60123791539
0.842407375502
1.13101203567
3.06938785152
0.760455665611
2.02947534084
0.686828412384
0.221015062967
0.640267547077
1.59012701878
1.95366035006
2.70424750153
0.66272258611
1.26663902329
1.94757997829
2.34495965521
2.42733750813
1.20947499631
2.5984913538
0.553810044546
2.21591436364
2.1740695863
1.23157489777
1.2289629759
0.628927057547
1.7945116102
2.46146310529
0.875919321941
2.65932225203
0.707729272233
1.61082364114
0.459927193613
0.777257489901
0.217483147524
2.24816747936
1.02990141768
2.65007885569
1.01119843593
1.88667599012
0.439152966752
2.67689559151
0.962517270806
1.43857539575
2.87680023969
2.87946250815
1.39346532932
0.478672365391
2.86394683092
1.48724728471
0.791114172051
1.48264659683
0.531365493662
1.33657960215
0.885920299399
2.65511453799
1.72647994563
1.45826496083
0.177307473977
0.295095480621
1.81980452706
1.97849087625
1.66509944348
0.61815974407
1.83480711965
2.7624039299
1.6126904699
0.436802227971
1.2180187882
1.42670776572
2.01502866169
2.35334578681
2.53089810648
0.0977004927405
0.463656662227
1.65299441307
0.0322933000921
0.845836581822
0.0091577674528
1.15858053693
1.56072744988
2.40273335606
0.229690611937
2.32975615251
0.375311052556
0.905680828875
1.33151099024
2.99189287286
0.811328274776
1.20702918381
2.10236843142
1.19877524163
0.998395538106
3.07512927193
1.62485397006
0.921051989328
0.252582336098
2.3625916672
2.13569192978
2.15564263505
1.62141506072
0.334735573144
0.136661883375
0.50410497163
1.36978641022
0.26136729225
0.320612564075
1.46351230444
0.336685581726
1.04185512679
2.32719133472
0.255277400159
2.68273461127
0.192412313405
0.258820125893
2.41123177121
1.13188117776
2.34087948381
0.644209174244
2.65048115381
0.539833321011
0.967955419363
2.293499027
2.39577183539
2.93564052673
0.335979304162
1.42831806802
1.59143229869
0.694636838214
1.62081646798
2.8579401094
2.90177316441
1.19867510041
0.618985254694
2.34023902692
0.95896163237
0.437088989879
2.39235652193
1.09245475529
1.51489158882
2.38215630654
0.241227677554
0.636838875234
2.04327771765
1.31341684552
1.94001546334
1.45207498124
1.72349708613
1.23941615744
1.06079440839
3.07228473704
2.10427471252
0.262281162777
2.5067226972
2.60326612603
0.483000148238
2.84345562463
0.32824416661
0.323388825915
1.32267308879
1.80036622298
1.44923170909
1.84502978182
2.00668535645
1.14918111835
0.174074644807
0.019044339335
0.0712469959972
2.15882995833
2.48481923983
0.339182129631
2.08507748108
3.00826965895
0.0874024997692
2.33354929136
1.82439136975
0.935500831127
2.52646802323
1.39831020997
0.22297857352
1.02933403292
2.20869232761
2.43129282714
0.289211664884
2.32996846815
1.49200078546
0.948398583129
1.33090415552
2.8887852228
2.58547424415
2.27706092592
0.00791410339698
2.43703304817
1.16806544835
1.72409002844
2.21814456637
0.823406388221
0.597115755898
1.17514544644
2.42867289313
0.425941525103
1.25316107347
2.22660981764
1.67992935762
1.82725050446
0.694582811535
2.32771242971
1.09190415902
1.41650268451
1.21217253345
1.17736025137
2.68836280594
2.23265749108
1.18820974555
1.28962121479
1.01745578662
1.36413101466
0.257729325632
0.0287301661653
2.70787430431
0.507301634527
2.47602527085
1.15170458438
0.571454003152
0.770541611226
2.38760069455
2.64414528943
3.01095498274
1.60020659158
2.77283646607
3.12944710653
1.34351025322
2.05086023241
2.37589602549
1.98824300938
2.21682967013
2.10365502655
1.86768830384
1.26101848904
1.20879402277
1.52042653609
1.20278412383
2.34402842623
1.45575380369
3.03083475726
1.660162349
0.884545372335
3.11234011672
0.295767816231
1.32872792092
2.63056116688
0.153623345679
0.253533018545
2.41244626425
1.2771454192
2.94745550269
2.11057033492
1.33148470252
1.34266116357
2.77102216567
2.07869717225
0.649159859116
1.22608531761
1.1666428758
0.515419177711
0.457335117599
1.80533947865
1.90638081461
0.904006184615
2.57471077557
1.76468019449
2.46922098861
2.9023135449
0.86125768891
0.067244299829
0.71831792567
2.39830421867
1.98035938766
3.00781921439
2.08989534711
1.21884293783
1.04362737669
2.31785175449
0.223978127387
0.0943392214934
1.20401081709
1.78250550699
3.02620570306
2.51051761004
1.45990346443
1.66664142886
0.936951106194
2.46936902593
0.0392357159602
1.8045837937
2.33422718001
2.79722220418
1.52967500034
1.536440098
0.0988357263641
0.973762426155
1.29396832435
0.130112076081
1.91218519468
0.0761023073012
0.364294145451
2.19961072746
1.71246866833
1.50396391871
1.30195811052
0.608949758316
0.188026747972
0.567192505482
1.15517624224
1.50403505728
0.613171092533
2.77761322261
0.989004895948
1.96552403417
0.849358365843
2.15407964124
1.04914598889
0.726024651148
2.70883595715
0.996326275554
1.7296052645
0.836029363482
0.910095006256
2.44604721807
1.05055595174
1.91476592811
3.12953494042
1.22148196598
2.98329803572
1.0494057942
1.24759046526
0.358195176791
1.49176338556
2.66202975075
0.420999430266
3.05348093431
2.74322076627
0.264667409086
0.719435344988
0.652552500055
2.67568949644
1.55970747822
1.3663070691
1.52375801389
2.17792711245
2.43362740998
1.19787362171
1.80916267483
3.10867903342
0.0746654671137
2.06197628995
1.42396895102
2.7898883306
0.336128064438
2.27679265517
2.09528735822
3.03249482209
1.12850196319
0.954326150414
2.42752057276
0.666894225901
1.5853918898
2.78381270658
0.425943624153
2.36858600001
0.820661252575
0.589342083822
0.254606844712
2.02908520439
1.46349330177
2.34596044742
0.333937277912
0.747696769304
0.539919734126
2.22440946098
1.00132553776
0.729465226957
1.56341941542
0.189641473006
0.736486943309
0.136778805727
1.23062351166
0.146606378557
0.352517499997
1.03791377498
1.96848712697
0.657223934006
2.51691296834
1.23495300631
1.5473268923
2.82832761062
1.44892899316
0.00290802951934
0.437422505053
2.46752904312
0.472238183768
0.633115886665
2.80231710428
2.535648555
2.4924544852
2.31712646628
2.55633851249
2.77227966977
0.211945475774
0.196433522857
1.67845275347
2.03069815771
2.74680790122
0.224115320368
1.1787792607
1.30234108978
3.02817030829
0.845582975369
2.61799265844
1.60259010608
0.628698534881
1.71221379632
3.05372107304
1.67064840101
1.62011299641
1.19029581955
1.46393424988
1.81421067618
1.80549467574
0.48237242812
1.05218103237
2.30589038337
1.90565051947
1.64172084949
3.04199890102
2.31210165766
0.25156261091
0.521456337373
0.842675021066
0.840436177806
1.87539368539
0.170472107078
1.76380677449
0.518152993882
2.26343741217
1.3258826007
1.68462068026
1.00645092013
2.01448119733
0.359852868117
0.477106962483
0.980169051916
1.08878520597
0.459463034616
0.142279859645
2.30062544616
2.77363684701
2.07428671837
1.95942285272
0.733054353726
2.083475845
1.78860374053
2.14599041267
3.08806380456
2.35032421247
2.54964087325
3.0114778933
1.83362118313
2.4888561189
1.47475200239
1.77952900105
0.634870649429
1.58976208069
0.262639989946
0.211926501319
2.47118228535
2.99514597095
0.551571543866
1.0055207944
1.36681559819
1.56972243301
0.993289924182
2.65925992107
0.785158089105
2.12642537591
1.71195116422
1.94469457583
2.13251017742
1.99198961092
0.780452817126
0.115297760804
0.40938227038
1.77460626591
2.42718709831
0.305733309331
0.0488104034337
2.06730879271
2.03484487586
0.40626092606
0.195585918186
2.187179416
2.72882415712
0.756069191642
0.500708024523
0.205655827652
1.37603738056
2.21948491685
2.98248317847
0.89572734872
0.359265463517
0.247998847566
1.28449535133
3.06146447763
0.63738993025
0.820019364415
0.999319621109
0.277409215421
3.00728011402
0.233974934113
1.83210963897
0.206033663105
1.9163278394
2.45578568462
2.2474883036
0.0100858047504
0.182276607923
0.762837363946
1.11201578903
1.67102661857
2.26489776216
1.31300674032
0.0490219707977
2.81809039164
1.26119278309
0.303642329686
1.27694049427
2.06266634863
2.37840655986
0.374716253097
3.03837061689
1.7295492681
1.65229691476
1.21137600717
1.68990908669
1.97266859922
0.86644053068
0.847610425994
0.0992171671865
2.60747617504
1.11272367685
2.27230585434
2.14710974617
2.15119508314
2.42279421352
0.323646537235
0.835047207649
0.0588076438034
2.60083475018
2.85575882666
2.97278477824
1.66873488898
2.76245453512
0.284573233661
2.92981331951
0.289670433782
0.422997449337
1.96576756421
1.60230350594
1.75421072682
0.104621155085
1.46784411958
0.470287351797
2.95055680546
1.4000708114
0.159625305218
0.223464846059
2.55907859027
0.331362536313
0.527222054752
2.13036715547
1.09659657558
0.789199929512
1.34338255323
1.8188030331
1.7716398719
2.75459446684
1.29226730568
1.42265076673
1.20743087042
1.25923753762
1.14160210179
2.79474834397
1.37679776501
2.49571051809
2.55907205622
2.31770175562
0.505930827613
1.36039407853
2.99296970263
2.10040944515
0.41624510009
1.42270870732
1.8988776055
2.04125336817
0.613255899529
1.98416167642
2.21488524739
0.75851034091
0.120385696126
0.848210755563
1.28622000388
0.15681385957
1.45811010306
0.181372768419
1.48438524356
0.0324642959201
2.60810507927
1.76455535047
1.61932106746
1.68798603556
0.368661615252
2.41178505074
0.0743199756313
0.282028710333
2.77554591141
0.997543061054
0.327651005789
0.782069115188
2.73924061797
0.446747665005
1.80344343804
2.44698108646
1.23787662577
1.40935657178
2.71224981529
0.682313841841
2.03628116874
1.60391757298
0.600957256942
0.411905471456
1.1494490044
1.38594473083
1.10147042238
1.49821325703
1.32693626361
2.34336397588
0.508472497873
1.04028368843
2.21327896689
2.0039384253
1.20760890662
0.808837075857
2.43578795262
2.74602609446
2.07941257337
1.38082303762
0.408439220444
0.912373066808
1.89306651371
2.75244507312
1.18705310672
0.796609832501
2.37739288955
2.77539207439
2.44536120355
0.099591307983
0.161310487569
2.89980297422
1.25092016913
2.46593422273
2.28640265779
3.13593646477
1.29378415834
2.41041106074
0.254369659126
2.29196953375
0.686972890194
0.655494579239
2.8547732939
1.30200523977
2.50827441019
1.34279339291
2.20320755332
0.693291905844
0.527357788986
0.935640367988
1.37840377772
1.7656805473
0.999462995227
1.34336964855
3.01028115904
1.44025186186
1.95841769485
2.12352948032
2.95068406659
2.93863008221
2.82090473645
0.529331030364
1.5375781644
2.53813137459
0.0161504283574
0.732605579455
1.13191549201
1.53268791655
2.56019263994
2.9068340082
2.05153816641
0.078304985908
0.589602316911
2.57641628251
1.50717501023
1.42280944647
1.61303418967
1.18105053722
0.845040881928
2.39953410348
1.19482593348
0.261876883014
2.12696286069
0.54177133552
0.112254987827
1.39087610206
0.694449980554
1.02389036112
0.661838021444
1.97774664077
0.675381615724
1.49573057447
1.2586860443
2.33468484942
0.95321376395
1.1708827667
0.938134155265
1.43265360451
0.361322285722
0.406782015884
1.64936065656
2.39369095432
0.24067470934
1.3235673655
1.46039498689
1.07520256917
1.89831484227
2.00884653702
2.10074497057
0.655824191374
0.565052449601
1.01078007355
0.769429791792
2.4206375257
2.0404346602
0.579234827033
1.39048794769
2.20470271911
2.01144282953
1.18714428495
0.579911333903
2.76057483084
0.737954891638
0.882960771718
1.26359893016
0.219501100885
1.42630285441
0.413602713799
0.652911469519
2.86882183963
1.59536280878
2.41599343038
0.786086686988
0.0176087958948
1.32772945329
1.68234926625
2.05830294517
0.0208111609746
0.0415699567706
1.55751746757
0.105239813125
1.90231757065
0.862466140689
1.17710219789
2.99211747985
3.04502687543
2.2064922454
2.34806313041
0.0793687047644
1.46849286716
2.42662381611
1.1016913634
0.157483399512
0.493212895435
2.22327211149
1.46231765633
1.55759640232
1.8711571509
1.73544954901
1.54849955477
1.06841055312
1.69452888019
2.16476012609
1.80554775559
2.95937933675
1.83476083831
0.0387274681786
1.64195248079
0.209017504276
1.88628000553
1.30897115255
2.16398654583
1.3861936323
0.12249807357
0.691527603065
2.34893200882
0.668048499348
0.845555542432
2.17866545338
0.0487077783486
0.694716145623
1.07884963789
0.953935497442
1.92457325899
0.878815394128
1.00825058622
0.359475615474
2.24321594234
0.986310103815
1.29353865318
3.08837329851
2.88968869851
0.830758717631
1.2830966167
0.898733232896
2.8916580061
0.297833082896
0.334407573417
1.55538102785
0.430582584196
0.0406385615143
0.281066009289
2.86522022185
0.00695761513209
0.915755723147
2.31204715807
0.68624236378
0.839661853206
1.13584358597
0.970622044724
1.85251500883
1.08179619103
1.38576892098
2.69745354018
1.76772497977
1.97281420439
1.07308135121
1.21224822102
0.286969942231
0.504106285451
1.71870925321
0.923094585924
1.46765666395
2.68053286482
0.141462607805
1.91598970334
0.28653468561
2.191529985
1.78166448719
2.12926621688
1.87716772881
2.13080664399
0.99259235145
2.02517976177
2.34796399655
0.260539495205
1.93377610549
2.16621299968
0.709814953162
1.10635576644
3.13457060596
1.86859958283
1.0007324832
0.426746124777
0.474117598325
2.31582758144
0.913464946965
0.0542672899427
2.55452068943
1.62679794622
2.53885908387
1.27418505942
2.68170457759
1.35996463012
1.01775841799
1.30985305799
2.04790395861
1.10529647163
3.10444948036
0.501802722588
1.48958271019
2.01923731108
2.75611001219
1.50639577954
1.23066219982
2.71695349724
0.579774303873
2.42270144534
2.64079813566
2.6581788157
0.575393978784
0.315773989552
0.5552181387
0.295692653926
2.84199590121
1.44321458955
2.97692957591
2.32611515673
0.760537501526
1.61036480125
1.99382733965
1.3727609489
3.11630519939
0.861994827784
2.5858946149
0.505694526563
2.74698627462
2.30368759018
0.97909215338
0.585215583686
0.608277115604
2.69710705746
1.80640535392
1.64264274533
0.36591877077
1.0495900798
1.93489488187
2.61006293521
1.54287739428
0.872699726255
0.939190429623
2.43605812383
0.065801895284
0.248141427699
0.536583657506
2.21382609732
2.67639068676
0.130597119161
1.31934939861
1.63024891063
2.52241866669
3.12210133469
1.99972106673
1.63599907708
1.46515597609
1.7387819712
2.62037841795
1.27462915965
1.14319935054
0.235455252554
2.51272423972
2.15513894911
0.120691124178
1.44545342165
1.10182955273
2.09471028488
1.75158705773
0.745939685804
3.04341054465
1.07396225418
1.84690573125
1.97633189695
1.22496294673
1.67354392981
0.460317765579
2.27733712026
2.1516871472
0.0331162457201
0.87156476147
2.55032033084
2.33048947904
1.73090953585
0.0979703850548
1.4000115047
0.933323145258
1.56986094003
2.22427634899
1.43805165851
2.8002560902
0.675367125996
0.417145425415
2.94493679964
3.078413659
1.06673861893
0.718831922675
2.23727184728
1.11748581578
2.91734248992
0.756552072792
0.865115759477
2.52528388951
1.57031295537
2.67181952518
1.89177260118
1.05494682578
1.60544270944
1.86847591097
0.411373352134
1.216770302
0.38824404645
3.07775769685
0.377092270692
2.16181696802
1.50222694885
2.0750503876
0.256394759697
2.14980449207
0.938210510056
1.37331210098
0.760337935297
1.51283203312
0.207413187854
0.0498808253001
1.29100010773
3.09945929707
0.420623142057
1.23098125458
1.84758213185
0.187354936823
2.64728896009
1.34999425662
0.58512506346
2.79206900155
1.09596312862
2.01969570292
1.52546663474
2.38723308751
2.60088010307
2.20877806747
2.62443709653
2.87810900048
0.541704799045
0.277862031455
0.115888235325
0.0796465853045
2.53875929551
1.75121050367
2.24429521816
1.8225139561
0.334851283936
0.180315571635
1.08110135393
3.13014623079
0.294641542754
2.22029395259
2.20716061566
0.540996465401
2.7937860671
0.130525316795
0.814246138326
2.27478608262
0.864430042691
1.46339141933
2.99122447184
0.186757682891
0.76725869451
1.09868082398
2.28355184902
0.167025406835
1.09701298267
1.97116655529
0.0368822432772
2.37439702424
1.75859172399
0.0118069911025
0.0541849922197
2.52837163209
2.65447634074
0.63674358994
2.44201916037
0.720203896409
0.268559124903
0.0712067247337
1.01518861265
2.01812497516
0.258235835332
2.08141994187
1.44523479008
2.10116769007
1.44716314869
1.56326713423
0.255094370038
2.01776837634
1.07000635609
1.60265447439
1.52909718824
2.49320719117
2.95853107255
0.409876114015
2.30766873922
2.39185891278
2.54832271954
1.68067953854
0.362823438317
3.02195351489
0.198006450114
0.736766931336
2.30434465407
2.68889943484
1.7450614463
0.749695438193
0.0396781365242
0.115050177498
1.85105171523
2.786007582
0.01180383615
1.03605693779
2.46083931235
1.41305279895
1.76359863716
1.1455568643
1.89433177615
0.932870437521
1.41475260046
2.28880502589
1.25630434594
1.85656342843
1.96468804807
0.654111266759
2.35891185277
0.043630303681
0.209238534154
2.91436562908
0.659611237431
0.848328631698
1.39924621631
3.10797444565
1.55085182954
0.699588132403
1.68542823374
1.59442701858
0.230253309084
1.40643882473
1.85974728284
0.188521494299
1.02573629618
0.257485073742
1.0347900999
2.24516880995
0.804430177703
0.364984342709
0.945577942975
0.723821176689
1.18092015767
0.470942866614
0.859707585547
2.96689932301
0.778909872009
2.13484145329
0.84467733064
0.28826527197
1.64083875807
1.75436883339
1.55194688628
1.09104816777
1.2230097475
2.01368229759
0.187762294426
1.82260495538
0.786929981652
2.06836440721
0.219190245194
0.968893054648
0.593232092143
0.011373772021
1.13249444551
1.40697818504
0.0895561046422
2.5989465105
2.77492942765
1.01816966297
2.6805706866
1.37200164564
