46.0668381268
41.6101933868
75.4397237695
52.3490831084
81.0695815893
61.9058902118
119.594415867
58.5695459719
86.6813726644
52.8342582329
135.814470288
65.988290515
17.4161508929
24.7713597852
51.4443919569
66.6007594096
89.394723767
80.9562509582
42.7552254428
42.2941856938
20.0872665692
42.970968871
37.755714997
29.0425092793
86.4545896574
77.4448688477
99.6452358783
42.8752898053
84.2675049433
35.9370129915
308.011158712
121.216303211
58.0732569972
58.6600643753
26.7513982139
46.9535260109
45.3537838033
18.6684817199
60.1373074464
145.252297473
76.8864420555
154.476463802
87.2755995386
20.0376707623
54.7308642054
132.140064567
131.00936955
41.8301681754
84.1996396818
40.8722948761
84.8409123729
193.579376307
77.6646160991
54.2592557351
82.4509184697
43.1166856974
24.6761848607
182.204705644
49.5580877248
51.3742494594
105.2550705
74.4120922177
66.1706337014
67.980255429
86.292073757
37.6253350866
55.4095494954
56.4576971886
79.1785607465
322.014527
61.4980974544
57.2419452934
21.9494448478
56.2418848515
62.8043764046
59.2513937816
128.14636783
70.7228842704
70.1022308116
49.2381291188
59.0500350814
31.0060182847
71.4500056912
72.2590001185
55.0576467051
40.5121469196
72.7249224134
187.657737583
43.4516715852
74.9523489683
52.1229246699
104.860859481
42.0226313077
40.249145687
40.5565243625
31.7707188584
36.692146448
20.865588631
13.1517352838
36.7247889513
63.0250729398
68.1588425779
38.0480158491
89.3923223617
90.981592258
506.363621041
12.5123764661
26.8910629399
76.5090880872
150.631451282
86.5700300164
85.8810680547
66.8664957777
87.9509813277
119.098917419
20.760972481
111.869518317
139.956340575
22.7058656048
36.7296499812
50.7090272783
33.2625126995
33.5582493378
119.267899676
76.7454273316
39.4357691684
49.0771718199
23.5183951559
178.462979377
86.6509735865
153.517058778
79.651940524
178.736281465
71.9421145563
182.801226365
71.0776301054
62.8817466883
37.0541721433
62.2775804268
60.6371105397
59.9226675128
65.3862532515
26.0730309619
283.466004786
60.1343162143
109.017154491
73.6034609313
71.2468667332
11.6925649088
59.4658812898
18.4650424401
100.793969617
33.5221247027
250.784176106
46.8638783447
21.8784886624
106.066663673
62.2469361887
104.268495463
32.5980014525
45.1485324681
59.7532245015
125.099813569
29.0762987726
28.1041805327
26.5609598195
83.2264637459
227.891039405
23.4541078447
76.8655281788
53.4054080996
52.4376103891
67.0186769287
47.8563260649
74.003771285
62.3572789698
60.3639167376
41.4747295713
43.2368478319
60.7378826762
112.766341086
131.701995307
55.4183265004
134.806369179
82.6310820276
42.4096787403
139.809658879
82.51239713
105.825632961
87.9795637379
74.3921530664
28.4461893334
45.344579428
70.8932211574
24.9075178504
62.4268306221
52.5193549681
81.1615298528
35.1858361649
38.954836798
68.7039352987
224.993051057
89.0391315107
27.3952659898
86.1264910459
53.8027913079
110.371541321
112.956818966
75.7175636446
77.2842800105
62.8293405982
39.4334857511
96.3279289896
63.4757228752
130.799282379
49.4769433619
28.7644407372
75.3063456057
94.4911108981
65.5802012943
69.3718067174
47.9894015619
114.273192556
127.878998315
26.2128814035
61.404928701
42.8456127652
33.1191346513
10.2919693152
155.347820782
100.833146454
56.9374080692
18.8784618532
10.533203449
40.5352495451
38.7460223572
59.2024052548
68.8390940259
93.1484221392
28.4118891372
44.3425275601
135.015123569
9.22615451866
74.9342660069
585.164879032
48.0484019563
43.0049767029
83.9772525225
45.4669162533
51.0675797498
301.961484369
36.5990572645
82.5591258039
41.9809934671
33.0766496279
95.6431255656
62.0092492669
29.5184149715
56.7012626991
56.9052835991
102.055862502
67.3610828779
23.9857511645
39.2935855599
64.8710283937
53.1567433775
86.5266502576
84.604551684
64.9218966097
17.2297239549
25.6136498671
51.199521345
115.289227588
76.5372406317
141.822822803
70.6725561905
103.695645747
21.349518261
137.096884212
59.0981599666
50.3233912554
136.02913051
31.2287125541
24.1575988034
67.6332620893
27.8139482001
75.1939486651
82.989143852
127.5297991
94.1439923984
66.0632409667
79.0413759257
55.0665760425
474.947074085
70.613379393
91.0657152662
72.3217728694
37.9609980185
64.4021687776
86.0354566743
69.2221779364
67.1695592129
77.7368662193
149.020765314
27.1833551881
71.0285457497
49.6485756869
80.9702545078
198.660770582
49.3432734526
78.007589489
57.4900901705
46.9047976465
58.0384383706
120.226960311
102.52924651
75.1019352937
93.931203799
12.4531487265
13.5762370494
17.7771489611
65.3132351555
20.166806527
40.6634685109
31.3331530219
53.3957286303
68.8115261665
71.1944980501
52.5806278701
108.379874548
24.272994991
32.174734285
63.9654787726
194.318727602
61.3174846305
29.1054456969
72.5020715105
47.4310958586
85.7371031911
14.5770905267
34.2202378954
77.2469863031
27.0802550312
32.5157005942
67.5672165536
86.7707993555
48.2778766802
13.3469730982
45.3991207533
48.775714988
459.06858756
14.7768171237
115.326459955
71.2172365382
253.110127947
23.2163018202
119.850403912
19.3066802466
279.609848574
160.470599453
71.8317488522
60.9971678924
74.5195913996
121.240326007
23.5007869813
73.4039576876
96.3641576909
118.337539903
39.8092783332
46.996767531
40.588905921
46.8183245239
46.7850454924
93.1303773528
87.2884870751
81.4527187454
55.3926691085
84.069411728
65.6354975676
21.6335685263
20.0919638106
34.4487530074
44.5175996435
124.051856729
98.4439284316
35.9101432292
51.148170057
108.925442913
182.122111133
94.8013099268
42.2445740832
105.207268397
95.1863626707
130.568812148
154.922944262
57.8087397278
67.2477106684
31.7549437027
89.73593475
63.8207647004
26.8468420716
30.2029433563
77.5546669512
89.9938187722
92.5307590596
137.462700477
69.4848454655
82.8998561505
51.4676882236
62.7017880782
53.622425818
69.421853191
58.0799025576
73.3959201744
17.903169299
50.5749919163
238.510233795
98.3248154979
56.7107055876
36.1565419064
182.803181192
6.50803353111
60.7883675848
37.8746811534
28.3354975409
20.2006023733
70.6144882519
46.2645470895
71.6833774611
81.9760423461
68.3682695455
25.6808375889
88.2367826728
56.5871894429
79.4400317154
33.9564301989
44.4132112915
81.4066159596
68.3510842267
38.8076641425
29.145174952
109.434422091
7.53261539716
82.1863683564
30.264519825
26.497436855
172.153378083
66.0670626899
201.101219839
96.038444632
32.7640776623
247.18310364
21.9025433198
46.4940310146
51.6494167901
18.7292362774
13.3643408722
80.1865328987
46.7172873451
73.1633455841
95.4346505856
60.5583865344
57.565804146
89.7933111403
111.298376911
86.6102245928
68.2706063939
78.7629782133
49.8597756614
196.830159416
100.565191112
337.340060412
54.3843407394
124.352655643
25.3183181287
201.919420271
81.3565277914
88.3701983599
89.070505486
64.8970914488
64.6664025466
127.120127637
118.581364428
41.8528562498
60.2129580959
43.7238107296
43.7194162454
36.1266383755
76.4762527636
45.2021773136
51.4543491414
52.6887403732
61.2108276481
19.5729733302
50.2090721263
401.300643632
58.1735073428
37.9029755257
40.3785120677
63.775435816
43.0299760252
54.428098443
74.7095392278
295.266910094
75.2760417009
29.6838571658
53.8927684096
16.9541571848
75.3153219233
52.4056821636
75.9176822105
120.446610326
71.6176833049
19.2061074364
64.5311109376
84.0465036991
84.3387933661
66.0912902914
70.687114118
83.6852922847
65.6486467957
137.536779165
211.267847567
52.7796182559
72.5506046314
93.5406368571
121.859466669
38.9167061916
123.815498141
88.5397051445
71.4321931081
70.6678945793
45.3690590032
72.59474601
61.025071976
40.1801928234
83.6571022274
83.5977603368
76.5139969026
18.138299143
48.352891097
94.223715108
119.693111173
47.5599333492
71.3755144969
54.7491232201
105.138777933
84.0475037321
22.976638297
49.248953682
187.784827942
58.5692847236
35.6231035814
25.9802076888
167.819638365
20.6096636436
72.1848744836
121.621538061
42.4572222262
57.2553955314
99.7734813789
87.1308955293
55.029231114
61.3698044759
11.5197830366
47.002348864
13.8685989413
84.3830595735
76.9086008113
70.0238614551
34.7023050505
78.3883239254
9.26193775645
137.376747111
31.6433344684
12.8099770754
87.0625411424
29.7170926611
19.4359369811
52.9889486128
57.309215155
70.8975662273
86.1326399863
10.4081369401
23.0485534079
19.2546515548
86.3303136935
66.9528157895
123.283347638
72.0567436698
51.985374253
50.320730609
83.8999601184
25.8023187505
109.74960349
23.4286650388
26.1125760081
17.7436605704
219.87709016
71.6186424268
71.1910160733
41.3654697402
83.9391433718
94.9206612338
107.890260364
82.6947241413
29.2024546762
88.2634382528
28.3747678949
279.009398365
63.5250335377
84.3462554121
37.9056493007
64.0089913004
67.7579988845
36.5402973276
36.9452756618
46.9535877767
99.8261803764
80.7861434687
174.935380925
58.5108904869
140.691115964
43.0782463714
142.624518396
39.3017558746
62.8188635896
77.8971929934
367.902933047
89.5142995192
72.3217042395
80.3222741628
75.441345983
49.922400752
96.8868955122
205.357127138
52.7144571932
75.7617238845
76.2312001109
42.9074398569
85.4145418074
34.5077248433
79.187441678
141.206718659
78.0830135991
51.9742135617
48.3478132325
52.1021819103
51.8821896025
68.0539333407
46.7255817782
212.529663615
250.589834861
92.5971890387
112.154609547
71.8786405321
89.6297361069
80.0678875589
102.114199709
201.106086578
60.8141338782
59.2170823769
75.4478434536
82.6437549816
47.27496486
78.36556663
28.8445962802
71.2274988014
75.9247466293
67.4139312288
87.3283522503
80.0478044611
66.2287430256
42.9558337883
63.447861062
255.194417104
33.8170342904
61.3658562347
56.1500304767
78.6710003387
91.9836012312
56.9352328146
202.8136711
26.1146376555
117.297118239
43.616565484
25.2841740925
76.6672580412
88.905420038
31.1273690903
40.5969778261
42.1790580982
33.2784853264
23.8077574477
61.1297567652
61.4082338863
51.5902099849
76.508253311
115.364498956
42.5705474947
113.32242123
84.2239689406
103.551089745
277.924117119
54.5088480188
62.5694941699
82.1501611733
67.303447986
56.4953442419
35.5034742341
68.634784681
67.2509347933
117.376506166
115.719519317
66.0101676965
26.5767382855
64.6207845275
66.5884098334
138.996501634
30.8926347702
261.742474879
32.3302888575
96.7454999725
114.91545158
15.8283826064
47.5864117529
101.023632948
27.8970522345
45.9200991462
92.4692889279
20.0830178155
261.507725764
16.9761051134
44.9476573183
17.8478176089
56.4979970709
81.5566495933
81.7346466129
71.1249035167
37.482310388
131.953409506
59.10545168
72.1828061588
66.6791148339
34.7192339071
67.2076960603
51.3362702664
77.2278673765
75.9845062993
69.9711971118
208.893517302
44.0137639895
78.8824193893
105.828519531
59.5287007136
39.5223082519
390.766027539
52.4305253315
103.80006699
64.4789778555
81.0709517365
73.9214041083
108.528401686
30.6594687771
79.107023689
77.8845995458
138.674515688
14.0007027657
79.3464057852
100.140608578
78.7059283597
122.587747714
16.8646075287
99.082841807
119.67182473
17.3027147231
49.5367123945
116.129482683
60.8367083821
21.7429711871
69.4906229318
96.8095639925
22.415527873
61.9908940636
107.237388308
52.4652430801
63.8664968144
69.6270968711
87.9085119714
60.654415694
96.5127628105
51.9524707817
50.100598535
69.432136795
113.712044008
31.4780017847
24.9147184992
80.2598447035
61.5893665789
77.6351473623
80.359851734
40.3748063758
63.7815001803
70.1372143626
112.345062897
49.9551871768
17.063938652
175.10833153
66.1720300577
90.2554579099
36.8719208796
34.3570080614
35.8217053585
95.0160231745
83.9114767365
123.552074554
45.8272991174
173.267256179
122.674753307
31.0608300353
46.2407366871
88.6116165443
115.530074365
134.907159339
34.9016816889
38.760250798
23.0719924394
174.938867474
51.3647306986
20.1449429119
33.0058996586
42.3830030467
82.525460288
51.4846756936
36.9196034247
68.9300877431
85.4846077924
252.946917979
37.46240974
118.412148489
54.1335668462
19.9059628698
76.8491424612
84.844055028
34.7790165992
99.0023691705
59.2373432322
184.734109238
88.2851999782
30.4328304116
32.7724870775
665.891021795
79.808939691
21.0953143879
66.4682191819
47.5903162511
44.3795409964
31.7290642988
81.9843008363
119.688735621
19.6691524885
21.137752189
40.1332049749
33.502184444
35.1817930626
13.4861471788
22.2029436995
71.0460302812
98.8563963713
140.126032641
154.995316433
86.4003854673
95.8181091618
129.347480803
103.258534434
30.7368281179
80.0359660016
103.897428769
94.1530983511
33.4965162338
48.10462001
66.435976163
124.844183922
70.4988373874
18.4945549208
19.9043177241
60.6293361325
125.950161963
67.344546919
120.450813702
47.591600201
102.593241179
161.473732948
78.7540830232
20.5135081688
92.2833415729
15.4098278907
112.44443569
59.6844277765
66.1341464208
57.0042714174
32.3082964022
74.9567657848
47.2432828408
53.666768064
76.1385255569
51.88044925
90.8851324487
14.9573731622
43.2026760884
167.328043499
56.0255710492
14.5144246823
23.578981703
44.3216578878
116.16700213
78.9992002317
12.3206159718
89.8928148188
64.5168360415
88.9602365766
25.5204271775
72.6031681488
42.3154987846
72.2000057998
57.3806786573
43.0764050335
48.9609312211
66.4662365917
71.353726536
31.3747701736
85.5226702679
96.6406697562
43.0124010203
34.9318000131
72.2848880341
65.8977062944
393.664908024
92.2130435952
76.4120062583
54.4176406551
82.3062338404
38.5132895893
36.3764904476
45.9125905915
86.5268501685
147.023965416
127.094851888
71.7225027208
76.1524688865
1056.78109739
45.5101126013
73.3156516281
177.85008348
56.1945683129
116.657207214
53.3812052759
73.4386220096
35.7022914635
58.610398666
47.8739411897
43.5929078283
74.302187865
128.809780634
39.1236819115
71.6513791006
72.57459286
25.3971857878
57.8924739304
44.8970086191
89.4183957494
62.6374073727
23.7503089244
30.8278377525
77.8574167547
325.789243685
37.2411871918
77.7919700325
46.9548331559
26.6749243481
56.5239704847
75.734095732
72.0829093472
19.2446752297
197.123207138
60.3594445339
33.5990088482
42.5239647005
166.655552315
48.95688563
61.485142636
29.2920854274
77.4808643421
59.6070294771
143.457207664
40.2903718271
98.1410239736
19.2497859367
96.4117593543
18.4593381758
76.9186407695
64.0441590198
44.2845862882
54.7473531522
89.2142275128
37.1351632436
29.6180408569
166.497780996
33.0119512495
52.1694142101
37.5020290494
96.161885053
71.9927764066
70.4458377159
82.0656939312
82.3709406792
31.5754257233
79.3638942656
34.5289778471
38.5181602858
67.4062149356
103.512062743
41.2051938948
76.9892954332
26.2549587009
46.7853700652
38.5386530942
95.5835809801
73.1986781276
115.965287646
102.950701037
29.8775698298
89.42098824
60.6836014779
178.963977726
142.614770734
196.511703603
65.5485027542
64.9009787067
55.1786416872
17.8375264826
47.9301417158
48.8119910811
50.390009413
157.020836705
90.1727617955
54.4452698923
126.664099403
93.1334736903
69.7648248938
48.3480959482
16.7046635921
42.6469385639
87.2915826628
131.157008277
56.4924596667
33.8766737475
82.7124251986
50.2914528152
43.3673979784
19.3476996886
44.615338035
116.807604362
35.1454785334
113.043639603
45.2990406982
59.8156612394
77.111287177
36.0330011193
82.7788656009
11.2711472094
42.7793818035
50.662879311
55.9096377317
55.5300167256
88.3157631126
49.1585951713
223.165494127
89.4931558767
43.6930348987
67.3922587602
103.885527393
124.699107938
56.3180276995
82.1011153995
76.5189005592
75.8607242081
40.4058286447
69.4267781656
84.1260259828
86.7421567356
54.4587451862
106.884200778
40.8286774554
23.1049904478
56.0242955499
22.0876852695
49.7337021632
88.7895488134
33.8919062588
36.3208461668
51.5841613667
54.6744604176
69.7674651987
52.810223451
154.503519562
141.507823728
72.6912411262
74.6930272499
72.9650157589
54.662919247
111.382513679
27.9778336608
71.2144577532
48.0433009966
35.4981484076
58.4109120639
51.9975644937
20.1406523453
279.69752466
65.7635352511
69.5131572397
64.3482147792
100.452581732
30.0902059779
36.3789523438
45.7865271934
110.02637014
59.8025100655
38.5559435878
74.3127749099
167.516534626
58.9213248745
22.6394528979
91.9620032698
73.064529323
59.8863878449
47.4779863284
72.188593941
57.6799680984
111.962809648
50.3591536771
27.4582242728
118.495653409
111.400286793
146.293017683
42.3042823056
58.5332977413
55.3299221861
60.0677742345
101.904213327
70.8530319701
27.9528256529
52.8141951554
51.3977456119
83.7087408412
118.094210095
17.6304595383
92.1402159506
95.7083351326
72.5973317784
43.6960739033
95.5129416426
46.8309080002
59.3214509377
60.9910689349
51.404754306
67.1697891235
58.6140392038
74.4183926552
34.5684358968
37.4437629155
110.179437074
24.4965877975
212.519114319
38.0121216119
85.191893161
122.513390828
47.7056506558
31.3107031175
32.8931163369
47.2196996466
53.5253819269
66.4146244408
71.4976296365
92.8988324602
51.3358691843
30.4578335126
127.795744203
31.5100236758
132.1138522
381.887676686
8.79809861063
86.3621471097
81.38797032
35.7785055234
103.55597056
70.3416516722
71.8914895996
60.2501693052
59.7542423298
41.2522546358
84.4988591477
125.489652111
23.3956357524
71.9188307093
82.6069257197
85.564587573
78.3766641293
87.2891614602
52.7775198082
108.302239141
47.1591622587
42.6165041459
129.714048292
55.844996896
55.5796460618
26.9791807558
77.1364454003
66.593611542
8.39797489412
179.858838179
61.0711276828
64.1042556173
261.368405343
204.358767888
34.4414945079
237.077666644
65.5889576349
56.0413746545
42.0190260973
80.1897697152
94.8100842533
73.7753538826
66.6297889373
93.0560665194
38.7188908315
88.2994832756
209.09910627
79.6980223465
76.8033868583
70.5011356867
345.571142318
66.2440367049
31.1187211561
63.6644378936
103.399070007
78.6713535973
131.597064868
76.9246691884
64.9724477368
65.4842382591
48.5838133591
67.0263298687
141.594048496
62.0868495832
86.0996836222
138.773394757
141.395743445
104.369825356
54.233097287
50.1666927289
65.1883701013
170.643585857
80.3783670169
41.851149229
242.770864385
63.4584177293
80.0682843624
21.6859750256
75.1164061189
105.664425382
62.018750379
50.2907456452
75.2556342421
90.8530632969
141.518939729
222.460717235
50.0290961198
74.260941711
32.6781380025
81.5962026255
42.0754995639
287.678713099
79.9843810569
57.3429743322
33.2156782333
121.219528295
107.900743338
57.5588258094
30.2838834842
26.7213396204
33.8614136601
72.6163903074
151.12558203
82.2923320728
81.4168263956
40.2067269436
60.4576448996
44.2557285351
88.0615131368
27.234118997
35.7774955965
77.2143599442
63.580907876
25.5496721761
53.6060797637
72.0345127615
82.7652015781
27.8942574867
36.2615085903
81.9051872332
61.3385890216
107.160920196
61.7663364764
32.665160022
33.4744039082
234.511166465
126.140667324
47.7210677715
16.821885949
296.83728605
27.999356247
97.2033915423
68.8245478058
78.4355962683
83.7872861214
31.0553106761
138.398047669
83.993691885
78.3168926519
20.798813064
47.5366391572
14.9033570306
35.5207655901
47.1645070942
68.9145483987
77.8675071643
106.494505253
121.038523982
38.3013070986
28.6932820842
57.9254891867
86.3762108371
227.093477965
32.4570851318
19.725858647
50.2564184907
57.0910117846
69.5920595945
18.2989121793
40.0630829195
69.1507236819
29.791094423
182.303289318
69.2875855861
82.0699245059
53.8649225435
56.5656490553
59.721798989
214.462878519
23.8920083657
23.0662384215
75.1366703407
42.5811549313
45.1998518662
42.3750749534
74.0088620788
90.0222178437
48.1477275585
63.0720659727
94.4012489204
41.7047113593
11.6831591564
80.9967609237
71.5195836421
51.0878883952
34.8695292691
59.1936432263
149.468334535
45.0811291895
79.2525969538
125.751909482
51.7492485218
63.8043712789
102.897782904
147.263029062
157.872231673
106.837619243
74.0166582936
7.46850657203
73.2038826149
42.0546908449
57.4210910197
69.4320207003
33.1146462193
114.43415674
59.9330459347
104.196938338
45.5926833244
154.427677078
85.0168474966
31.8417226233
79.7381774513
62.7704188815
125.954529764
92.735184331
61.4372790694
72.7302157731
16.6243348666
85.9838800557
62.2893595866
18.1968877457
76.0901200833
61.0094293419
14.9479700012
341.520680459
74.5170629822
33.1765234093
120.362329929
52.7673096076
27.7749868536
31.0250380177
48.012928122
44.2547681989
81.2054397124
62.4502440385
85.364525271
13.7098240183
79.0701782583
48.4946447601
88.9873101503
23.481054579
72.5274908236
96.3310886071
32.0366099192
7.03984350217
82.6135705754
14.3143721529
153.182169834
50.1782600116
144.32115558
268.667535704
109.827018943
55.5634211448
82.1269637643
30.4070511283
165.072258989
33.3329712228
67.5160464927
40.1819930332
43.5624794863
79.0450287427
68.5109010438
139.848274388
95.5145919527
166.592950661
96.5140297677
113.58537969
56.7682476651
58.3874348746
140.071755471
67.266888856
78.1916752991
48.1011641751
79.6993909137
165.886857077
51.7200369521
45.3072624258
107.298733085
65.9223782787
87.8654909848
47.0047427886
165.397321535
162.459921308
42.0867032414
44.4800980304
80.3175700566
153.342721322
119.529627594
87.1553394101
99.3643673066
63.9785986777
68.4548037855
81.5801046819
52.181560897
77.7745517125
50.8442094137
70.7229295334
88.9375684592
86.6177351389
38.2627867446
67.888529722
221.996077347
48.1647151726
66.1373823184
38.4360853141
72.10809569
56.6810986725
96.5343448232
24.587206147
82.3903743315
52.5680696365
89.5551794072
126.492536059
49.9488679871
76.1951872939
12.2837443171
60.1458178684
21.3063723587
34.8031000867
61.3030774716
10.1506841858
16.9589861996
89.2221908493
56.840143112
112.744176486
21.6167001932
8.88156169134
84.4322775957
85.1724964834
45.4562729212
26.5928162483
72.564496864
75.9087625832
86.4777216053
48.4011985631
55.9742971533
44.5055207627
80.6885262324
48.3247591382
110.451443087
261.493804738
43.1531191582
16.0437508341
80.8382657238
109.796526529
59.6043968464
79.1606414808
93.7407647019
38.4182779985
129.454915036
37.2674433062
40.4211614092
60.6942071605
72.3560351077
118.238151936
67.1055218814
68.2594167117
17.0735718395
46.1881229042
59.4030918672
21.7585886045
125.573557882
38.0395377516
350.919439374
111.381930753
54.2505744696
17.6670747838
88.0616061815
57.4231688828
115.264496631
46.6400935664
57.0983690068
79.6799005331
60.6889737304
80.3813331921
61.6337983517
62.3931910656
47.6486400088
62.2673593682
79.1119390622
15.4733538059
40.2529479519
196.305666511
105.861780662
29.2371699918
59.1684878052
135.570361463
218.223862448
93.9418618239
72.9136414999
64.9424659472
34.5515895198
69.4568686792
118.190226807
18.3902680307
25.7566059472
86.5984383654
239.000578835
60.9366226928
54.2258032983
72.5570316323
47.0246815975
90.6597266034
141.770290262
43.0611419756
22.2413550152
54.6869567455
28.8555273197
73.4936963271
72.1465557748
101.142034278
16.6224972235
40.0613396099
104.618663465
159.802303684
120.8808437
37.0075219062
54.3752292659
71.7945976145
24.3643659006
62.5818130365
152.67715112
221.812444774
23.4011046642
89.0454777421
49.3507786854
71.5954595995
31.1966920598
28.8092405111
56.3090322739
32.9751530994
52.0564654396
67.3539681414
64.2805104088
40.7516765798
156.995970315
21.7728755841
93.0977187158
39.3770673161
99.7001290407
76.1420766787
48.7216835628
39.7876042679
137.136850247
140.931887128
9.33239617757
82.3272628019
40.842416575
36.6211445339
17.7514492104
34.1800494478
11.8395325125
87.8705559009
76.4997597399
87.6954437052
38.5695613095
22.2169203255
64.6458193777
14.6440255468
48.4958130459
64.8775056924
91.2542176686
29.9544834766
9.99061412391
78.8280926677
65.4740057966
27.1060027548
188.313891923
141.232310389
68.4969618928
94.1599680966
79.6728182269
36.4610085145
14.6271118003
121.267038754
153.326398708
161.692316254
105.456290776
34.0123193145
70.337998174
75.9746067651
81.5174734644
102.102231401
61.8223421114
16.4278570826
186.834396549
86.1941612816
74.9483850493
120.108325359
44.792490053
69.1447815709
76.7812928344
75.1147150885
58.8660975163
82.3620111365
33.3770591464
289.385412101
28.7573002203
50.9234348436
71.096122945
72.4783302498
89.0674713739
20.7339599001
50.9409591043
28.1507888699
140.47303601
61.6493447767
52.7403174018
25.0168997123
115.994604788
50.0989670758
27.4712692224
49.6260248239
87.6548279856
84.7063010009
34.4021826485
62.874189237
93.9721868843
77.4890336675
76.8770648989
203.779740768
120.555586493
76.170829598
36.757686228
13.0320709254
74.20330473
85.9461818129
46.641598589
102.383455481
104.812535196
52.5480113132
22.2116224638
62.2012171187
79.6445807798
30.5941451848
92.3192108071
50.7573004952
73.6611133934
78.4166395459
56.1839591956
49.7687481954
67.1109097297
122.570680076
28.8787583563
59.1099910288
167.454242752
34.8280238879
79.2637214751
42.2443603474
79.744519165
15.9495152145
71.7026000219
76.427179904
81.6623632311
76.9795334018
135.56791067
91.087087522
24.2155342969
60.5339443028
81.3083807659
125.431212404
72.9678118842
72.3177233161
47.1092982956
132.617274926
72.9070318272
44.540186441
36.0150624869
62.2761746657
75.6149486312
17.588444626
101.027901931
152.728974969
36.0077131739
78.6390658304
62.8149375902
50.6355394227
116.628343523
193.247175221
132.567608535
85.0562430214
49.1202356587
59.8887813928
78.0008396771
80.1275253122
158.393206509
71.0185677892
198.325762134
77.6326398533
73.1961177606
28.6864749683
87.3164971123
23.1769763707
67.9300045638
64.7181783286
97.9845325
55.5120714073
26.7315217267
31.6047661286
69.9339733398
120.6957549
46.6682027124
60.9447192313
30.4464573347
19.7626563421
73.9119951924
100.962705769
54.4161631676
53.0458248396
62.5144276939
109.057818746
43.0776000039
105.991877065
67.1389541316
14.6241939753
49.6133134147
59.5000409833
50.1449128674
73.1696557304
87.7528804331
32.1869283141
43.0365745404
168.730310259
118.983281453
143.757785243
43.4881989932
58.7849384809
75.4025406573
90.7074366175
39.3118116169
72.8047016029
39.0297747155
72.3908154534
81.5348684337
89.6739420454
45.8936198457
37.5214006139
239.169245054
23.8756766984
18.4564231621
45.5622246473
61.7960710431
28.8856190856
34.6681745649
47.6732664623
133.775381323
77.7065055814
45.4949123895
73.865548148
91.7589046381
160.373427455
45.0199925344
55.5430414009
95.185369798
73.0605297614
75.084410731
74.0504326985
31.7421712198
71.6503475331
42.4115876764
70.3470300878
236.345448187
50.85697867
73.0912365455
63.4534725057
36.0009714963
120.418519308
45.9569330722
95.5661443388
161.269160631
46.1810171731
19.2027661182
128.370516511
14.7190854295
102.905344294
98.3780148535
62.5149380348
66.9622179999
57.5511279856
69.7771674303
75.4707045825
33.6630817921
76.5334935278
69.8130481144
114.809688461
157.904704178
45.2785981331
33.6679084716
37.7150869868
58.5766255352
159.743535342
33.6030147638
79.4164168313
34.6343138101
226.070426214
48.5892253217
73.9920227261
21.9877488364
71.8478750072
71.8122870958
16.9037201149
43.8958930724
33.7689340794
52.175970179
24.5264385888
72.2807243055
56.9142436978
99.2968751346
72.753530659
51.0186087381
72.3520415541
17.3058365328
507.226703286
68.697566037
55.0915808684
47.4996887071
134.525718096
63.488759823
26.7203594722
52.7404715627
69.1592946354
22.9373549991
15.0145416543
27.8962900321
184.059256569
13.480441038
123.546729724
94.3867869895
93.790222649
73.1377968958
67.3693582562
58.9420954705
32.6965301217
79.6571663875
79.3882918098
28.1167111651
41.7606857819
27.126014087
206.785009163
57.7674109557
19.8675021465
74.0833924181
70.5112152867
74.0553425355
41.57883465
32.7649808975
46.5175644522
157.774422778
65.8172802204
133.459130087
90.5574995137
339.978996049
23.2662098093
136.645295548
62.0042750646
67.6000639768
155.939780018
54.2182499396
37.3666743571
87.4583193305
53.8334826753
96.0790217802
78.4633237766
167.992479065
73.5941535902
48.9784259251
66.3541467956
46.2672458467
66.457472175
260.790705836
58.3058732727
90.2421999608
72.7529640584
104.779938476
88.0654902636
74.1341586844
80.7534680755
68.6632335934
69.5704712302
41.0444163743
12.6044990736
38.4013982023
95.1926941776
91.2325329836
70.7817284192
31.3127290411
27.0323859417
56.2943519992
26.0903840537
93.2548806909
49.5876369861
69.4324920689
55.8006350483
90.8527982448
15.7802581216
71.9924809787
26.2955093532
33.8745247939
145.32962679
61.3620890879
71.4911311274
25.6575922878
64.152212245
64.1151347165
42.39975994
42.7110503796
135.104017649
166.931428325
74.2566713383
56.6224911306
92.3097039653
57.9631890622
48.5846538067
32.411012907
87.8339493213
89.579811052
59.182602587
52.0474215542
70.2981916109
42.2460265868
86.2770329027
52.8891691236
101.199349115
106.850932911
66.683077057
153.194880623
109.871242395
25.4826289561
41.2267688475
90.9748217252
42.5910696205
62.8990799766
64.1520802829
94.280376693
35.3306376661
31.5471709021
129.99546425
52.3839524867
67.0829626543
66.6506571989
31.7574920839
115.38036398
53.5261973002
42.9871250792
57.6620057233
69.3531251817
76.3578665051
18.2445468508
61.1720167434
72.8784558191
37.0523202904
108.203522442
19.3619917905
50.1897465055
70.7967611083
151.185170963
58.4199852925
61.9253014178
56.6079027594
48.196807587
109.268004221
66.7331848837
53.3439176373
190.861520714
14.1722381141
71.5333773066
82.7603199988
73.1098050805
94.4893463529
65.0030611191
43.6868776323
263.760193883
74.3838264596
76.3139943498
85.2950412892
54.971144931
60.0851081434
69.83932883
75.8826535393
34.9464348189
43.1039243176
47.6721435693
34.4354967143
51.5943091242
88.4252742255
74.4409984874
60.8627594965
86.9360981054
43.6447131043
14.2467537208
39.8484146052
26.2817635072
61.7895834986
76.4782481438
72.2355870485
74.2394863592
41.9151980429
28.1118754552
33.1155843254
75.2679503538
47.1416906754
78.7847876234
64.0989974304
62.8892956615
36.7629722476
36.408495851
129.44905869
43.4633361541
73.3867390323
119.450518739
70.1470688452
46.755532285
29.1524737331
10.5769649089
278.133028261
88.7474145589
128.731460423
53.7827340553
80.8125577095
100.553679537
73.1623956088
66.4956091654
120.804377063
117.804757241
72.1869670202
116.415163381
92.1394793237
40.1834290089
27.2141750359
111.505519408
82.1283152245
39.1772890634
23.0778911448
77.3204485964
126.614398766
74.7030690539
190.878085934
17.9596173412
66.4848522754
34.7739741923
48.0231900849
160.78529331
127.142883914
34.6098476858
61.9904218481
143.929317792
76.5419971285
69.7218022365
73.6316020698
109.891066874
40.8407124197
6.80800225324
67.92075226
145.135205272
71.4690766488
89.1590359202
34.6560559996
43.6671687664
80.6214467613
53.1165376411
56.4151547349
57.3246678092
80.523100518
111.404151386
74.0802177055
121.385827241
46.0423143031
124.209165691
226.39344653
102.814168522
22.0267042768
63.8742742716
36.4731912672
70.7161156323
63.9873544078
36.3266766631
85.8311030973
52.5892122928
34.9015866289
94.4503452277
73.8501075766
92.9508525889
76.7850593044
122.340242912
68.190826531
38.3378548395
69.6895802841
363.318744252
75.9565467883
40.4078140324
59.5827944374
59.8188882643
81.5437846981
77.5454749265
56.2402394382
112.029564271
60.1620383455
57.7431001268
102.900870082
42.1961601787
29.5687108486
66.3076954838
436.041008111
87.2176852181
57.0556654903
78.5433814811
74.3997585959
23.0933990279
65.8918727315
67.7475971187
81.4799510559
57.785859856
37.439997259
14.8692350199
68.363665742
27.0380198151
63.5895880917
143.839101353
204.658547239
180.27523876
37.8311550102
74.6154369192
69.6642977907
15.5237106503
64.049441854
56.2361498295
70.4962894182
43.7839225665
40.6649765867
74.1692115549
114.467590451
88.2396885791
32.788271529
181.704238028
84.6264738925
84.7938528923
80.8060280131
70.3607502344
86.4941326365
109.008535027
58.6448655114
103.047341947
72.9415526055
52.8092565391
72.8456946144
29.5281176258
78.5292840328
79.4727334648
16.7418424623
150.687932199
72.6240299905
77.2483568827
72.6485623417
97.8365715832
70.2446803562
58.6877799815
45.9483117803
66.3513889197
265.170614378
71.0895446168
58.9695014769
42.7292890164
71.400162945
44.0484476247
67.7364053966
23.9879591863
58.631682825
51.4032338463
106.447526971
80.7077641267
50.3358462352
60.8939405031
32.2866300629
297.248736639
61.9298082339
55.8714146612
74.9121167343
77.3639425863
65.9388880609
37.2841260056
30.1449147861
33.6683989134
54.1492651065
54.2862116159
239.627858855
27.6280742869
57.9655814305
104.113266845
51.781818699
43.1964154155
26.3266328624
79.2019144326
56.5625043342
51.6472140628
72.847675228
67.1852288981
61.7717058687
78.7856860937
254.762704183
63.7208264487
95.8725890734
31.1186905979
72.3700031453
81.4386508827
65.1233999732
54.680889135
129.497321346
31.9026704876
148.687642442
112.228415958
29.1950902624
133.952695887
35.6757273595
26.6892735914
107.602399415
86.6843208555
37.4294229382
35.4429713492
104.065250906
86.1814171739
159.78959422
79.5530389109
42.5783549567
62.6068941416
154.288226699
228.921130132
95.5735580994
42.2606188705
39.3721005939
48.855593325
51.7101876874
136.24896474
67.2701829958
29.3008643702
826.740736441
60.845839872
105.894660943
32.5109855556
90.5578185512
60.4218904349
75.5164298072
32.6628493057
43.4308936013
40.5707750778
58.5133578901
84.7970066467
102.355324886
19.8359073972
77.0742557694
10.7993669567
22.7028622134
92.0205597025
79.0569300124
113.03150669
119.19787653
99.406735376
35.5270384063
75.6756196728
146.520299146
67.4862704879
83.9853103643
75.2006274662
91.9426906529
79.5540668162
60.6054450646
80.4101964259
138.908809529
65.6270660011
40.0332187586
71.8971037299
35.6302348056
293.884053076
36.0771116247
43.2763414029
105.913778677
68.3089307632
126.61580271
49.6633399318
59.0165674089
20.244948646
59.6495353818
529.853282872
46.7519086758
131.664177832
100.869985585
35.9936356436
123.893476128
36.1071225184
79.2647672586
89.6136219386
95.6326513293
103.668908273
85.9534518198
18.2990726708
26.9074842564
60.6586285919
358.990449679
31.8306545979
16.7311668824
55.598345535
49.7932706191
39.5365059631
40.3735620564
37.0672475708
135.358975521
66.7096944217
30.7042281195
123.764395165
56.3512325577
82.6243617685
40.1223975304
240.828888053
43.1392105062
57.8325304114
190.134321637
33.5549730444
53.9485368538
69.8957711551
69.2417685037
43.9726411604
54.966129843
72.4050687179
59.5378481486
36.3453210321
102.313162275
64.3259645098
60.1216185747
142.723409684
55.139316516
173.488856813
66.2585040171
45.8197752062
20.0824042034
28.2524583511
160.510354095
59.5199013092
26.9659308583
72.222350581
100.146119679
26.3082737911
51.6407218107
40.9907688468
114.274034547
64.6167302304
72.4897022578
80.4273190955
54.9780360109
76.1430965615
38.4991628749
65.0524929879
70.3775342126
66.3148403165
101.337229151
29.5589651095
62.6025728524
65.2925597601
47.1856564302
79.889927871
130.110405658
35.48829455
70.9817919741
134.744287106
68.3088002711
52.2544173982
128.499850023
105.344336483
66.5861913685
59.3231383509
85.6264270516
34.639544258
51.1307786896
126.20324093
31.5442101983
106.854388422
43.1868391929
74.2430278466
49.6731509282
214.478316765
49.5469003249
90.7759352731
71.1201403747
76.9930490654
211.771229439
75.2186371235
124.027608213
60.3726112299
84.1155834381
117.211194823
102.295823302
76.9335314744
147.579554523
15.0696703341
57.6946399901
102.154641166
84.0090084944
48.0072003238
70.3576752831
73.8220297975
40.3262912134
172.068351477
20.034330208
41.4558888969
44.3598401639
27.0404728685
97.7565885474
151.5687688
76.7347470386
41.9689346415
89.0373946643
77.6829128311
183.251857798
75.9564181547
86.7904325796
104.709254595
41.2911443439
90.9604725575
70.2030259663
108.333645159
51.8007164268
47.0754002405
177.208726684
110.054667641
29.8030276659
81.9751712579
93.8789022433
21.3263313056
65.5082446241
83.0233475576
54.5891922039
195.841423816
75.7655445061
104.369591013
21.282464036
52.1789740904
120.806328776
46.7463228911
86.2097516193
86.5444370116
84.0761748728
164.106758154
95.1364297056
26.5663605095
117.788926768
49.6270471988
43.796706027
127.213540128
49.3860887968
93.4981548051
68.337163691
46.4268574895
103.686892739
22.4106295153
53.3078769925
112.555604306
86.3489874818
107.163536155
45.9090208581
69.5819622764
67.1833923196
72.6326144517
66.546013515
49.5706500902
69.0476803163
81.500467384
41.9313195674
15.4950008561
131.759039854
42.1416972929
61.8807985373
30.5796766945
55.8128424741
78.5895582203
56.1221184078
191.417244085
48.1776677256
79.4466443754
97.3834128474
28.5584599928
78.2618904145
99.2564384679
52.8886192921
30.3366183656
31.1686733995
82.7669961889
67.6284442879
89.6997372878
87.6220428887
60.1566814491
130.345491635
63.3760832518
118.567743952
85.3536840771
35.4820778703
220.284923314
96.0048444935
84.7144875437
15.9959821508
73.9184017406
92.5824372176
55.4479081937
74.1218480634
31.5544932088
55.301449794
89.1909224064
80.9195829772
148.580399125
38.3011728748
99.294863834
116.51425322
48.7778275964
86.2184270953
73.8315263015
51.3254288991
48.0726665641
50.8690667318
64.6754523163
73.5653810288
112.84484722
66.3124479594
14.3654373258
157.245319328
58.7830520555
50.0775783972
79.560365033
288.793672186
26.8490052903
69.3478783602
23.1100392864
28.5112507951
89.8279911828
66.1519251451
191.761288848
83.600551064
54.9996503434
72.1777608194
124.579387932
91.1713301868
62.0543066321
123.235841285
60.0167409274
19.0657307161
93.3562360476
73.4984172181
31.0682795982
80.6064116689
35.5028712891
30.4969849752
75.8641626096
25.9451117097
24.0857335341
70.9460100066
94.0309908804
106.595993848
324.716243274
78.5653129502
46.8083326845
69.4910157807
60.5674384973
122.602242133
102.754784594
26.1136773804
11.0822855999
51.8248050391
100.263208887
73.6470799316
117.200662973
48.2323151027
51.1944481459
44.7584155137
112.557383406
52.3528276082
62.3585313042
36.6703520323
69.0576498478
67.9249582188
73.2212704098
60.4405829267
54.9289973973
56.576926631
471.178323285
69.884228557
42.4889096245
56.0741500888
32.8876754165
73.2613652699
60.7663559358
55.6513586122
33.9763789226
103.021657326
90.6533844593
61.0506802252
71.2145684997
62.1184036786
147.92199298
117.68135212
92.7613054759
62.5083685622
34.6856765978
72.8416393157
54.9374962803
123.376874952
94.7674314872
97.944510901
52.3775034168
57.6678768451
61.0687890501
77.4523272967
27.7507629208
120.170464477
185.8470067
99.213450363
72.0529733595
176.723215724
21.8766021406
79.0087411813
61.1225268312
46.3935026857
79.698766173
68.140372034
118.479531978
52.4465161131
392.11006408
119.016705042
96.7844609079
67.6345731901
551.503178328
72.4998949201
142.6017513
66.608554461
57.2583377979
66.08627299
61.7089370799
38.8950616915
106.862421118
120.310184051
73.8303637367
56.685246832
134.695321052
37.3364966365
25.7226885029
39.7313728655
169.443680814
25.4483836043
68.3390772608
65.7619334648
65.7847557762
42.2718651995
43.1716539524
49.2176668134
34.6259200739
48.6608539915
291.620542795
44.4878717732
32.6897495785
44.1123720548
39.1846083264
82.7786513158
77.5401543638
20.2622089459
122.429261807
57.6853451613
21.3508128045
72.222532203
60.1525319993
115.713316484
79.3911418368
51.5716802887
142.931461129
44.6359602038
18.6056971213
56.8168268799
94.588889415
347.415632642
270.12305219
63.832206384
67.7891585981
114.123965754
62.6689388972
39.5763368029
68.6360342548
72.6789967877
58.000168525
106.511987514
60.2489586639
63.2603880884
59.038462527
159.115933991
47.2612749582
43.787886742
36.796848429
84.4832925572
32.0281958854
78.1310200916
103.577153007
92.7877234489
22.1853478973
80.3434507174
130.007019634
78.772586608
256.807491466
112.003402588
92.4984242654
34.431743189
61.8703145979
261.499856202
83.0834234881
231.515585002
77.5121143012
80.9682858147
66.7856963971
53.7850075049
81.6685987048
54.6460873094
50.9555958318
117.744542282
143.675533323
105.555304041
92.9430899642
87.6438717498
38.3685155104
28.5263043498
75.2972182306
53.2942425532
88.182198422
46.8130843266
22.6871205132
12.6712605176
49.1961477469
74.705521314
126.420543958
121.398084343
53.0615439066
70.5068029445
94.8046972106
52.6256622638
36.7595700397
45.636935385
46.3393457912
75.3297682582
136.350767382
200.966700798
34.7097631745
52.0116872511
79.8990862391
95.1445292619
39.2608067596
46.7908207762
101.761572248
12.4668249075
54.8945885997
71.7205838769
133.120184892
67.6686572564
149.111697298
77.4656960615
84.4513321718
31.7508362959
176.784857318
245.716906075
83.7713385248
71.2092286221
96.2041008657
380.280178386
17.007359448
31.3011193196
30.6529021256
65.8204455983
48.1619761941
72.8006069799
14.6986170055
53.810428134
121.538729772
383.525097862
78.245194392
44.6802474388
78.0690852544
83.3073462833
89.4257699554
73.9714478377
111.02949591
50.5731506101
66.8101814844
18.3403705605
51.0523148223
140.289590795
434.69151199
39.5227259517
120.707569814
140.490791044
67.3777846652
18.3190383625
75.6891851104
52.9884246071
56.6503602366
66.8942745662
29.4863013427
61.1253575137
38.6236297622
77.0337113448
36.8456581209
72.8909072089
27.4836961418
94.750313505
169.349376376
36.7843646829
116.901590383
146.498743814
101.53235553
99.191333243
66.0315467021
36.3643882631
67.8402739038
27.2791434079
86.2260108552
1265.57900876
83.4057840066
55.6231191933
43.2395047926
51.1759452447
89.5581384336
45.0211393467
29.170700324
117.259133932
64.9692383485
154.817560005
74.43335501
55.9553204041
38.9798640385
11.3352666109
57.5238832896
126.450062063
174.264803838
67.7599450443
44.4391702735
64.6139628928
52.1229146475
27.2814309691
112.787570311
63.3176234497
100.265038379
32.1348053097
17.9896186197
33.2826647513
19.6860597546
33.3924798092
28.2122461893
105.257276902
89.2742947767
65.6178674419
73.7276437929
63.7059285816
53.5043590231
186.077083293
49.3329492908
117.256953443
89.8190885505
78.5010820121
111.152751391
19.6367381474
73.6970252932
31.684123454
64.9846024286
108.630011268
39.0225196752
99.2325316733
69.7180138356
57.7527612934
87.2936112275
54.6325255153
35.1808522687
40.5313897173
61.3682834387
101.530057292
63.8135823856
63.1916686393
77.6586623991
76.1241272848
34.9633897113
52.5776981116
75.7744565389
45.0607534683
145.994628803
44.3375302488
67.195353681
18.8462927466
495.649020961
72.4625628545
39.0200872792
69.2920092243
107.313122679
55.9318518242
60.0419561989
179.799526328
62.2409813325
57.617901061
35.7015895073
52.7189834386
69.2031124135
71.0761953087
53.6979600899
65.6404574504
63.9701073949
100.74846168
84.6934103999
66.1312876368
48.2018618349
86.995595528
72.1678768848
104.576821388
32.8407071297
46.2245221765
59.6911709789
36.7325871593
66.2249575587
98.0692792557
52.4869760723
89.7940691334
65.6737441229
94.6634107688
137.684000503
25.8586912121
25.7398858862
46.0175820247
75.4986437446
36.8297892303
83.6623573323
58.2730593124
42.0361286841
134.391292841
38.3934269163
79.4473107348
18.4746064864
76.8572062459
117.453572198
162.244740884
41.0216332968
55.1361717407
56.1579333673
64.750004826
38.6705678013
83.6636111549
31.6745935018
42.8209578547
101.246510689
52.0371137851
59.7808578884
89.9656734447
28.5080999938
40.3292121404
77.3035449935
84.2125551355
100.314400233
31.9498467334
72.8665702948
243.040420983
110.361126193
68.1178670624
87.6236616681
33.2911112328
41.381412353
48.1197638541
14.3260707706
61.7399520876
108.338907748
71.0466884653
65.9104509688
61.523156672
103.728753764
49.189413887
43.775391918
43.1880663171
41.6773757486
121.125314634
82.929673956
31.1283257789
110.594226456
155.59863401
340.200876228
72.5665375872
68.2653372244
32.0004859754
55.6418375878
101.101826158
107.938524322
131.509845439
52.6129804409
116.261349613
63.306219391
24.4365570297
86.0736663831
72.9316515547
20.9782589326
45.4727625533
89.0399354301
286.454289465
41.592816201
193.836471011
7.1796940908
10.8960542338
41.2482969652
91.103334907
19.8001657325
42.6893284906
64.952889067
31.4485906151
76.7183409219
62.9822182148
67.6628723127
233.395762446
63.8741733715
11.660635606
60.0530915224
82.4975519383
52.1020597877
97.4142439901
47.6231020915
221.261890581
51.9507816396
32.7541959009
56.6336393617
40.3977033541
196.916868983
64.2884300656
29.9410770521
113.252772689
33.1813953844
155.54610883
27.8517440586
64.0713201131
64.5277782258
60.7967613793
34.4253893902
40.0228761269
84.9561033084
34.8635310949
59.5993892443
70.697446325
61.7274951299
125.466894655
155.198903879
17.7384615849
159.811747867
37.5616291494
82.8040752359
55.5480773412
20.2646454288
94.4734421696
47.3396807246
109.086554734
58.7895349203
21.9904094027
78.3651956164
33.9770377589
77.7274633367
82.660741895
101.124781657
76.9086885648
24.1945119822
49.8659957809
135.203277801
96.5733721048
44.8664259846
47.3759948968
79.5201878396
46.3929131317
168.838521052
131.345604742
72.2872203692
105.880758798
174.995769074
88.4370664136
88.370151405
48.9150738977
66.384050532
55.9060054044
51.654256087
76.9967833074
34.5784441589
24.9633156923
23.9534315613
37.2137154253
55.1132925067
38.70601861
62.9198128674
51.1528957926
80.1283021543
32.0888519541
146.961936978
94.9603282907
94.8619196059
51.0943125812
48.5514415601
60.9840153339
30.0164296573
30.8478158799
81.8775431449
64.9963106755
102.860720985
68.791840159
42.0485501933
102.594128705
89.0053207496
26.1363747672
50.5299850162
85.3057715898
68.0888769401
131.16094842
40.9329407716
37.1476268358
62.5989459207
88.5706565714
77.9023054651
116.313064459
21.4413214611
52.4787191186
43.1682904835
44.9299968409
63.9176498983
43.2689027898
40.1052177545
82.2293860662
22.9890019116
78.5750146515
69.3941537586
76.306227354
58.5240232776
120.780577889
266.113752597
81.1012651638
39.5335533697
31.6053947432
36.0686442253
56.7015260398
35.0567903725
64.4433483895
94.1853258047
46.0844020933
42.5838101955
109.975134043
94.4569285985
114.128659507
62.3856753917
77.7474623539
57.8561501309
59.3128963376
40.8460386154
105.456679751
80.888841015
51.5870929679
58.4548221009
44.189922126
18.910188111
121.220909677
82.0814249761
84.3915275394
36.6233388664
225.375453944
172.022307924
33.2187691772
294.711613255
15.0809878079
53.4248543743
124.442763312
60.7692992729
17.3858865818
61.076701724
79.0424344668
62.9257792531
59.5294859287
43.3965948122
26.2799978029
59.0264959572
91.2791614834
110.207260601
26.7406036543
68.1793468957
70.9304179176
135.574848229
156.999422627
74.0156274598
32.7784536656
58.4753976598
79.8050127486
110.330945151
83.2765809739
66.298671777
89.1087833701
63.4948490994
12.9323371417
67.3357245574
152.152816292
49.0480127534
98.1729296225
49.841450355
80.118343567
163.17510859
72.903854621
62.4761126728
32.5269046636
63.0542291692
84.9579445762
83.9616922841
33.8084806102
92.8645696113
73.0222840714
67.8145950462
97.7550957548
203.804101924
290.96730702
70.4195626007
106.673505153
125.570541347
58.043434079
32.379328459
107.784171681
38.132071942
55.6465654041
71.7743326752
92.8204994801
73.6653073326
76.5566329248
49.5622040991
34.6095728712
82.4325848354
75.0456580205
56.4646289318
83.1718304226
35.981558657
89.5194124169
68.905357135
31.9659664446
89.9900171836
116.094784239
169.089521091
21.0837164443
841.616332946
42.6082802661
85.9361863101
57.1353126667
18.029694068
60.2350257925
67.3020070709
103.059552314
79.1689206421
88.255898201
54.9118030858
64.5537694972
70.250598139
72.6360628862
30.9639272455
37.772955141
60.546119672
119.978502938
54.933491736
33.7668737959
20.1495594069
93.6877044949
34.8286179909
40.1764707985
46.2416190833
15.3821699387
71.9796672496
27.8814375114
98.0018366915
65.025686903
199.417317623
127.753314471
71.1261242526
141.656789984
34.8370144159
87.4845357331
32.0091495344
78.0260244336
26.0742801944
246.240966064
18.924024952
64.7023265911
24.3026090987
34.5144765274
68.040157279
70.7988535048
13.3245500419
130.030369079
75.1069207464
63.0843598897
73.5233093996
110.554999994
25.2942731546
84.2442792875
81.1704604824
92.6041095675
80.7508701303
38.6077297027
27.5781290569
66.0861361096
50.2563248876
27.2147230448
145.054895829
29.1304537759
133.205772102
57.3647046201
43.5905415013
45.079368855
20.8414630861
116.632671444
296.896688966
75.9143329402
82.2048316361
100.49191792
73.6952025554
276.881243595
157.914795094
53.7321274228
11.0563791055
108.659921092
76.0945098847
87.8594505888
83.3550513393
87.8258088818
205.939762853
18.9151549878
77.5874923855
73.5840407196
141.232973622
102.059587252
61.1935554613
39.4278330324
90.5045391757
36.8699689035
58.7533840093
82.5578179034
72.8567866747
13.4861779699
21.9749001541
126.321797911
66.9970071282
63.486317304
30.7633641537
79.7913795876
126.353017887
102.102576159
77.9946646547
177.560295875
86.6817589503
86.4820175315
52.7718310465
89.3098521578
61.3889108664
60.833686581
37.0874630388
84.3836348923
39.9634050835
42.5534758158
70.8675273357
56.6324852588
19.5198808108
36.4750115564
58.5184254715
56.0800925732
46.5835861084
73.2671400487
73.6001371922
34.3700358699
51.6336376817
42.0199232863
59.2642416011
115.168828329
62.5529975108
103.107926369
76.6482607278
65.2871594067
52.6731087039
128.376490912
46.7673473002
70.7681832545
354.687302153
82.8930390674
69.0663682011
73.7897983935
21.1458279701
76.7782040416
35.1554474222
50.9969918078
62.0426965038
36.9286846299
96.1683566149
73.1630598921
46.6869657193
50.3046945223
113.23844432
54.2343847614
85.0304243962
124.292717432
75.9524155919
84.0582263978
55.4923599814
50.8213168872
47.5292269478
60.3874827772
82.2770048457
59.2227470178
145.664173955
30.0425547691
85.3433702823
145.250826569
23.6277675348
130.438674639
70.4411104694
170.905885282
65.0524107562
54.3279207276
79.9696120439
78.8158953021
39.9664582777
200.223842988
137.900112199
45.3453483195
55.0295037347
74.832517028
37.1980631596
50.6600212154
82.2546835182
84.6712058428
136.36124766
68.9105947345
127.43466558
68.880985943
58.013122974
153.125062914
63.2347108472
68.8575078035
61.7211336422
55.9245694675
60.3172936668
142.140636071
112.360964529
59.4097433069
33.8552019679
55.9334486316
58.4646908677
13.2516668516
152.235974873
43.2154153398
103.922113408
66.9564200919
87.0963707346
49.5813456201
56.1860722488
58.8882149658
62.9952979087
57.5947671187
56.192485717
70.5501320752
40.1477524678
36.8914338899
51.5522123977
19.0720948008
51.6150004798
87.6258830201
58.5643883166
73.5423166171
86.5522376964
112.340928334
43.1168073909
56.1430579311
53.2244825131
97.1303367201
93.8911503411
151.986677288
27.1552450945
63.6057426345
145.327743633
33.6389782284
45.3987007863
49.4442385251
12.1103310126
88.982215535
14.7901761167
101.648697764
56.3635082256
51.5911125011
43.8671279078
104.168727402
49.5366137137
73.9361100104
58.0635560281
120.391962775
62.4960780816
37.2560968985
54.729617909
22.8524637673
44.7880388543
76.964134779
29.0702470069
56.9583052197
36.7153495837
58.4547237041
235.916563092
215.955254616
216.085998202
45.9865666922
80.7781018025
42.9294410816
62.7509323872
82.4087627936
55.9955601383
74.8921510852
47.7820674285
60.5851197168
20.8314791051
99.4965224188
366.163145878
75.9326744967
30.9306465311
150.037733685
72.4022698039
75.4867762864
43.6279288336
55.5647825578
15.3482317376
32.6806775632
60.5174330419
10.1384357987
44.1119351245
91.4272083919
109.952728797
177.349007546
167.757744156
62.5407906114
109.791660508
125.807720757
125.574707198
150.77560029
76.1813768068
34.3896819304
23.2255914466
68.2551588601
35.6322753269
31.7899899323
53.4670973413
42.6061227777
47.1276587776
140.323265974
90.7485409962
36.120016869
28.1813717745
71.7345872078
56.2165786531
115.77038233
76.2253193886
76.1442623799
41.9932717841
38.2683350125
68.6181809777
176.197673433
78.2804222695
82.5739207796
65.5139072594
88.6744373158
57.3287564536
24.9318899752
139.327858332
123.706628326
121.106333504
18.1596616652
21.2645960512
44.241914938
52.2289225333
68.1236701916
37.1101875808
242.130298205
43.1060180011
93.24395127
78.3989580629
61.2715240661
60.8830011022
16.468469768
49.856603161
30.9245852267
81.4691409366
55.1869044993
83.0880377864
105.027167196
73.5004889203
69.7411976109
229.344513996
33.0187024285
84.4136784444
125.813828328
80.1162038898
60.3552176427
417.823780252
59.5942270797
78.5714940571
89.002142012
55.2035959974
279.132295086
24.5170337909
99.3643916605
115.849750975
112.121873711
22.0725662803
60.7602148911
68.3035382545
58.9039057219
28.5527460034
39.4273302285
24.9420931198
67.3883299202
43.8256088124
35.0795111367
85.0427737329
59.4444132904
99.8663810438
47.865560743
94.7245582987
74.3272115372
43.9333624982
99.147980959
25.2850579453
79.963110819
58.9073843955
70.8494020197
33.0743642919
62.7321680527
84.8177754887
73.6979536173
252.941499625
52.5594817851
88.8710822653
179.367560548
23.3664588676
81.7930338942
132.802500175
69.2037877179
89.692401803
129.206526325
62.0828714241
73.8909823756
49.5768472044
46.2119311213
57.9778736408
55.489523243
76.9754732742
70.7112841198
39.750968968
147.916383309
73.6100139811
72.6332837881
65.0430550448
175.307581654
76.1210770971
24.2485511414
63.3563379639
108.075084685
167.14803309
68.2039718737
62.2211711538
76.1156305606
123.788956249
18.7459204675
51.3555905118
53.0898716405
70.8327012461
64.2139785166
133.767260634
142.101253835
121.953347579
70.5257815065
66.9606511096
87.7209557393
78.8085117249
72.7012882819
73.6757254267
28.1937942848
64.5118529795
68.3130706162
29.6226916605
52.7941153659
115.707642886
18.7920810661
63.1472265341
155.296979274
18.6195672242
37.3271173853
95.2342056623
109.774878575
75.56804907
70.4547302334
98.9265345427
51.0970857766
28.4978798262
85.149575993
16.8299202626
149.58908553
32.889988554
54.4847690102
125.336847778
64.7995877954
126.020684044
81.0663525383
72.9141286897
64.8584931441
29.2702850619
63.4576288089
52.0033660683
68.5393830634
46.736076709
81.2191538528
102.240802821
81.3377423767
38.7821783202
42.0712722981
88.731254156
55.0782437111
29.2034886485
249.449845791
76.3073359937
63.1946233705
70.6659877063
66.159569694
198.642793877
27.5563582964
34.1092706663
33.9179665671
76.9072155931
52.5627738409
77.2140197651
162.417270732
58.2324057596
67.8775280369
202.876703058
307.953819246
62.9223174907
82.0946114071
70.531630199
46.6737217648
76.0358419005
87.2604987639
67.2227178209
90.8213690747
61.2962668296
73.3371048207
106.013982511
38.0518038447
111.438642779
67.1209052061
92.2551794381
25.7165676107
227.004833383
72.5481815824
43.5127935936
77.1249773889
70.6546164621
65.2086516519
143.406609646
45.2981070933
18.0544329789
64.9348364729
139.790982315
19.5123709894
54.6127505694
196.11063845
22.0422217146
68.5348808849
32.9678562346
67.6047454254
75.4027542567
36.1653334134
83.2025048702
35.7599337206
29.6373740354
82.0087709172
45.1239466606
33.4254353867
43.0818984825
369.575526716
70.7378109322
8.53534942613
51.7671520682
539.42497455
27.8339967431
95.5500744188
34.4406640052
54.9199173245
76.2947103324
81.9042009314
60.1789993796
86.8513126404
70.3296175431
149.708330063
84.9532757958
77.3610245853
68.0114088202
30.0108956984
52.8555531497
75.7662654418
107.798939954
26.2891643237
81.3719878534
37.2305422554
33.1190804325
66.9151855968
76.0140898721
80.2869231436
59.0785730364
18.8503313816
72.9267259591
83.6081225726
46.9231136957
62.5393776037
72.3201402409
40.665399186
79.9414804865
87.2233447854
117.488126334
60.3406930092
63.4318445576
75.9598920982
36.8957456177
49.463447243
42.0894746125
123.024025008
27.8019944279
54.8625362045
67.0092448076
26.1341386487
45.6550510102
8.88642728816
66.9850365953
42.5136745509
57.9976250288
63.0659560425
16.9404058156
46.797668762
46.0319977169
62.686523301
73.7606228363
57.5223424108
37.0832299077
37.9557242905
67.2283172252
56.3628876198
58.6241703898
57.8785204825
34.9610322492
166.730556484
67.7841829218
32.3973136244
59.1234272557
44.1292443972
66.705547727
438.178208762
102.106384551
109.498783652
33.8540897805
31.2736307533
46.6218654009
64.5159126727
351.236021849
34.2029255187
35.4678908439
170.346398994
86.6624077914
67.517685815
86.6373667507
77.5187333654
43.8144997522
66.9968881409
54.1147550579
114.54628119
128.050674153
73.5605960695
72.6208950315
46.9179245978
62.8813291648
154.865933707
12.3180625368
44.9185715393
72.8115416721
83.7360321537
65.8546664642
77.6513082643
59.212609657
65.0900686041
28.0703384384
76.2060909183
70.7714145724
57.5448179828
88.5055765423
76.6223987045
71.1104976044
84.514786724
85.47376898
10.9674987025
196.243755856
111.576958145
137.650259825
87.0783575137
58.2012522238
167.017860137
62.8008076576
46.1046193255
38.1254070126
55.4379580476
73.1200060266
42.6101630432
66.1761221321
86.1225899645
46.2408878718
80.8945900893
19.6778660659
72.3881531381
37.2551869738
63.6334306704
18.1005233556
53.1261085705
109.304771682
26.9884979024
169.631207039
58.3134607858
56.3285061455
57.7890976767
49.2628057647
77.9313603603
43.8088742957
88.6040014019
20.7949297591
66.9575843532
88.4253736156
35.7923357348
159.132458999
48.7255451694
51.8729852871
120.984439524
39.3796371034
46.8039859361
130.656792648
40.8816888038
61.4188501282
90.5809835284
64.3175858279
253.557472854
53.2281535481
22.7953665678
54.8421642109
72.7993010764
77.7212725803
98.7231549138
69.1091704948
65.9104337621
32.686823126
72.0917571749
41.2911527199
95.6345688977
65.5313315725
75.0475799959
86.9303687962
42.891237305
104.155502234
105.862157586
67.455702232
74.8884768783
58.7677201553
12.9597494688
46.4118266934
391.45761616
32.0185628083
187.980218748
109.496960378
44.290899963
77.6927853748
81.9821357044
65.0589584208
49.0761466337
237.919022831
75.3377160232
50.1915898389
105.617626704
57.4648107083
41.0526836873
89.4196218903
52.4147276374
78.4953727299
101.609206811
70.4223078241
94.5594971965
14.0354410771
61.8189916918
53.0999945576
78.5600063001
81.1646643424
41.0913487304
83.4315511556
173.293472718
100.38299643
54.3555812867
20.4224111362
49.3231124761
37.1536657351
155.225169683
41.2005441609
62.2071786829
49.2355275189
28.3865581619
40.5757505939
169.168949502
66.773642499
21.2146971547
67.8898204697
80.116049367
15.5093158045
97.7198701654
47.8833308381
46.3486036557
70.5356540182
35.6638316611
65.0475292833
46.9167009429
77.0970570742
58.3485452755
56.5093263697
87.6613735921
29.9729325958
63.5807621268
88.7832983797
148.737964946
54.6727960791
79.8966363589
106.338149445
82.3322045159
54.3941310012
66.1717769945
34.7506777674
26.8714145253
139.432672589
62.2991634505
102.541711677
58.1834328974
39.9125732361
125.017368734
80.9086134393
22.9225634651
73.2858597041
60.4708218305
29.865822195
72.3612967054
23.8465380252
23.4267500811
55.2706772537
77.1236780257
88.5846395076
47.2133800319
102.787732197
28.6743610098
37.7323974284
49.7206067525
138.899371674
56.5801921437
224.819324218
42.4857926488
56.6321244615
140.904069088
50.9492865483
21.9653411092
87.5095936492
87.1762004928
67.0648450855
51.8031856776
143.267306762
58.2248375326
64.748298095
76.5163683781
60.4622321268
50.4466667573
177.564780959
104.784259498
66.1569584913
51.3364814544
24.9842497091
20.9881263643
22.6463211142
83.1015800417
50.9672440357
122.81406516
66.1223173227
25.51992664
14.6340101555
65.9710358694
134.294727294
66.7299067809
79.8840189019
81.0199218043
77.0979940252
210.884888071
39.4790726509
80.8501665094
43.1365446979
77.3516682817
63.4398731462
52.3342711833
108.640460449
94.3309481459
65.5495348043
88.434590606
47.5116629703
38.0786303042
102.152221323
96.0644810418
23.3845246097
87.5415922381
47.8364610716
103.819335147
38.6478700926
125.363357594
58.322508202
49.1432941878
108.455949599
48.2090452762
152.013966613
16.5314791397
22.6204474216
99.0721285134
71.1502813945
78.6649533217
25.7180004833
100.57123294
33.6639992832
88.4454628771
208.255469319
115.145896817
103.872455457
75.895073803
117.860702391
34.2520906274
83.7080275342
71.0992564547
40.4516767963
39.2498128763
48.5644778274
37.2085933321
84.6041705934
66.0314252776
69.3793012201
69.9353860505
199.703008297
41.5733309328
213.120921262
64.9855773577
82.7088161239
37.7573312658
76.7478918477
42.8643770569
68.4821313996
142.937497063
90.8997993665
62.4096774923
241.601937181
81.4651256186
33.8066141658
123.46076682
112.734424458
32.248003925
70.6699024555
124.944397889
146.151662237
75.4583519145
38.7237379119
78.7621191556
48.7782760534
120.1965079
110.433411568
60.6645218365
37.7274780618
54.1495183644
121.034264333
72.4953146007
35.0142768819
47.5216579762
52.1691165994
48.3363633916
15.9174987306
44.548991231
24.5709347827
78.7298663243
162.889951932
78.990877073
36.7405459055
241.844129637
42.1656232147
59.6741502814
69.9428990095
72.7123922938
38.1650433091
23.4592800924
37.0568421269
37.8499217639
160.688855937
46.6954995643
39.714231027
86.8664986651
34.1821404656
174.398393208
75.9055191125
52.7173273072
24.1159424399
94.4300043219
99.3315471103
147.324225192
104.866582958
70.0077071133
45.5673258119
60.2057498108
97.0964456273
77.8435478952
66.7647068853
44.9508793265
136.727232494
32.1967707073
44.32617197
146.412526548
46.8326600172
39.2880850156
68.4618271304
32.9870145856
35.0950316898
821.873295291
167.786396834
85.6150835752
279.451109061
27.2189355049
19.3094026852
37.1444060191
30.4904686331
13.2388617434
39.3024151948
56.1588812829
280.386772066
79.5506655264
219.722327594
36.2532873511
85.7871934617
69.3165860727
70.275842817
69.0608890082
71.5605116087
128.954195589
38.9716659705
56.0380264066
78.6222033836
61.9590378358
208.672587833
33.087804815
70.6284026803
83.4020723332
49.5893414746
31.0530430544
65.9513149916
37.6231748909
86.1543826902
24.1972578975
41.8122946311
103.978642963
67.2330020683
72.7134856476
16.6413884026
41.4103194415
116.459167181
52.0398935112
33.2236355628
23.0955374627
51.7148654325
77.5170585191
34.307251131
36.9174637139
22.7775588793
67.0422885133
68.8229889203
90.9813009415
84.7217679853
29.6601202821
63.7193692707
67.8532807898
27.1102538743
46.5799235433
84.4294462446
55.5768628687
68.0462348096
107.563946747
35.2271352006
30.7888144811
57.4008024027
29.5955953192
20.4056543933
63.9954513493
87.020844169
34.3475420434
92.1220355285
105.575885277
25.3704765658
31.7744340181
79.6980428497
103.154410985
68.2332382066
62.3521421197
70.5372775705
37.3961287932
62.9996307729
47.8315128403
33.7384849428
84.8541174483
31.0283601294
86.0638087551
70.8442887391
41.8640024709
72.8889889094
53.0302690459
43.8109632104
82.5130756849
52.787305042
64.1072816376
37.4554469201
44.6520343659
73.1254004128
83.9340190529
29.2240714602
83.4215011681
113.753780747
63.5070501363
63.1392006315
84.7327406946
64.4962730518
40.3135291364
159.767036206
83.4114724706
55.875763347
99.3620362166
81.5958597569
43.7175364975
74.0276166749
84.3842099089
73.8570901896
113.798293109
242.588898584
114.039231393
66.6195972366
71.9819785249
62.7752104406
77.0404427646
80.7545357235
55.3455367924
31.4879818698
59.9386885397
40.8401717664
141.560872266
66.1611640672
35.5490768497
92.3974861323
28.8165032456
95.3698540288
45.4725278758
59.7252232286
74.282697895
49.760386246
21.7484785783
83.8703635173
118.253954934
60.4802235644
87.3946942203
26.1120678612
38.0399305781
107.391140828
103.487692889
53.9516213588
69.9267138187
50.697463325
51.4130747871
59.566212113
14.0914508015
16.3939177919
121.545463812
51.5026284368
14.0491388134
39.4355708702
79.0669341125
154.090309279
82.6922816804
76.9762477981
42.1657527748
14.6533870107
