178.452937042
116.145686923
200.071009633
134.953629714
310.661669536
393.386459017
348.594144666
713.406807756
174.671866257
254.95470698
157.889129375
410.14253392
148.661397122
164.320971416
173.190966565
982.445687486
265.140168423
550.575769147
191.214434961
185.583093196
197.34805596
131.019848326
214.485915519
238.620551726
173.409857475
161.020880639
174.096510215
168.107066301
121.089807924
216.450957494
418.355579531
340.270325634
217.227959881
147.142746735
217.633793951
256.459163884
193.896341953
216.980277632
700.957412462
167.153201974
212.353199999
145.339389624
199.43115522
118.879176757
138.029617288
304.330138146
137.724619306
159.119483584
393.088949911
155.413450057
320.658195896
296.926556563
168.480504375
307.328474466
171.729910115
206.92295962
372.334103554
606.069356375
312.86420728
163.142183199
241.086152824
164.678650735
176.85165004
119.118636681
179.538100855
155.179080988
184.669031644
127.898405745
165.408187168
270.773783498
203.463208596
261.42095856
157.171389811
216.045772923
173.337973039
270.760064245
201.860992517
143.086865926
361.071802726
188.326076448
103.556265579
141.497783365
150.161770361
511.632926456
90.0523722155
272.890594582
166.172862357
347.859905626
175.188867802
170.711854477
274.711958347
169.705719192
315.455695753
194.216729553
191.264830522
270.625508813
175.391944446
94.4465162352
109.106859196
193.83539046
311.908729518
164.570995426
344.59125029
213.544303983
167.356206509
153.714232552
162.296491397
95.3168776676
137.825051996
192.016517796
159.709856325
813.426182906
116.067002271
266.969536672
217.428870169
268.002019904
167.834233778
160.398178664
171.429224551
199.893113963
173.841078488
204.186112767
269.623096949
151.298528143
167.639405514
168.261638323
176.569529119
168.452055919
181.092919786
162.224246521
154.297832241
611.78424175
153.13343499
172.259222485
184.680880119
151.896435858
218.69240768
471.730987784
140.283136535
420.112516937
160.536564909
187.570241279
214.543325459
463.861058529
157.78102858
128.750184828
168.292012663
170.394607883
165.595391588
184.542765356
198.724777095
140.78922465
165.390106136
130.70856256
174.510943803
226.417168905
185.213273242
121.354841791
596.878902598
212.758139956
173.699535576
200.432953016
270.443399171
429.347039984
194.78959235
204.190843829
871.048590524
141.304824704
202.118891561
674.914531923
118.818450711
180.125069913
364.859212848
130.599958059
139.366725099
305.795514438
283.973116978
330.560346277
149.342692714
168.752839734
171.709441845
163.506787278
143.219055465
150.041121618
168.350588061
155.293506929
184.373713344
202.426818214
140.134666316
682.213294054
139.234285928
844.861107081
152.185983223
176.626800908
196.361089101
183.895147775
278.36508576
198.690811531
167.677871027
271.159093353
325.674735232
873.455918518
129.377618848
154.199198871
155.785625472
219.320889178
184.902128552
525.122357739
106.193907546
174.11265596
147.702635068
239.690688894
326.857634856
557.301753282
482.001474229
207.133626529
235.611312471
193.316766577
151.656303935
157.952741476
170.899027056
204.83179368
478.144885561
172.148454794
252.476018858
194.251104214
193.875347604
163.343270192
155.998163038
167.241776332
272.315559565
157.493841508
552.072774919
189.687250909
319.640394247
184.790605813
166.579116244
217.088015817
250.989237986
174.59100398
242.109789044
186.946847069
130.427241876
146.574750727
196.432240771
354.121438122
141.886860848
145.038358243
195.737429634
215.262994354
378.13147323
204.550438579
138.887060182
154.711560967
294.792849471
146.785698864
105.640429754
151.036930149
139.804136728
131.819116853
103.736717342
160.219409557
160.279799466
294.500995535
401.276536896
300.8576791
138.723086772
233.314797829
145.789163777
138.114300846
129.39173666
303.219786002
292.814023042
138.802055757
210.143831281
156.043215957
255.416172271
191.165687758
666.087622952
382.629889608
178.92625885
314.162171274
148.293667408
134.987512881
230.451829864
548.591869787
170.152387876
274.320052056
206.314492172
478.201718772
731.732965099
171.082511881
232.992254451
178.023483091
247.197096043
169.788145679
165.781160855
800.509382739
178.173567209
161.679842876
105.142992303
150.857092722
166.77990113
181.687744245
184.628690015
416.749319093
195.467027969
307.763547195
159.90966054
180.627793456
160.103553131
161.067049752
283.766041943
110.943152098
215.345756058
285.310505382
190.020636843
237.126099266
161.577082056
168.106938301
148.964067962
172.046560143
356.231159187
167.62002087
169.793099616
107.74915478
168.217068074
121.023617401
165.047236448
570.723677413
118.181436258
199.352109185
142.098297151
100.686986724
466.64228093
541.220843482
111.943860046
145.025466153
147.724827951
183.573477954
314.258639444
168.732180734
136.56807402
283.834968714
325.393005353
171.031144614
184.76698623
191.838063185
143.64799024
143.583601496
179.369479192
225.5871657
150.351792591
167.186165196
210.204342976
139.905298556
166.247674886
163.027812306
171.226016672
522.237140879
165.769454302
223.82073211
130.801495725
174.600826337
173.136228183
212.24953218
166.674066717
174.6801564
192.014605227
663.701500318
127.527155052
176.189732575
180.000025294
161.830615299
146.387156384
143.174332161
193.823822496
236.813261362
177.639713693
179.604670414
227.73959036
157.392703754
343.534882065
184.919007183
1126.01434951
273.978706169
303.018159099
272.933985539
526.574666062
168.960069396
222.567741736
166.706811466
154.900211265
652.485658574
179.072039792
178.618882221
167.700091217
201.484141596
132.090108752
216.431157045
222.329518749
114.017544198
158.690728812
164.102023807
449.566883499
141.697735686
295.039565503
159.480034486
348.195312257
170.203094324
175.564228769
209.485760567
281.81855002
196.413578738
117.408760141
240.157056564
198.774831103
194.356989938
411.688681865
222.829084508
150.261141114
173.206342587
202.771946247
158.958654495
155.305748062
148.894339119
179.493908107
158.227046517
187.863861952
188.681388353
301.240066835
176.438736831
137.620700809
381.751365597
182.547506932
95.1938828453
174.40550955
502.261667287
126.343755413
180.303596244
158.743647542
158.910630166
165.327312782
137.3165945
223.575814115
276.067678352
504.139768905
144.568534937
193.608252945
384.71277997
292.554236577
592.725659346
188.312965324
176.449220083
108.32646883
413.456778568
479.444143181
182.873491339
140.449323713
240.971836453
190.499987197
282.867716415
169.011070147
194.544629176
158.643139063
166.540366167
304.767831373
392.422773255
197.535530497
165.115245146
311.825056995
158.149461738
153.076826971
176.503653273
155.735119563
261.388908676
177.925053648
168.31829766
370.507537162
591.179079966
153.306828106
216.116460527
260.678663476
288.013192103
153.071525705
165.165604065
235.845881579
224.78057291
213.366453471
157.165591019
153.614688365
101.448336861
322.059488777
205.178594355
207.062427866
147.464078627
160.72886701
158.440948053
331.142851693
380.801345375
160.399317892
122.909824124
229.69972655
131.51259604
169.457389408
249.765569777
355.03104201
175.296160607
172.752164656
201.849570917
150.881870895
226.007297556
178.033094635
189.793420435
197.570405622
206.041049808
113.261878389
172.672349
205.836784856
184.182754306
509.204129795
346.367609884
272.751525755
222.895150621
130.822470085
553.524524085
171.373507551
292.233086998
140.307069414
305.53567465
154.391030458
278.439058049
142.091558424
303.034462631
133.0125836
154.759681797
168.205704378
335.858073039
167.766322257
123.153876475
162.184855833
431.115971268
221.667248882
111.994822802
179.442555605
323.663434892
816.391853312
182.980991354
261.952156798
157.050657517
132.692642402
395.67912742
179.68257258
228.918623305
601.467869576
132.267491763
168.136798179
168.716300201
233.66875555
223.493289074
116.921435411
504.731843277
336.578012455
236.045144391
233.071048158
549.360106964
162.911594436
608.726611056
493.67863314
698.418375669
152.038992763
356.499771662
231.394252722
193.845390315
126.510925423
147.495987712
372.387547276
199.077302099
550.088727281
120.385722069
385.329492581
624.570442082
179.011376193
175.046069122
170.135493847
459.694778746
812.822270443
545.757033747
140.245750029
101.447686681
649.266612944
229.766815806
187.963541511
148.455041703
141.930076451
109.15186112
224.023401457
123.242570105
137.038227084
174.233071906
228.645852628
285.734289474
183.985975491
187.956873351
177.541309917
286.141726858
191.789745714
186.887908273
175.774321181
165.78994625
201.721096182
65.321778177
406.925490047
186.181051058
156.031460492
181.039597259
263.696479697
286.712607149
249.912980701
568.891451431
720.478080641
333.208972177
566.97862119
244.559276057
464.758551374
247.1768383
147.80970023
157.270733213
143.09993787
192.142281743
161.690035786
671.386604455
171.26109616
182.626241299
427.67497169
98.8709939701
110.742361351
272.064416838
622.545008514
145.645110759
246.183011361
167.584963542
162.26725682
192.065989346
118.010201955
336.583621949
153.990058595
148.558996872
239.774138084
283.423964637
240.489856508
144.5849351
379.948277627
163.954031536
427.588958106
470.897661925
294.82301805
173.087776093
176.174537222
246.896553945
152.805359381
150.003007485
193.164118116
205.749350572
220.80844443
100.828000202
167.124116709
125.421170214
229.721362039
497.608105372
262.168186011
158.772423584
160.685524152
215.431829881
304.531296055
113.117276452
161.431747511
196.857421151
158.647107199
551.663995491
180.331437558
723.271159433
259.295265396
175.05719233
212.015701726
434.836337172
335.940060801
168.86629724
242.936936158
153.524701166
179.232592078
181.403998111
194.828448342
388.372873348
198.370329793
162.219856717
159.561682555
155.382232674
213.579062052
236.401997963
233.176671046
279.096382867
133.754752525
353.618285062
271.501304455
188.703969163
291.653390861
193.245466634
137.085546072
189.829820383
119.547827431
431.757342942
146.896334789
161.317940864
291.80760789
148.390906033
189.457482306
164.243774798
377.912859525
420.904208984
124.727830685
184.641960142
108.27113451
321.066696541
243.539780217
229.507941197
167.321064591
183.130558278
615.625768945
172.940116874
168.575519201
1337.16398589
149.277973489
318.63741894
164.674712517
165.621126683
178.464398453
149.160939562
218.912355978
162.881195661
198.496661907
196.982336394
180.310504351
242.004741079
136.772790014
148.69437856
183.65948768
162.390480018
215.962308201
418.477806498
154.48929672
236.392460658
139.489056361
205.079090022
327.224497244
239.725583663
292.096139359
233.05804277
467.410994402
193.634114049
205.977052797
297.307185792
451.970531813
206.746849909
231.506404356
154.523314795
344.06112118
174.14394778
168.75104761
357.299563283
134.923703909
282.08805226
177.998463454
151.037464781
419.165886294
178.063251688
439.197360972
133.178851138
173.285702703
186.351890827
130.130055489
665.958140074
124.617254703
183.523938256
170.452870449
229.530879141
449.458098966
133.079682686
148.981547774
445.648750412
187.965779913
195.210098437
168.146200251
171.246961629
251.98150589
185.451574258
175.739219523
518.550080025
424.962927647
149.775899988
124.247775619
293.565233599
201.743913743
140.752769366
152.392029286
357.095504445
197.081202613
489.43820863
181.425846817
228.535037514
191.270558137
195.199076943
178.683208031
166.012254571
201.060364441
160.330459611
334.396285364
182.839753308
170.105997615
144.043287365
174.52287851
253.286089172
643.568559479
258.456314824
506.819444596
128.248364019
149.934682682
239.184652405
216.09667644
117.851298453
193.589742581
237.904431799
181.657435739
194.8600326
121.566034003
185.337677845
242.503996561
626.942843294
290.195750512
276.331250739
144.197721641
283.13276511
141.480349721
161.053268418
218.200822396
278.748512028
609.324968421
180.333601614
168.88236726
142.283530432
138.775817292
307.797597309
447.384124448
165.237953543
159.120368045
166.651129127
146.759141093
131.674386677
305.719276405
174.952278787
160.057622443
206.233989213
177.505282039
441.323741453
194.062762941
286.772493723
184.569741295
154.053799985
163.948369121
166.304786227
183.391356824
144.715863667
170.534301868
133.068362876
369.139771619
342.83072552
182.320148687
704.687125574
128.98364735
134.151184011
174.43756173
174.356837283
148.654511058
117.768000457
188.931858777
191.564314057
167.938700881
155.3792395
163.716256922
138.828153618
205.869181143
575.724063081
178.933155028
328.783050812
220.244284035
312.918127439
168.278524842
187.083322657
379.625947787
152.81718917
400.233174141
179.253941024
240.691907417
264.970630358
953.607064931
199.997926926
239.419434469
174.040881428
138.21790821
101.714852449
159.552684723
521.651141283
285.732338758
167.849711994
143.617908754
178.989507766
118.088391415
136.762306737
189.315163252
176.377055045
220.933012876
93.578986656
147.047833374
192.135727577
199.977161469
301.078658699
478.259181617
150.708667624
145.690492349
151.218437413
107.884543013
188.057414305
155.872526976
192.962243787
121.841539969
186.649344734
186.128628976
270.264473182
284.955397869
171.250169042
236.366300338
161.556708564
134.279456579
404.497637863
123.343499236
260.938450261
185.027554254
227.100143735
170.253000129
192.982837136
619.862945469
114.770408845
207.133779749
370.679014818
764.517902238
195.980717128
185.537860193
165.361166161
180.708998587
187.025696524
202.647458392
142.858007088
161.386331171
401.588754139
225.80704601
158.308052426
1186.00442918
243.616279733
136.278398641
206.3878088
139.435183232
178.970077585
233.110420304
138.629988245
170.222910402
129.716674825
193.852903687
656.505767351
206.233186195
124.981986551
608.716402408
180.41405526
171.026434388
251.693024125
123.744165026
190.864520895
190.075444139
423.173685412
161.769899207
171.514584068
172.610906437
532.634156155
172.786218051
185.358654633
194.533289527
287.484391156
427.249830391
148.796890315
640.566080742
215.67232285
293.805320863
273.425670423
160.994898496
152.151969766
155.677663592
217.373951442
169.521456028
202.859013533
126.515614917
208.458103156
160.851867896
202.834562774
175.661020871
708.672931341
420.845557274
152.277074066
321.110477165
149.766820834
202.81187773
158.043074556
121.33037849
144.586814395
199.315340837
187.558460854
152.96151624
207.686520226
229.513575041
163.813920729
239.672982144
454.159810562
163.931410136
264.812188979
185.016439959
165.137612164
1004.05765343
326.585943128
479.080734445
157.37365607
248.360448255
318.241300748
162.442486629
228.748408162
271.825332064
186.498649199
157.357418094
110.871916251
331.622166005
183.231226881
244.20258721
224.158781875
142.156282249
152.970038571
399.129769882
203.407634714
183.554355334
163.5818474
164.546142276
273.191323242
162.080079915
217.998601952
177.112196531
195.465361264
426.197961816
159.218666536
187.985611449
168.549292976
165.983647351
162.102272448
99.4488769431
180.899672692
201.854862154
168.483358608
156.366958637
413.247907421
169.900211767
330.252969653
240.714895742
128.962731453
1326.48732246
332.326025612
143.240005618
1920.56622416
356.468599936
291.031213832
178.852095189
468.982506978
301.050945072
189.186966073
224.860520069
244.735677397
134.560820057
171.186534306
585.156579664
133.237070567
267.807137811
150.447127586
659.582655028
452.291763369
157.762701466
152.101077222
221.638323152
2212.55475401
151.054731973
128.277850821
195.503848849
440.261926999
168.716504039
256.686721328
114.265004328
175.648267667
172.3547571
1039.88719684
168.5134316
162.368072556
274.911602051
233.194562077
218.657725592
151.215910741
177.206123879
149.980340705
157.026437949
176.162101583
365.801850868
542.783913931
136.627820714
209.984523524
129.328460136
307.724933171
309.908677462
336.647300157
140.342799791
245.531054718
484.100200506
817.086413384
185.932043414
154.813203449
168.891204908
247.28986042
174.621044499
175.349250913
561.84030441
461.107161076
155.505870638
328.858168797
159.074946678
174.515471824
564.180496727
127.139374746
140.895548263
152.143001578
146.289417779
174.401446768
169.492780436
355.441133178
147.80056543
139.13924103
210.98428233
136.075236308
152.910334987
249.166637448
213.617686756
136.985314805
184.627927899
198.332028634
477.614970751
291.909333025
424.337635296
157.782557704
250.351552766
297.864581721
275.457816933
235.937339874
167.716154197
265.062522891
474.479865068
195.89206862
177.341946973
188.383278678
141.710194364
240.137091843
156.702956884
133.767494636
180.174760445
177.317576349
430.308899969
213.108484438
204.871289031
167.998976427
156.210581341
137.084219756
400.926090562
161.530662954
177.758921906
118.303304681
193.636124957
173.051148876
176.539032686
276.873867943
250.064077366
191.575399879
147.634781632
159.903002698
151.217010089
345.238921766
181.002098202
175.417065494
170.569318395
738.488476985
248.568905298
140.664003466
175.387694174
175.353786437
126.142455699
193.705889043
146.222486431
123.76173878
197.482936565
144.381353753
143.844094631
168.828205843
156.873685728
219.731329104
152.240975246
151.869230073
244.375057943
100.973220241
265.635065043
445.800065532
190.262055901
253.556600208
98.7154065373
205.596813126
223.608868564
204.523018352
367.018396206
302.066757059
468.575780192
212.940150295
532.41983923
232.858330238
121.02896481
211.568411841
244.175983944
187.036307686
178.572980196
189.63243636
178.121117843
161.801796112
187.579935477
325.202998882
173.829140808
177.391718589
162.635832781
134.378387707
172.175822038
153.534080982
312.611444772
147.517313503
159.537329478
163.753361321
161.220172424
180.80125636
247.224984525
153.665053827
153.879324135
268.58817279
209.849792958
202.838800021
262.625247613
425.795797724
378.1249673
111.726798597
160.782007147
162.161806565
715.265470374
340.894696891
224.91261662
188.418338622
171.527075952
280.628120537
163.648510779
110.492618472
199.750741079
176.725026713
228.756124677
245.255809972
278.527949899
181.909330831
180.547011473
162.333465741
198.601586425
298.648130709
175.382020586
180.017205627
211.663147106
282.999678652
369.60560459
148.747856655
177.447556276
218.044942935
881.3070698
218.404103908
142.717194984
146.854993907
224.391748835
214.930970905
336.452648159
804.367117707
171.832606382
158.484482152
139.517773408
158.808672838
421.526407532
165.083965942
310.272443996
168.56287647
238.455779545
356.37554194
230.735264177
162.954507278
199.984922388
182.669308981
178.849628311
317.582142291
150.127603583
160.878026535
507.302179181
168.811169106
123.68811581
314.549852604
148.539604602
175.070185967
146.792828416
352.480079576
178.410855783
174.169753379
405.634248219
151.268522785
330.294361807
136.362590529
249.897037626
214.248151785
159.319038478
128.829243456
180.813627825
152.788346803
183.90944188
217.062321033
381.764234567
164.591537804
187.465136649
165.707654424
151.606869133
202.504011278
177.61387538
178.173484149
351.247884929
227.128105521
169.335856822
151.819574121
156.85719047
164.110294554
100.340024834
171.604723656
187.837661343
798.738588611
145.840855943
174.08833158
174.714435859
214.791964302
158.138135054
161.023962485
379.46928904
424.41283226
137.581902849
188.793293215
251.085475545
152.564722412
134.479221008
310.410891746
174.097945787
145.918024266
233.367531587
236.752159933
165.910800237
145.126910681
269.992905766
164.996108928
348.400576314
166.071560539
123.906763223
176.474586098
142.619740003
360.301073971
240.69412405
157.764717927
254.541768651
140.173107315
197.577168441
223.699625761
206.107102185
154.939256773
137.787744462
501.976408261
336.851288677
288.0628966
195.61913176
162.082415641
185.389199633
223.140051789
161.453928232
65.7432117159
306.33768654
139.6101769
99.8375941113
144.719949068
189.239940364
228.472192368
208.927924969
162.297425279
142.686417981
134.674097425
294.389124169
136.457819654
179.610855113
183.005600766
251.449818556
149.193070517
180.568088972
122.58648684
123.378539909
161.259845899
160.774331836
603.497712703
157.161949087
234.304316658
166.597426549
145.466082407
134.927396208
541.122005625
432.909689285
200.198159275
403.113674142
194.184070207
132.895200923
372.324694671
170.72128171
240.775063897
333.612659966
114.931986531
178.773359464
279.003093021
237.324792809
201.090115448
214.650934301
309.914219971
168.543816056
188.446300636
133.990048614
264.666204762
238.181959329
162.884662348
196.488459805
148.601064092
212.701381578
181.350894402
505.366198618
160.874145743
219.204615587
101.160501268
294.594750206
151.740939124
168.160330659
142.585643364
142.95957945
202.564792147
232.355166211
512.552412845
176.311041193
146.65965768
256.679091209
199.407406998
91.776021106
171.038251545
177.514839033
146.476448412
193.041543339
181.436863764
443.084305364
195.500921984
365.366719145
186.875285774
141.214739981
514.750753517
139.347076082
252.010682452
288.561059262
172.796281261
691.977728289
175.83682557
186.669541718
222.941708033
112.165512931
296.564187989
430.927249977
150.872054556
171.398570562
209.945469979
247.83208295
251.489754034
121.43576423
337.874157422
224.720637399
158.395308789
174.701797453
347.124149642
129.80793421
231.834584919
163.202515074
325.876201689
162.001187584
212.45778198
164.983351989
259.206012
161.079879479
747.196482586
191.054092269
164.118592908
164.5186576
320.525618588
181.633552544
140.811812563
148.480017607
68.9565770248
140.613290971
232.916486211
175.523199936
135.353860985
203.504123465
164.927949466
212.744699166
172.184823885
155.734734909
171.676037268
150.823956711
255.795696711
215.600531154
863.942693677
124.752549519
271.962562542
319.126366559
159.263631598
123.044212288
162.339551674
395.8319255
361.202941173
195.910695784
272.050247309
160.089755433
136.802015632
380.938896329
179.209733667
152.718377069
164.901317288
169.504609653
335.501146295
516.876637165
414.481205973
306.569551614
173.279195883
126.974568108
170.783312805
398.557020094
162.861794178
503.882177139
506.692490935
419.010860033
109.727813704
141.299534237
286.216395001
185.380733039
190.178311045
228.173334412
133.494957702
463.647121069
163.081509788
168.65223678
232.939300928
630.692923039
144.596824611
262.332467564
218.985529188
425.893774083
183.862450126
174.323803327
297.488276375
158.104407977
156.600201953
237.230835824
129.360148739
127.771252504
130.054934207
184.384871393
159.839177017
183.626910585
192.384949633
293.350267564
178.117218506
152.849566542
155.865195871
136.164835649
184.112856653
161.467457996
655.004591362
129.705405259
119.224966142
194.859048757
142.793867337
242.613859368
434.095607894
73.5870606954
155.056320578
181.993567421
234.737544032
179.23600384
238.244779402
167.056302173
170.396390342
458.140465635
125.758969742
260.425078332
120.164306085
168.849770106
142.913533912
177.410701929
307.912669722
145.676654986
149.595831806
729.07913116
247.136962406
286.398339795
161.016141287
196.815692785
90.4501017881
222.210722689
169.462185433
382.838515626
209.352052871
190.058886681
157.646800894
229.176891375
153.401334674
173.979220861
204.443761109
206.800150576
251.096773491
157.564316389
112.936601448
353.091813604
475.055374871
202.749742283
431.245790768
170.979049968
232.70134717
144.516849602
321.475745565
174.7830584
514.082329955
311.797393724
125.390671844
226.245781184
155.921238705
197.284097523
162.95130577
155.708446603
147.453686144
146.962220025
205.19691314
225.105328403
158.615666556
874.184044626
205.303794461
149.580059977
155.640886987
172.790028514
168.034370855
217.196896908
179.856847556
202.887627126
201.281392424
404.77271931
479.223610678
307.314611328
154.284918349
154.435611876
172.818739229
148.310145177
142.331828872
174.300234856
194.704426782
750.919352993
136.598243701
169.540505967
153.908304579
185.248229502
121.437636206
261.336022314
368.356381123
224.442613596
171.956500738
157.098406838
165.755237868
329.28506686
182.143729225
151.749015154
249.421785119
195.834917567
155.082824135
179.256423874
450.450941119
237.111723738
175.598503221
156.088079079
133.045350307
147.737798215
213.253784733
322.120308624
1120.71893978
161.306034635
138.291853924
160.112180668
308.515731059
217.799229402
180.269700955
322.29889659
161.40207032
125.874265472
144.951102067
166.290559091
954.467085135
148.326050203
180.48942773
187.197248791
164.67833074
172.686351682
209.7665512
131.969525396
301.865601495
135.562845787
265.298869082
176.693469773
167.579590818
176.499531206
114.674144275
179.606120969
157.499645038
499.723776781
85.1477150866
169.938494904
199.186335059
152.482943601
179.15771256
145.710492402
145.879961825
162.247286729
155.33687768
179.063920938
144.300563582
226.932591004
175.715826086
121.777442232
392.998601378
166.327450904
182.084078197
569.744792334
160.456715304
174.711097886
221.442440993
158.215857392
104.148150032
173.938026294
164.702595445
140.711212076
358.20412737
495.594462851
423.768915066
125.569265995
171.630652104
245.031080516
181.033770382
172.829671442
295.904499724
371.999255173
220.054687376
155.327556492
130.713551555
203.796394944
249.588665764
141.150868677
185.633890296
152.760234033
176.334164706
238.438653415
173.807269666
195.690742206
514.620957532
146.159605792
520.290157638
238.062481014
247.020868994
143.352147813
172.228505834
189.985454441
260.785592318
162.378869524
284.790518907
266.594631493
108.167482283
170.783714726
187.220183762
297.458741244
138.158539632
161.734523045
148.295734365
104.451955143
167.711662774
140.49339376
140.777496957
182.290979802
154.729589274
160.911335477
214.974122113
205.231956099
209.107299009
178.622409697
157.209433907
108.00944249
380.581343395
186.298338214
247.997753086
208.651435459
241.692863246
291.09404527
238.489548886
401.830560048
160.034630826
150.310259257
126.659247569
141.820331123
193.580281198
142.239501339
169.582229258
250.046869056
259.01881893
193.434029838
140.376470048
132.512698898
238.268835208
242.285207984
205.377843484
101.798181079
406.706824839
183.812842297
161.960549063
373.622994951
135.108865043
166.879734057
165.61317171
510.593712293
127.969661493
168.180578533
266.952385826
456.916731192
202.608210366
169.520763214
232.757832119
333.913966493
200.578775349
341.579124649
176.160006653
166.611402985
347.04903063
350.933406305
333.132375754
182.516561358
76.378588705
200.177880067
524.586815154
412.203751987
109.446338783
138.908171621
173.514757549
170.1197222
138.92963178
165.271959643
177.425956995
291.520516172
139.996524239
156.04722015
133.115669445
259.916093841
93.7879525106
165.522968973
248.443731768
304.923904257
812.686791764
151.170461205
621.732091411
127.343647528
156.446503984
148.745105764
170.135614616
532.378511872
182.847314777
111.970833563
143.098365699
148.313920287
83.0623473512
289.262142545
214.221809266
149.831157096
310.133129319
126.121191488
189.843872523
235.228331248
188.85487157
171.971446173
167.334155408
200.479522648
189.040273346
193.366369424
168.962126935
202.663625686
237.017427238
157.918470013
113.235544204
145.274461237
335.287839307
155.356924746
150.960601671
159.831730967
343.547207806
528.993129834
185.564413217
172.818361849
151.200901546
175.198666034
151.588823764
167.624129897
196.300428385
146.409356922
185.663089042
238.93373464
436.588250571
122.728760722
311.856406108
95.9763259834
329.095002893
134.381916371
129.847185216
341.737598121
264.287640709
106.465236525
170.678706507
252.092505107
183.591323297
191.927294561
375.414167071
337.284505709
196.275956114
157.293897752
287.727074468
173.820201432
213.383986324
127.25996563
198.159977154
513.193531439
211.044878599
565.327209199
151.891224283
167.350735492
273.191045374
167.001125635
209.627804876
459.24286747
218.274601271
264.569327551
305.613532918
153.677114433
367.55699414
131.058295014
136.291438343
556.084708334
189.492683232
473.42643382
175.199610297
171.838745099
297.22027999
454.174718486
372.789200269
327.826849117
150.430261904
192.110973182
161.994975508
121.827615235
421.567995272
251.744881408
183.672741582
185.272011817
310.569535363
124.227337329
203.49996312
193.146076814
182.489370958
264.932499974
156.301275187
184.192539021
217.096174304
264.76631894
171.781321486
174.82203277
365.323158363
135.871075358
222.467283143
150.048473987
168.674983805
151.808479957
173.946860683
140.572794585
539.464788781
500.662677304
214.416990821
164.14864707
565.439062411
152.97329343
317.080844207
260.748894403
176.828181279
169.683224505
191.543427689
179.064863951
163.007397274
219.318135849
201.143367353
79.656806681
251.910860107
177.758678389
323.925322121
278.679546836
145.316927053
168.557716315
272.374506566
164.182872058
157.586453205
175.961130187
140.845311939
305.68450423
234.670239025
159.515115126
156.530759992
165.683055534
206.563596429
638.373211768
184.489439141
838.707653892
147.631946809
122.621123896
276.049770784
146.36064951
241.463295886
307.367368047
163.817128951
246.333097578
233.506729363
190.702385513
173.725700944
305.069339965
181.618371503
273.878734051
174.352336767
273.735263616
145.509878507
192.164434261
132.534539649
367.923185049
137.15153125
128.178288756
419.577605213
173.964352188
302.228766006
202.814071558
292.641409
110.399792487
398.144323331
166.891998974
187.228591623
158.678095822
172.812547113
673.378581159
130.764604211
333.314571319
141.757332783
203.549965271
185.509932959
156.396700293
153.394372298
148.62249639
427.428825814
485.642235707
176.906533546
176.778285483
184.64702611
110.930126988
264.129815106
159.885831701
192.491715065
144.581363269
215.965704885
176.083867254
430.163849152
184.595911666
260.440941671
169.397546997
142.355143825
179.543059109
392.54301703
242.759013073
338.349107666
180.699663728
190.333078963
163.416498176
204.968327661
277.321479023
155.626284146
229.97655931
164.086563086
170.725959966
267.015369369
310.756569987
142.127558188
430.613870329
371.161157308
119.298005282
137.49604582
169.210879461
181.238911757
139.028036962
593.707698999
197.786621096
170.241204435
122.141793247
167.033872435
197.529118125
155.49245786
193.250246555
235.950917741
178.516935643
182.323069321
479.84727347
374.893257825
381.244363504
317.177544801
267.076150744
152.315270666
115.72006126
177.802755422
225.270878061
478.56628406
192.260050531
719.542512251
600.001632692
423.41811464
171.138045131
164.621391651
112.023306473
185.175939749
136.893288114
245.927556017
171.703578882
334.847823361
153.171298353
143.163253813
186.167743645
226.909954015
154.967907414
183.532366
188.724927556
198.615213397
173.793873245
584.872640967
166.955626689
155.311813933
160.893873875
151.411936948
283.418344046
527.935082299
181.471983988
165.818669543
85.9527151313
179.305369982
196.854482756
220.754265341
137.940538762
182.79421025
744.534783809
162.472299973
147.534345342
79.7927425886
186.326409276
467.636046037
217.914693159
170.403572722
150.488591794
352.346618976
173.312793486
163.915036
225.111733739
178.207687278
288.844676266
173.044429183
143.266047573
174.074955529
188.821583099
180.649225211
154.056035599
102.159491816
176.010702112
97.0730806814
166.654266436
667.984951331
225.590589198
146.966279273
130.1031941
272.185726411
270.726537759
268.621988633
178.178403338
216.981757449
268.701348576
150.594125406
210.561355666
149.237935238
170.964897486
263.617289213
390.062139011
211.623430801
290.901007503
179.123172975
335.283768203
432.46656173
277.196222734
273.378027126
150.052075258
130.455166776
246.933206969
614.258725708
139.627507065
169.912124197
355.339833483
255.578819588
799.951837661
322.072347528
213.70081843
173.623047136
154.883389584
173.835624039
161.290022321
662.444145169
157.363502993
161.394136839
258.270692805
556.625836743
382.218768187
151.023672049
121.540362635
188.343652585
407.032282511
154.346561105
170.046336808
105.833177984
154.191275467
232.234360467
204.224782934
382.462552953
171.803130215
164.78071955
132.77545144
553.05916176
141.252291651
199.366252831
188.388916937
170.885435159
260.019980978
205.882799818
159.949703737
215.784368661
130.86860442
181.130445754
572.556963529
199.951919365
155.678828925
147.202930625
151.216338401
893.247795883
295.911593218
167.803877416
104.571463672
225.928864046
556.418196711
210.806365509
160.754704822
217.594112852
159.897953297
259.400581198
163.897964426
153.396371048
221.027155151
342.793417911
243.27144538
185.505080368
132.133634805
167.363109534
352.01159943
138.305342361
304.312077791
147.621049663
164.324266248
226.009114252
204.428677372
222.524808406
508.79121577
326.857583533
387.011881222
172.3282451
124.760940946
152.29199472
133.64923607
191.113807122
236.282339757
204.140121427
239.986888817
185.507870189
541.394596533
176.310372153
189.778032063
247.79990476
173.429039714
248.080414476
127.897875714
103.168688763
268.63539867
156.852966793
330.279398243
551.362031245
174.38803396
284.071176281
178.073858156
188.906122324
129.396939417
147.130397388
168.390328013
211.521350177
712.212925673
357.579655652
334.531798413
154.236899175
165.57903076
154.75825875
164.217409888
169.891228012
120.087284753
201.361776446
154.851857735
272.059865536
1094.90903399
210.616179239
160.475198912
216.587135255
139.862499122
169.460817264
479.731344043
151.08473466
179.682784343
408.269566102
153.145001091
291.191352055
260.264464196
150.735030075
170.53123865
172.887501366
147.730161563
175.588573997
214.160639106
215.873651151
207.988613899
145.798403986
189.997346882
188.049108464
128.77105472
166.856868169
156.795890801
165.220368041
410.67360341
163.594083248
122.987291016
273.156278375
190.695239913
495.921712628
289.494234141
146.639228453
168.877679932
166.146897611
177.029920121
217.199172741
158.010956424
312.739643687
182.768517674
189.811720726
164.96110139
576.152933303
153.049633886
179.875388893
162.005408712
147.656054795
273.35092826
134.108113992
285.708120102
193.403814166
173.53670561
200.723115081
148.687907124
324.538880826
196.56518349
210.4707509
176.85468756
120.015480828
148.25125071
240.332485896
150.673578635
202.784077592
291.911587263
179.088886836
324.442131947
157.627745031
186.099256408
151.879784276
171.583954494
148.104938403
170.253829478
305.763220071
149.156602794
132.848227994
158.863292028
120.71190191
418.293442738
135.920596224
159.875868128
167.866102852
201.758454047
124.994809883
111.266286147
193.789316489
172.432815818
124.911070073
243.006962422
607.401054636
663.859013656
248.083825241
431.094480877
138.589816168
203.815492656
121.164689614
153.063665651
165.521648735
364.603841271
160.278507407
154.640075407
214.757772322
347.755018277
130.345622359
569.633944112
359.974179174
124.012653635
158.354646822
309.282219314
134.357396369
316.708842275
206.088964726
276.902617362
202.401580196
227.887753958
192.699792715
166.424623401
137.411811777
505.366459376
167.796918605
493.225763977
407.187770587
326.047568606
222.332374852
155.830521692
126.433590319
168.097104873
202.118533325
176.835315869
172.350961849
213.612619219
150.624849921
135.647895313
178.992818835
146.78346406
234.171430588
290.549167334
607.965437895
310.541752594
208.390640265
152.919960282
225.664076063
293.658916746
683.835659833
131.89426646
435.262574491
207.177066946
178.385998417
109.549977256
131.524311833
277.990827231
194.804823405
152.100880226
224.794525191
276.93455806
144.224857078
175.183965441
155.855068573
137.773358417
145.943592773
171.591155201
159.14594392
180.369247143
166.935940088
183.124149369
190.994445679
130.768276953
222.927465905
139.27140718
990.478017655
160.787892411
325.045225473
151.8886581
138.951775997
161.440072422
158.740729666
165.771892625
174.653266062
206.117082842
211.906014748
297.678058248
175.441422778
175.344930366
160.283060206
250.607463611
201.147491764
167.68093426
170.00247951
146.576567415
112.575180051
250.846810787
179.53405784
163.221371506
146.059419911
320.876847649
170.853109131
125.474172882
187.596645551
204.938286487
250.828614479
170.154399118
187.411087608
142.257833862
157.772283974
160.999604575
135.605780755
156.542943658
149.232421984
580.453019914
157.855446235
143.91798625
187.672644405
152.456319113
118.483620978
167.657749595
174.887129506
282.093505573
248.499873043
160.562930347
161.837791603
122.352250266
159.947687176
177.210564384
269.513615452
162.948942791
128.674894761
460.378518829
130.18524601
170.897174652
251.566347438
283.422761198
154.028295832
120.013126906
167.39564976
264.61180594
154.455716042
239.25014743
174.525657922
223.875574161
167.55909056
234.913765586
181.443474124
137.653023257
255.953062006
126.935301637
375.488312634
139.209442807
209.957782807
180.423892385
181.967022271
180.267596605
388.016347968
229.018968163
161.361391733
199.97864072
337.760467082
121.160566162
204.362990401
159.597326314
277.388598385
133.952515066
166.202889667
173.848921282
152.655324167
376.13299964
145.56043036
71.3818126757
243.634087468
181.490064342
166.45566144
190.628441171
597.765508017
191.900212801
165.715037055
198.937881188
160.879719583
160.845746404
185.676829907
175.675271726
118.447989016
198.992988464
163.489674826
161.415548287
345.61394479
214.601868939
179.274127614
130.156307044
298.273288653
185.571401539
224.694614146
184.720886149
480.092005629
258.432585631
143.028623759
167.788811346
189.199106995
393.155430754
214.193419576
384.847464545
144.260174195
245.538953554
141.861885864
228.762487916
152.255938677
163.132215655
133.646556398
157.374406448
161.17671432
198.024267679
298.736351418
192.713248837
953.133742385
202.867925262
265.046552688
197.57826649
201.314418736
245.918286251
116.51305029
234.723295359
263.853647118
129.826217291
315.528198633
188.500392135
171.62771063
408.648395784
650.522475529
205.682654388
210.708075052
227.583341313
183.624873697
379.561940782
463.322598409
169.230850552
530.655998389
159.995128242
373.033135674
201.261806777
171.087348031
708.137968998
242.341713938
133.216784252
309.381344705
202.516867622
135.645475199
214.155231171
339.158124185
157.966696711
366.491634639
126.645624228
245.833089375
373.020026881
136.446711534
170.726341617
389.302393296
163.019050427
220.557801872
803.128538128
155.110726325
144.898295823
165.157437264
313.563367174
329.133521668
334.477697197
155.469069429
169.114718224
134.560105123
265.124647996
217.881862942
209.169938778
176.397615498
571.696269154
180.964819412
170.991732173
174.537522649
173.90800637
241.500809306
157.449169608
148.288195287
660.119102238
167.548216606
207.26784297
134.522659749
168.583694581
167.179383168
181.651137892
211.212360352
560.261823461
186.0100164
170.243618568
350.889040045
172.211905457
252.372289507
147.727108386
144.886878368
181.007169523
163.928201083
163.341882003
287.850749759
150.703286669
237.029967097
307.829700656
151.134625184
175.454888248
134.140033397
178.396378597
170.929324336
233.159234343
162.673286685
172.747662583
99.2694060979
152.212154449
161.851740249
105.08711194
329.138156837
147.875052035
148.255911949
214.178461777
378.663512529
138.661344334
245.616505747
234.742397805
162.664358603
172.143406717
258.131124996
300.293820722
138.364426997
598.787886218
138.702109485
281.223363334
91.4908587643
749.880864583
559.694154696
565.83900671
157.305368402
171.612076738
296.094586207
151.561147623
164.152111668
193.371064867
143.697812941
264.517085708
189.120967103
300.897225493
228.386171847
170.799221099
273.473225525
181.196976023
269.061518041
117.488696573
178.407063364
171.824688261
176.882404915
206.835907956
97.7841041227
146.962457233
164.243361009
167.914920691
141.600683765
167.969173397
170.160072977
262.798523475
663.054332697
509.413960638
251.736207177
177.45700462
194.250360408
396.071295223
102.385756053
154.430866051
238.219308035
535.731761303
179.236450825
219.565620024
151.350428856
167.013708786
179.406618741
148.319368508
162.155103956
267.144986868
141.757634105
124.869080619
734.878751827
166.91290667
146.125704156
154.843612508
162.419917895
131.291840749
102.861604935
182.20372986
266.085429753
277.482733458
262.998666607
167.298169724
139.528990262
180.222552233
166.659279741
240.433197809
130.804318302
193.161824759
158.312383552
171.869878905
304.076526744
141.963315537
270.234036539
280.53968944
166.289383989
143.965868032
149.395833684
143.42200564
182.404594822
187.684300907
143.163545948
247.802121236
248.087269653
225.835244069
154.087343008
141.619151983
662.059198635
766.744533589
187.557004678
176.541062317
117.238960843
158.947847136
113.140666691
289.527016058
105.943169929
193.662051608
534.063190877
165.77567721
166.878281883
324.544477879
434.698059534
206.901934071
313.408300819
231.41593633
253.242472575
104.71984944
300.59148842
102.838726084
139.555046862
356.010969358
186.662173329
232.899530532
381.590441911
196.436840659
161.729984607
190.157925243
195.127096315
156.381007928
177.393966016
131.585070473
435.143171248
199.451083363
163.454745587
262.700426464
164.414270228
240.634483381
253.402121343
143.11826854
190.974436609
136.036387379
165.012427761
237.144557142
123.007887946
143.477271106
168.2231796
699.602139481
149.002032311
589.696429572
208.549840227
267.178396976
153.083936585
339.723083753
236.763513085
181.299042764
195.46449569
124.540846378
140.366669215
161.360261411
188.046711697
538.348504087
159.03606611
155.787206767
349.487326961
192.870093242
189.468243771
115.234165441
174.164046709
463.140160878
471.037244296
228.210211325
630.270899255
290.950947252
161.667295952
194.644156111
232.79423003
267.177440248
138.894696401
164.916106386
173.234774955
161.623582206
427.194799412
160.91342582
175.186057595
168.741078072
252.946183873
165.278785481
94.296723739
202.537956522
116.815847699
158.974959086
171.75136036
186.541760777
135.898523318
249.432830207
173.609190158
237.853717372
144.725373964
555.74899737
275.509504428
228.330498227
327.614158878
209.502989406
316.331722139
457.948963184
112.872902182
209.113607724
110.385697207
275.983634415
215.706406545
153.419208832
164.011362079
340.603527707
169.10477345
191.867263995
557.80893634
150.428624614
175.297238366
429.45816226
142.124694222
173.299661412
156.240945109
152.167828155
227.943393378
1027.63979858
244.630891206
147.752885584
174.839068197
172.048777232
164.616918991
538.835808636
371.828045677
249.942914006
159.793848397
265.3713134
318.180347842
188.010051371
212.278765399
207.412392602
126.790129048
171.516265516
151.341854168
250.376020117
152.658055093
194.082651256
225.263657116
209.592848612
232.741564452
135.724087595
529.312123557
171.123379987
229.013770522
595.04561217
472.159390314
183.226545658
273.703292376
174.868922521
143.053697128
198.414278908
160.670483237
121.270867674
164.966135222
169.124734228
424.200974267
302.756570249
802.887256685
133.325235999
169.75608973
220.42977722
181.082271378
267.406468637
147.754816421
282.103565564
163.187126385
165.495024546
294.990323297
168.940710852
422.053626371
402.696672303
208.597403945
136.65238076
235.337393434
160.375024873
149.061691323
150.001569559
190.602042318
308.369374332
161.518144051
128.811989465
363.141125772
125.772120107
148.931139941
153.335849766
167.765481309
155.956856114
143.102336709
102.597348766
299.425602888
395.24036114
153.985084583
106.9529343
151.474600137
203.480936782
390.285291345
191.657691956
149.765859755
140.847874659
154.973642162
722.531890894
177.790147548
203.508253644
241.762418813
299.13266433
152.844333594
172.392686739
234.536154583
585.707608297
170.911037986
212.908728935
177.738435133
169.460985171
205.570892573
471.509721083
187.02078798
138.125328431
166.978815149
329.395432881
135.652941911
198.927823469
174.357970537
281.531483991
266.02515841
137.960627495
321.916861286
348.828355232
213.184868783
207.414107133
837.395537813
189.713605964
147.406988296
282.68655896
187.25937923
196.082245743
146.083745563
208.001658687
288.954269637
461.917702795
155.829144619
118.987569181
176.273999099
291.882357142
233.59562177
158.115239161
248.798328888
151.729982106
321.807135843
153.256754296
140.494069623
126.641829284
154.286555102
185.762531684
143.985352665
137.625806774
333.012466745
178.371409099
148.333035236
139.348771955
196.669499053
224.037412544
123.327042308
150.692431629
212.007306555
139.142679025
152.819716321
170.429835821
181.987594268
180.415298134
297.551214155
144.9185261
148.694857463
728.335881147
129.771911225
138.814505686
156.929589371
160.068752186
212.260413436
202.576575656
242.748470786
171.304132585
124.147270407
151.567218006
140.37691676
133.390840839
487.391257717
212.828580737
187.693550927
171.290512464
242.325921289
177.856812626
168.168747685
1309.87261629
223.93267014
204.632584576
146.709793071
221.795192469
154.251663797
486.28101557
152.306917229
153.479982379
182.080419466
226.527667953
198.830716726
126.191980697
170.981859687
129.982998864
161.386132056
289.797203921
313.656515797
581.892837123
164.232927056
174.562444696
187.556356468
176.958153677
142.285008849
170.303436614
157.874099732
175.382525256
135.113048684
139.904130682
153.01793205
144.559947344
315.636037519
133.70333808
136.579474628
163.621131583
220.463713182
420.743234459
183.123218243
185.55270275
233.194876868
173.8472723
145.137583327
282.201874824
162.435025745
192.037907569
208.378475635
159.835207254
288.687100195
184.073452617
152.445468313
167.474198375
142.739294411
175.317577255
452.633216042
225.520241444
168.005312401
111.583294121
347.753522068
182.586037954
161.410220877
154.37033481
185.720774395
169.584482013
170.404788669
203.100542213
104.155245249
178.424101313
102.836913045
150.192476631
286.675068471
145.072730428
604.154366566
229.042814663
175.708442114
147.3105558
179.104916653
147.837399414
620.140864546
147.456914535
208.043528091
238.661053373
140.093522258
205.683561932
205.003757734
165.450598174
204.247052517
175.613321561
113.43277513
586.253870808
177.39361107
309.118159128
213.715844873
198.839684862
1438.40304059
179.703718244
489.535544674
504.133996891
136.811062705
141.332488003
80.6883345796
208.32935471
137.422545498
148.279220943
193.701750782
299.19269935
256.15809086
127.335744405
288.105371936
111.107401836
202.278209282
102.790431737
181.528148681
570.967345479
158.099429956
138.470784915
226.988592831
193.253465256
135.85278244
182.517186076
99.118155897
167.585558877
281.623120812
515.829851501
140.524445825
253.005912237
167.569997198
112.985150744
364.066145927
241.751998177
186.11995465
247.766563773
230.818256836
174.392153231
193.021724312
138.735804327
164.708417523
146.29111366
168.815225737
144.818534352
291.698885299
166.137491418
238.245588371
165.520861406
217.75949294
158.270720421
167.800872149
199.321563827
160.806443958
186.855806649
171.463197501
454.152232733
156.218318988
171.699091172
129.433363907
155.354881322
171.56984156
190.544305178
252.797067107
339.273580528
508.38681132
224.336751378
189.958926707
154.774501976
168.720929521
382.294026291
137.499040831
267.799463919
152.693847321
117.193522419
179.965173644
407.947222223
134.84339006
228.067901848
153.449136926
163.133620417
190.28360287
117.956590536
306.277260463
189.613338767
163.027839264
163.337560364
178.176274454
122.890683535
255.870054278
153.572541237
207.33245161
295.847823992
163.455211152
123.094042767
139.484204333
175.201865069
223.624585238
246.605354802
119.821928678
121.241243572
127.005981389
151.843295959
169.728281975
173.820899215
166.123371113
470.243319421
179.93614985
162.404787697
160.134223921
282.665181272
148.669271869
116.890251536
130.559799419
139.25446999
114.830331937
165.898146738
389.1339958
338.314622496
231.643742176
126.965214079
226.282118204
168.496343808
194.433791956
225.237384442
98.6890703972
374.888183911
162.875440723
175.646999263
220.951915621
137.171871796
146.858753885
151.148028103
407.550226669
179.93776441
198.664276634
114.063938717
1071.59003443
202.129919365
165.399954713
214.031794251
126.138077651
149.095779908
221.022283823
815.444545774
195.246883196
338.601577832
264.589612532
171.838048635
247.835516415
143.3292508
162.121814541
172.900798111
957.102695737
188.629775528
118.303211376
125.230243035
193.332032858
194.706741373
208.044876539
256.164025407
161.170222519
165.270616996
672.942469494
151.263849009
94.0384279841
114.905383721
162.243877171
426.52947727
120.20353714
160.271526899
160.505942106
199.488053923
176.899344646
478.867052605
170.021285742
156.705052924
183.168301366
177.666740829
479.121404123
366.41378073
144.068831088
193.368937736
150.957519568
98.3991882575
266.465432238
133.879375197
578.990638981
150.794536907
339.591614004
180.753896931
151.336163148
107.214515059
217.189580861
544.191660762
148.562449454
171.841242783
168.346804796
135.585343885
152.249537517
183.076793847
174.746829005
134.639419823
151.243331545
103.983006208
454.716507265
190.321955441
182.648790961
208.193433134
148.765147866
254.326612354
173.333489736
187.652354783
174.305831135
152.630786819
189.535837962
790.281340912
159.355892732
172.533913395
184.62307141
147.265855485
166.777764072
687.70490034
162.385728399
326.859257539
161.130882022
552.507825598
254.576970905
196.679871043
157.157633738
113.069298266
154.163882693
160.081632216
386.087500987
224.044174804
169.475091009
790.99978952
450.032827959
177.740791225
149.114087915
181.345283524
370.978646207
211.925880318
200.962489328
190.411858358
208.822391305
137.541793616
307.662211269
243.321878009
203.609213089
403.925394067
169.304403974
143.371992589
144.417115384
1241.08243217
152.557445191
173.488924498
395.12259772
161.082284064
136.694332561
234.520218675
195.695400684
170.551018048
104.639488302
192.519659078
773.606600263
220.589643001
224.8943565
2383.32709262
368.218266224
670.685586416
232.895147048
141.022437315
183.430305253
280.971268088
176.109567148
195.874199874
162.935495727
153.287827337
115.531967098
141.713635681
177.696749417
191.199573947
151.529774922
168.736343002
146.513215111
150.790117411
160.529751454
190.257729715
267.446727459
150.780786686
255.8633754
179.198882396
179.81568455
200.2542239
155.21872796
122.052539538
244.982681603
204.417952668
254.298312807
234.706675436
162.85077421
167.609334156
259.243171367
266.022278445
151.052390782
157.723933374
427.10884864
123.80615707
215.223660429
846.964682752
207.367156767
169.373142246
250.328500147
165.202450824
329.474010504
194.886126311
188.950412624
528.58478864
254.608426156
162.939370396
213.209074196
182.881451556
174.592640439
216.657938791
321.945219545
191.549352832
227.090924847
294.371126086
187.134077279
227.298988138
163.005655989
184.636730484
308.149422919
312.094084744
169.264839019
226.028681635
244.343381091
180.81677286
158.999645108
135.636211956
153.926811485
222.1788176
125.003994964
174.60225844
130.528283116
290.42639118
181.543390868
94.1250491395
206.643089471
202.024378445
273.303099476
208.930035726
233.628965839
193.492937509
133.004382002
437.447344642
387.712171537
190.252827329
993.606398015
166.021663618
126.288723218
173.025259797
118.062664671
156.510734113
223.715539185
502.397686447
948.433592408
195.033399583
160.469718196
185.781434904
100.748686142
219.081031188
331.745451328
168.305899888
286.691411076
146.432575385
161.705892101
158.314705532
270.550525424
270.808089462
174.597823944
176.743397173
180.171139279
118.071055168
203.040617381
347.590040759
172.214463926
222.49485548
164.253346368
151.862567213
172.503873082
209.704196241
235.599618773
153.37805
322.930372984
373.863107447
166.974263242
194.197980404
186.269690261
297.568171877
163.869174539
383.64735212
212.54330438
190.561121
258.453984026
191.249501672
231.697455949
118.856975789
182.489153216
141.975001779
179.790600657
155.806335033
198.331999462
147.383089116
189.050941841
217.174571383
168.335697478
122.103152183
162.528032571
125.379774611
286.249704463
216.119061222
190.577036926
198.215646147
186.585852489
177.116890516
190.798372147
370.38541305
1210.83117813
193.391367962
168.964656443
252.761388937
238.795978658
225.72783908
121.578709382
145.631419902
189.90820413
223.909124384
163.150584611
215.995658637
166.882086953
178.167696038
162.505498434
219.712348284
178.206334259
135.569241886
204.334699188
101.239344888
313.903906131
254.813469981
262.848393522
192.313908994
140.645263504
169.526553523
145.796305052
159.295882272
150.019309118
186.931715232
167.526914073
824.854681145
392.362644634
225.846015199
128.901984281
217.855956476
121.130373563
286.577657976
222.939854104
146.064430945
214.020522933
137.71528234
261.733818746
556.435183164
164.658210941
185.085768482
655.532738225
145.366658057
164.402723819
132.082564266
162.662127734
248.647793764
138.087772217
111.37552832
171.15552217
176.866594473
377.117808029
210.369169526
160.318683554
160.552381513
234.352443013
171.696618402
337.412434937
347.760189329
159.740360159
148.673279698
242.223695269
253.422679835
255.155435194
200.820336003
145.069896485
145.48993873
242.942316223
208.226255363
165.083039526
198.346697401
165.738543883
156.40793036
352.49781186
114.857175558
167.596769787
208.146009831
163.983591955
280.267897525
197.837383171
397.712269617
190.312205307
106.234063497
170.449527576
556.247218728
174.089083343
236.481287556
188.078376862
181.076744941
260.510965682
131.605441008
176.044113661
297.114316243
130.54362309
112.430532935
207.038628916
179.497420258
179.742187463
211.081552639
487.839288149
152.922583549
188.208524744
179.760968261
182.031763802
208.811884831
306.239032787
164.99570993
149.630595341
153.961669549
316.720063262
502.923037673
177.231510299
351.728411547
215.23833974
205.051199063
156.304893913
162.394718477
167.478367283
324.138363535
179.375811313
154.726823139
132.17774658
348.59056845
195.298977777
508.97394096
248.977034211
175.792713463
261.876242351
204.415339036
157.019688131
130.137337052
446.394149809
212.425945862
297.356463148
208.836866786
206.60759769
154.391201263
187.584695099
232.911950736
197.424992839
377.538416737
154.423814129
265.657996161
188.182548677
204.621024676
290.478627137
157.481434453
256.732695606
170.263452323
155.559206503
185.381243825
183.644867854
156.194648227
155.676022523
203.728789412
282.47090639
2046.55727253
160.073011445
148.917099952
545.236829189
295.460472604
214.429425825
182.463617055
161.970088308
205.769081121
156.515495347
137.697682476
151.246515041
280.026211761
203.501450748
423.173448708
239.407771266
150.982423076
179.33820495
421.468370223
285.716559519
464.663983842
162.438435934
249.734855676
289.108108061
212.747992648
139.87714585
141.349062739
365.97556018
111.80153841
171.989683616
150.789568858
166.86118017
193.409707814
175.845939514
223.604554562
173.900977867
458.880545017
205.944098649
392.209090536
262.540793029
196.577639236
180.536496514
454.571104477
263.188993171
164.58039799
129.586484007
511.358647837
179.318236989
538.273903134
199.842734618
203.82110688
161.063506725
120.391392987
195.767711498
216.44254769
169.083969036
226.913775208
180.699004187
197.147384287
197.643446276
154.769493671
117.88370639
167.616544222
189.847989663
195.030701316
416.021397478
160.006967947
232.548540451
202.778922751
179.426987375
206.120954453
120.089284525
140.247655356
158.065894758
189.952462547
151.573311281
197.213242245
864.209174419
204.022183168
233.298402165
382.322337934
188.853680562
681.144891132
180.174568919
622.434644179
181.175919025
107.209589597
363.302245869
458.449178063
223.910018918
188.942303343
164.457134636
111.767712178
130.648106498
476.976420989
1060.86603808
194.143279798
154.656523231
168.901452168
176.269280391
167.456742074
199.128806417
277.611900318
182.247973998
143.879930867
173.863342768
120.309491721
637.469713502
219.749342356
337.534040964
224.245593247
244.356161808
163.739248938
386.021288572
170.54027323
106.451670699
281.004227209
325.938149899
504.149617483
166.964457307
92.5682520245
332.347116873
103.631264908
140.325516849
178.579013574
699.042458961
173.287317205
283.098818187
176.158893053
184.31735431
169.445740133
175.628311318
191.261006496
125.984202328
134.67172808
434.103483565
193.221012651
119.175351193
201.228047572
120.79433669
668.619051142
129.456101363
206.045664803
327.631553864
235.432038724
152.064554271
153.08249535
617.856431149
412.811754643
274.16799676
202.546154991
168.977827518
172.55945924
217.936134127
209.678752688
165.505844246
227.323251222
222.58488012
151.633488166
103.003339264
219.493991615
173.729452482
292.244128888
476.517555128
174.847244846
151.063553158
125.842677337
340.438209953
157.097492005
149.430685985
339.450544292
452.967388597
197.036161959
381.165363837
162.22814645
140.226669995
137.077075687
190.061114528
177.209780472
763.980936635
212.515336086
190.139095107
189.000606721
188.923246715
187.215353646
197.283375668
113.370837812
201.142278572
164.627750435
167.77029864
165.036272267
197.604976976
193.258833719
190.386059342
149.747249087
625.94214713
143.975699712
210.905856296
141.957678375
472.945059114
141.663124615
164.480787109
250.426580606
172.422026538
189.349500886
177.874148643
257.3824694
191.584445087
162.362413151
312.71306941
393.762408737
125.370877001
149.695789547
248.926168304
168.290672924
370.530962548
107.157930529
188.963006306
161.120110061
162.605706703
275.91908276
432.045797385
137.920490502
172.380720796
224.727967978
171.182870296
206.830967936
211.458378428
338.31407155
157.545461368
317.534016608
171.473521392
175.65836956
128.517361296
215.410904013
133.781086366
218.609552166
450.354221715
124.268977212
138.419045241
165.589500578
168.65107084
313.15938494
248.14425879
320.563799748
745.360943708
138.425496976
202.749501823
181.513174324
175.182554294
140.351422763
155.965229055
329.860925801
201.491094433
830.686939942
176.392945494
178.382333893
170.028744853
257.018806555
193.594092732
91.4704019111
157.622907593
212.313873043
149.737646173
186.798592546
165.487142229
109.498949871
168.609780191
171.499526655
205.915621958
174.345729291
182.847980759
497.480557213
199.998687633
173.254678157
161.971104088
186.102260965
197.785585831
366.022191434
158.501021875
117.673020722
244.383916635
210.224845821
179.905821213
275.088376761
445.073270587
577.467254457
137.337903313
433.722073634
154.156811095
153.851167658
175.192762555
266.108378159
145.68878799
403.45022256
443.359175673
154.762509216
222.907077473
179.208243485
203.456819412
155.027088681
232.252582033
137.856893948
145.882531434
122.480551755
262.174810951
266.748344385
211.075260376
401.199568426
271.003159808
148.433915279
188.671222955
229.990795457
161.049792107
144.632410889
135.263737994
82.90399215
153.17425629
235.154707905
184.645098259
135.283187373
144.802031104
242.963134426
183.029665407
134.417075368
168.804625307
130.737810962
558.601598015
185.35128326
209.00945041
164.518959517
561.449742084
177.355836591
340.672649373
293.426042903
233.628301967
163.001149447
186.533627263
216.278433861
161.939052424
225.124786221
562.510544144
193.279142786
376.132877805
182.4758969
178.912126021
213.676975472
324.421716185
177.535381853
470.075149445
292.12312098
340.880290337
313.525877102
588.83853152
157.765254213
624.583651669
126.226366372
137.48935739
264.541645484
202.869144171
141.114842467
153.790302123
170.835047146
354.523653413
163.089632834
226.335078848
629.436419618
711.38955765
238.275630451
477.465072238
176.608921392
180.597965595
387.99340424
145.962831133
119.734973507
278.018203055
410.108666394
213.228740311
139.14518977
158.606316922
217.39669142
182.159075725
175.399700793
174.230209478
211.018109429
165.657239833
237.456260938
178.715808508
315.721275523
177.603290017
167.082222378
227.164801872
124.038963285
169.614969323
194.348218946
322.028210787
632.572205185
144.978993309
176.659260933
86.4438754804
276.732895428
106.177078
273.224930129
170.209154113
162.85381512
154.268346341
191.614224652
81.7415180079
189.099518138
261.399948584
178.497609814
195.545828539
135.279915987
142.548623742
153.096001606
127.850175151
173.503369321
151.245460076
167.381104685
142.785107476
331.506683656
181.953280364
169.104881669
169.184488545
258.796711205
151.653362998
509.347874536
227.16623804
793.45086856
321.658020156
352.95117735
182.13314481
169.220449406
160.738169892
173.34250698
181.982405407
152.317017169
157.23978621
256.777710045
246.34904565
811.402804099
258.91253624
146.977961136
180.052928732
229.323627127
140.594214184
140.450096838
259.10543443
197.838193902
617.810426728
231.041112692
227.583913642
140.860558672
185.431164406
156.347487885
141.07801109
221.090536506
130.960451588
168.231058057
125.302325836
259.885497512
167.520709909
160.383680447
298.766123666
141.845646934
129.740819429
298.299365954
231.776404779
244.960208502
158.375702936
150.248521912
512.541764791
177.984976085
688.657098124
148.833620322
158.563709057
283.200104237
184.947795361
264.525542576
202.806287298
122.538075904
181.18914882
199.296839865
224.932028338
298.68475733
153.991561088
183.140123447
180.995933451
176.090739184
146.042611194
165.330228571
121.382456391
161.10762687
208.400515543
165.351908758
287.644669073
870.915659429
161.682795776
225.950478432
115.934301855
164.319979947
284.058838165
152.426501545
227.658590656
297.719800814
269.325166917
281.547103005
171.614585416
144.47556842
244.596828714
172.354131684
177.348698244
160.872132377
156.34319027
176.848499576
485.235450723
176.870294387
359.637943014
170.459938551
122.103251641
497.687975476
218.551553953
323.314016904
426.564809773
217.543266973
287.693691375
172.566081233
268.99303185
228.209386004
337.980898552
170.62079722
145.000178018
156.232500668
141.320805449
803.1853569
132.505187906
209.093375181
195.602793333
162.305222364
224.323394786
194.698969026
397.885355755
212.216225284
213.083392061
434.363608939
205.452253037
208.003431711
146.620735118
252.680180258
426.022777636
166.956371451
275.178245899
527.486009733
161.944969728
151.754285654
164.986608196
181.349646994
143.239368099
293.914016497
193.14407652
195.810209289
174.147612359
166.079877717
256.123746283
216.164510183
215.706851749
175.192325676
227.672207071
250.428152727
265.667957208
166.174891048
179.927492765
168.004649049
264.946279734
235.119158785
158.830324008
131.913773343
157.811007992
488.499409162
248.834371953
113.297663087
273.711664194
227.97156203
160.133768955
169.226662962
195.460770809
176.734502349
208.659267233
194.733929296
192.284226095
115.490012227
162.673673267
171.531406458
209.522845879
186.091325305
187.171261262
166.606057309
137.979965592
758.475335454
178.336388228
218.538766555
143.111637002
