101.799333634
155.518359463
232.14602458
120.020617638
372.774473547
205.255988701
285.822705358
233.596257913
179.787210321
162.312123426
164.778478032
170.314450285
85.5222320377
165.263266784
185.600745762
165.452535387
180.426106383
173.484247663
248.01459096
223.600224505
97.5929939758
274.358236807
97.784417171
108.225571856
131.286290545
155.531179791
257.332461675
129.916706942
153.324587472
127.173650173
367.122622654
224.263522767
154.106008886
159.118626773
100.085206695
87.0705026829
176.141177033
94.6785467751
147.098159592
193.66768484
142.512148727
218.013618495
163.337751724
67.8937466444
199.166305798
223.885580569
454.464910494
141.268238281
176.469315932
121.481928324
319.869436654
276.757415507
158.776017316
145.83077055
126.935729893
256.506765827
158.654180836
349.167590889
95.8817562129
102.79350933
244.319024628
161.897909374
203.364775647
154.760288121
174.038445255
190.87314546
173.225956587
147.14328
170.615141556
413.443992364
142.465573225
101.679124235
158.257863463
142.00637943
153.991168049
144.26031534
365.570814864
184.280737626
175.673168982
148.711081096
118.858567613
60.7862305133
181.78658068
153.639576075
130.431549545
100.78723128
162.893532123
266.155866967
155.894890059
229.766069169
171.738974488
184.728486456
119.979054052
159.550549591
170.939957039
91.13669575
81.8611718855
45.491005227
75.9230325046
103.632806051
173.544245327
113.200717244
116.11167826
175.876853138
180.259615615
567.024945048
52.031419363
187.006923035
158.284581074
168.710392521
124.868367494
228.05185176
149.707073082
260.005814098
160.882472768
76.9257559814
169.803508034
287.021550625
168.605112388
132.301541988
106.431470979
118.948063485
168.93292743
207.781695373
140.407318298
56.7257802181
65.6208681985
41.064345376
281.918608841
184.455934433
227.141280697
186.426588885
345.373391875
152.052441478
221.025898488
157.264891211
112.421537146
277.575009019
105.916566658
447.256863299
384.157399668
224.252795965
80.1853967927
418.800137599
126.914871911
179.513901423
149.869702657
156.651989135
38.9276903923
170.945820956
169.288356307
161.261079607
116.752278527
287.339845264
153.36860477
101.923890522
267.099642764
143.469461219
136.244853612
64.6548486391
106.121659102
105.197125143
454.837263519
106.439335148
161.186194982
135.422645007
236.207299473
376.002151159
213.182121668
161.844005222
66.1407387216
84.151595182
239.022252494
152.178440857
257.110005641
180.659493907
161.60243617
247.391971397
201.18637071
115.657784007
244.544233109
149.385330333
97.4202345879
236.665326182
155.700014393
137.239203798
189.773849731
126.767043632
169.945504657
178.408786765
134.610554844
149.467477442
221.220651894
179.996815321
75.4710175781
239.953602786
193.773051054
142.902727357
57.0966362028
115.997313533
123.086097396
304.950372394
152.907378585
138.422436448
129.784572222
102.761262649
155.800072465
188.52182315
169.862234722
155.257608218
156.487953152
119.900890145
137.898056138
216.155609975
202.819912786
180.857890348
120.827762205
164.051976911
164.105808179
134.726567528
188.546852286
152.295089758
169.956667108
430.422121615
86.7110847992
137.122278863
115.646469641
66.9086658714
61.186429482
224.611294358
254.29139516
108.489714428
184.814185445
77.1630209584
97.1349476579
143.546558786
131.517943156
109.391519387
176.741331064
197.270269278
106.985828913
380.39000017
96.0339278489
128.059038133
622.91823681
197.583376073
216.783429525
155.807679938
137.910700707
157.387232377
394.575000291
81.4120457983
175.544690687
185.594398717
525.320068687
197.977295318
158.119715874
162.448399272
136.232877894
138.302601691
175.027128806
120.555154123
158.193569938
99.1506446482
154.417073364
148.145104466
101.27899648
183.685889965
287.197829076
107.244514983
124.157748409
161.264816023
173.947467419
112.66759028
155.936753101
169.429062323
212.936708679
96.6805787897
160.913910589
128.830604754
150.074741292
190.198793631
65.6804051592
181.080951808
118.702195255
206.789326237
124.342503524
312.277915257
271.014043815
200.284435901
140.761927043
397.665428276
150.553650515
548.263302588
165.466493882
167.81941331
162.178943105
102.783778573
132.902591129
205.695717995
157.342192615
157.435694524
333.478192956
378.31458539
74.8354263169
133.120620451
173.183378321
145.313249591
245.685486165
170.190527966
169.793439077
128.609903031
181.553867399
208.506973421
174.816525164
196.238983839
133.225361978
269.66608552
300.405452138
98.7081253215
46.8318377703
149.143295576
164.434240683
139.563787455
104.171452894
176.871282778
159.22094583
139.120664146
171.026503086
368.131175042
82.5240028817
161.528051874
125.757818423
314.304765221
190.249689482
143.214116199
203.771948808
189.033453085
175.721111191
80.3394171682
164.989363756
126.145294042
76.307781424
157.051659451
122.446351188
481.82097042
108.964128819
73.0880975395
151.097249476
208.816890756
609.394494413
166.385196974
143.366212624
180.03545268
324.097668307
112.543049079
271.37070798
59.2457904022
426.978721151
280.122489009
153.92056099
161.429308374
168.515445388
177.768793963
137.389771355
151.475117844
151.224000218
234.353899799
113.312329157
165.834305265
211.829378171
133.378984045
72.0184464323
157.860255585
174.678984345
135.732158438
112.315795301
152.639519586
157.464882985
89.9306254567
88.9904750598
83.1264626136
278.06960064
224.385700751
177.152231082
419.272776062
167.496644271
198.683506433
427.709509817
163.978233881
92.1218295429
303.288982109
145.802084402
193.881667824
215.888479606
166.558247681
165.128008563
53.4396874288
154.551019677
164.38180085
113.618087598
143.751129131
148.635753892
403.876732136
149.681418919
159.593837987
152.786113744
153.3310494
230.502973216
166.901518018
85.9341817666
107.190341727
152.641516441
169.594817458
97.9589073228
169.816251035
420.755011752
173.302753292
227.858869485
131.960238455
414.960102024
56.523766298
148.714617206
129.901401028
58.3491730408
120.778061839
163.183677045
186.345967814
149.170826718
345.983681715
117.297597643
91.6304495026
157.117476114
164.340572505
236.128212997
180.731546194
135.383224627
208.811437016
165.89802157
95.494172155
75.2166959276
157.215065763
220.935968323
159.455240572
167.908119518
145.72794865
401.490003913
151.144028808
295.433913676
182.691670574
162.480331307
348.942558008
130.847077219
85.1935425785
80.3415634176
169.559314623
106.558595854
147.877032846
76.5322323031
132.33256244
174.072988852
96.3404931146
129.568523527
195.835347038
145.60187439
182.689339425
117.084339425
327.569061757
182.872840058
346.966658943
193.787019973
569.315055722
179.886932488
132.134417161
202.123783668
211.306329841
196.297077671
181.13319232
157.457493951
184.267733748
116.317852933
264.035278103
302.560757195
141.826958231
157.600377022
110.969782027
198.04323569
144.441458106
170.977221827
142.665237914
150.921709415
182.132168623
126.208060507
72.3991861231
173.100699975
566.031092945
162.335296468
53.6118082794
158.79454424
152.951967833
128.522794229
178.198761483
157.16782695
319.757431119
101.30129526
184.425538705
123.639778619
96.4320597079
106.71006104
134.591601919
161.255575494
503.432406361
115.906501354
125.443597162
154.454677495
176.868292706
197.559416407
270.240574917
132.06199076
152.134529681
178.78598997
241.703847189
278.885533947
128.055218468
149.752371711
146.297758815
200.244809489
136.243481579
178.895211104
188.659483865
143.505141775
133.66308387
75.9300659283
221.737155505
93.9484495095
151.022219635
147.411232318
184.340052128
131.422370899
72.3597105469
114.084101783
151.261031784
169.651525327
235.288899597
163.439805616
150.294090382
308.945719418
122.691453151
152.617505067
72.9742460676
270.507888531
123.150855522
120.739900659
136.545987299
410.922790069
83.855810447
187.324639688
204.845551046
113.952955542
143.923719936
306.230742397
174.844701536
164.360506936
400.359487364
151.270328996
128.645144778
179.404384261
148.714617213
133.896108047
272.552472851
106.289570532
143.687317294
86.6141828615
416.619163609
136.562810549
54.7623255097
159.908597899
159.099102299
136.88656284
177.764070722
147.278074817
167.059729548
336.334015937
147.357139209
272.938795144
202.901128822
177.553468432
166.5940117
204.018694317
101.040553215
361.853821378
214.652730798
122.84131161
154.968709393
394.909828908
123.612849105
143.968652193
138.108474986
320.995355745
155.576862316
158.309367946
284.269761959
401.086365806
134.148632054
157.883093009
181.427630819
83.1414497625
184.050851359
95.063815779
338.399491563
235.267101549
141.301248125
353.000765001
231.193793644
181.047050215
74.0688200041
139.657541077
171.673755765
451.565709524
158.314091764
640.425858344
143.730184765
180.494298779
142.491153435
190.888679197
178.476299333
149.088887279
171.92246749
457.715771146
150.631631989
124.447343888
160.941360271
196.812550259
118.220954771
173.85192746
260.671968368
157.807198005
138.887404789
193.250001781
149.616472325
246.070143377
111.146050734
174.713093426
173.584551107
240.743473225
283.247357992
134.554936231
131.442297671
183.970447753
122.100577492
262.364506369
305.456011415
303.074238407
330.38490559
254.375064488
159.13475072
327.211735287
186.593520913
143.529336493
325.585266396
135.644373443
155.108728354
171.363901817
123.931455994
163.596292808
169.541182473
191.425522488
114.054451818
166.88788188
140.068790429
435.358766487
162.753727428
139.044796058
95.6384744434
304.879403242
263.469234855
266.128427342
145.960308898
148.620962353
214.08295575
193.653241733
153.890965662
283.467437256
115.048696149
272.893730406
298.278859356
76.150917361
209.072738517
163.581689495
100.811073448
120.350247376
136.029223881
133.451246487
118.72852963
199.715917745
170.331472844
102.640372948
166.707683256
222.14161541
108.678973934
175.756054823
187.873600639
281.098876693
300.050873092
157.170162019
173.649351132
274.285972674
85.0645985237
95.3448095255
100.244034857
147.160458275
155.554940509
221.053198153
159.165077138
159.121594049
127.170740764
152.870962486
152.935748191
275.631506981
184.275884563
358.633171138
146.328647521
173.938001106
311.782057737
47.872620224
120.366241965
173.120739711
115.381773386
148.270854852
192.126944545
97.8080949786
489.866698574
110.986150198
119.601496409
165.48888
133.950101173
119.495150954
191.367877603
213.650770701
113.349163392
289.420116796
153.816383028
424.568657669
166.676362075
136.704108302
167.967531616
203.211821883
104.647387705
162.651361515
303.299972971
368.819414299
174.989984059
282.966727149
357.441503857
179.293559883
139.86305093
650.865325288
254.950756298
195.307406813
114.278150419
179.578401268
129.647093297
209.218047944
81.038455748
163.06761251
172.600740852
191.654391459
92.2801146246
115.203913582
162.128771737
159.298687354
171.592672301
76.5826698922
164.873527875
210.795361094
107.731920638
124.487224318
180.88333167
108.612920196
285.384314038
141.439895496
589.450397679
146.023326393
97.2185635176
144.905530428
183.776003138
106.029635869
162.360711239
100.796848389
203.961585072
190.322898036
101.609768684
140.4479941
156.314391344
264.871677366
121.979974677
118.084020701
173.869352029
137.461962812
136.533861535
160.023962383
159.643334982
130.399222697
123.528606113
539.699375194
109.718350414
230.232051147
279.506324125
142.317997429
165.361094403
167.920994085
108.501239244
195.224133983
160.306239265
171.825611577
144.580993011
100.640831432
212.459464129
221.585472499
90.7266271916
123.95885146
128.09170794
236.241137644
195.782099787
235.623250198
142.590311949
320.705454867
736.656939561
173.652867982
146.27984668
116.779025738
113.155865537
168.767808084
150.081125318
143.205178529
149.282751043
146.515400744
563.971554072
212.750662806
191.733409682
204.780741189
48.1945806115
192.714701894
175.99211699
192.13539143
181.508370318
258.996212755
283.392645505
145.370117526
67.5117718387
160.145961343
782.604889712
156.218085899
109.441996329
165.06162184
119.496743957
76.8141714018
93.2208739738
138.017159076
258.982698746
94.7582483672
962.248537499
161.26698246
82.5038644465
152.994779669
65.1861180585
127.843164261
162.407287581
167.031259942
203.028365366
251.24732682
195.331941916
219.065820934
165.410264885
194.619678947
162.501678193
193.690363408
174.216653442
183.203376603
136.347941147
136.049382178
161.722535197
428.441832754
123.336352502
76.2421619956
63.7138247338
232.995953831
198.222964632
159.018049418
219.634841699
100.747981223
291.317968417
392.648775305
161.102277917
76.7701472046
184.786163653
56.5244234553
350.168729936
141.97269506
130.911474773
134.340399635
420.180454154
171.601340007
84.8743326873
120.12656294
186.630691554
160.66140624
257.309142446
178.340754895
133.15891079
304.226988226
157.336778358
127.388038665
102.859042801
144.20803871
143.822669776
170.740397181
49.0587671584
148.258186158
171.181742034
134.329832157
85.5077889282
98.6278246295
252.511432651
141.961591501
149.680131615
155.332856439
201.654127303
143.03299486
175.21837508
90.1221002042
112.480790896
143.985727456
172.759940285
96.9302406831
184.168962142
115.507023405
458.710026912
206.798394108
123.940140429
142.503245451
220.780534726
68.4810680385
79.1353445489
72.9577853001
180.277496276
305.077745043
505.079643188
139.349761281
134.747991831
1067.11884867
127.272369144
165.714897069
286.159509911
128.113137545
176.928508005
135.625587291
159.712328312
125.312311631
116.917257776
75.8722056209
103.962791702
144.522282882
245.028374932
149.396702986
164.10324567
139.497130286
158.631187172
124.115221425
135.090338025
190.138197105
169.105273034
179.341872862
86.6164804009
249.898934821
517.156699886
141.059417949
174.06076711
106.224729723
153.248499867
210.012010312
156.207652984
123.037196091
146.630798595
363.410292105
112.320388774
145.046975139
107.615774755
252.671362686
170.068969036
157.355470726
181.623062569
104.065773647
148.734570701
191.882376894
117.332006334
345.557057211
113.758751444
192.020746822
227.410885584
348.749448363
171.833560454
80.7298075954
127.546839816
171.737217728
289.038591881
149.691469619
300.814956782
118.662163377
221.483466924
168.852228327
257.589778437
134.181983133
180.300295275
113.094111871
169.328229757
165.562634558
271.068358443
92.0682673941
100.765663067
158.298891916
183.176285123
183.696636887
142.741729235
141.038186609
66.6508893224
143.186753769
178.781215492
179.378085401
496.268978202
180.180556176
172.307529124
177.258491259
106.545550259
384.753511739
305.688189212
389.183331123
170.872798934
135.683535389
107.832972223
119.930267698
90.6339605796
140.260844695
175.635517555
485.773385595
144.426120371
151.572208837
273.85672655
175.675276621
136.682739209
151.602987204
135.701404801
174.238916796
135.064219236
218.741931414
134.835442188
76.3015182904
181.894914362
111.035819582
113.38263551
49.9854363451
134.789957229
183.150806927
85.1506905756
203.907292964
97.3651027988
148.982736321
170.695991447
82.9921679828
126.180826319
224.699356907
161.652814925
118.133555315
388.934891572
102.260087985
385.904736884
149.531726271
480.900092794
175.54148154
149.570041793
137.728550079
153.44510257
236.894063114
150.370240464
124.643137282
175.142507226
165.07010602
69.5118045121
157.912801264
146.289359498
304.524336113
105.608797649
238.082324457
156.267227339
95.1866827885
179.481855462
141.054581016
131.287517691
173.20971028
127.480388327
264.270631235
111.302140148
109.347326381
173.249019034
141.032708367
193.859095222
167.635912894
118.367641525
182.822516116
125.173261787
129.260367341
127.900121628
62.3755427146
147.657012317
134.774444431
57.6961603707
152.347709437
171.377879771
116.99037225
385.674790016
232.632024317
318.63892161
134.648108947
150.405777203
122.1282698
141.838426041
116.82076373
182.615359591
135.637671504
100.365569037
100.936344473
239.142400747
310.424599573
101.318337615
185.74442778
137.305849036
161.752678675
112.697941741
126.324464722
126.131244438
247.378064439
208.975395265
167.390269775
510.636374489
203.975206151
204.711062516
163.269718257
170.192922789
113.267146108
162.357644459
166.634114301
198.805092221
105.161348359
183.078556339
78.6837203148
107.928762199
190.344289568
73.1107438718
150.102879708
139.428028185
156.767935965
111.358626012
367.811662473
143.902920432
146.118924626
195.642011979
171.228944337
161.192153582
110.994559551
220.396371669
111.147783342
178.378472588
236.987623114
599.742476578
294.051148771
157.813875239
142.564098231
269.411930986
91.1094119735
92.752430725
51.6373164411
161.461676179
142.463266728
105.163569217
171.309837607
187.970097919
162.299118966
307.682505668
188.735986018
96.7482085687
164.596834857
417.900375784
72.5453113106
270.483906642
131.976780284
110.279387723
181.580742125
269.897550039
366.360610003
151.732160814
127.681863397
170.343236304
189.885126513
313.23005278
149.872709774
117.703991002
229.120174023
203.370780276
138.443307182
656.574929362
103.954421946
193.446925535
106.208543944
120.889173361
477.954989473
119.713358185
67.2037674929
94.4993962871
153.35741648
95.5599842324
71.6331358857
226.497708021
135.375260921
282.652561351
605.796579022
351.426810482
203.532345332
469.099930863
148.449378985
146.144777909
59.0834765028
149.209678254
175.375269703
166.470230496
176.638883016
126.593630196
187.603353247
177.398870931
322.3082184
125.782409404
116.987036682
133.625847487
424.42908753
135.603618402
119.157345546
141.63447307
207.016552188
176.174192095
417.694222963
260.196875926
128.210963459
150.492787922
95.7073827693
274.044120059
198.889574507
141.891470883
150.501497037
168.681236529
246.256670401
152.551810282
144.874316203
120.859206635
195.06349271
272.966690536
139.548170568
172.795331304
317.344368016
102.062883062
183.37201705
136.279262614
162.10715141
150.237025551
170.620452755
115.234741796
178.840651099
179.919998095
155.914795091
369.083941795
163.483671586
135.766678978
200.618099419
150.449140092
82.0682180636
318.409664154
177.028144899
164.181683059
204.423784777
180.012305568
182.668689497
113.521412186
68.255424959
109.139560422
146.332871077
117.572798532
245.195883467
176.86241882
158.060200875
84.0501642442
92.4247730953
110.746463418
206.534499412
113.014408675
91.5509765428
86.9324316293
155.202328786
103.539735977
96.6604127668
257.75229692
154.131837218
89.3863509554
116.889249981
166.820974441
139.026401523
184.975233519
79.3407510363
97.8387051044
120.484060103
335.095981497
196.79503234
192.858180765
103.94397824
502.937896272
121.808634306
197.317992452
140.887338217
161.954010448
184.209269747
166.163633421
292.758735527
182.026752636
395.682328154
49.5400580577
147.363417792
102.585419573
83.5006903734
165.159933982
167.436796716
112.805586178
177.837882354
241.406526069
200.968303433
46.2086854242
92.6511731422
191.777162625
264.534917313
90.51085584
109.683499278
163.73980303
411.510065554
196.173513978
233.23126921
147.296208245
186.989127209
115.483000838
304.751312625
110.405518402
311.094544598
131.49851716
192.944325449
163.873097892
220.415826733
131.385174904
91.6538080278
138.497653571
121.811256973
186.716303647
118.387743152
168.891334716
134.564502847
190.977169836
98.2499846313
518.508461493
128.826152349
241.384748945
167.840456019
137.973971149
120.322426967
154.417837933
90.0367094154
284.50770223
189.686700131
168.640675188
171.75487976
173.384396189
215.253834531
154.358707637
395.57489603
207.87055081
174.769258895
119.846811548
100.233839741
152.757830893
171.070312352
143.798841666
201.807661581
98.8507845404
180.252381134
253.11587992
121.410443371
103.427150735
345.18090405
163.145556735
125.967663088
149.472902646
163.58448487
161.893390324
167.663011905
132.496405681
163.009247732
82.5520052676
249.849454156
147.170375995
92.2899346021
159.19102881
153.115706542
142.086285939
490.668920876
131.861147833
220.080211788
158.448172538
102.620913569
110.380955075
243.868925608
116.05563432
199.58418714
150.831866379
331.062627074
183.524127448
21.3448096631
147.743110443
147.698866008
141.599915296
76.3859710844
163.113743747
370.061098106
149.511735995
39.6051741559
155.15157075
83.4203402538
196.373485951
129.2777139
194.273742743
327.996421589
198.649230586
159.279603668
159.993624738
122.005137793
210.337717927
165.892891881
145.602095612
93.7731889703
132.800583599
168.845537865
224.781898206
217.88703465
168.48378584
253.707917845
468.843025081
180.306198975
107.243348167
176.731353104
380.415331187
255.387703995
180.118630126
123.165014699
144.61346875
399.003577823
211.627059091
144.563388731
154.430598773
120.258030058
201.475822509
127.303861368
216.984105649
257.199869647
160.046649024
139.682278278
180.875830335
255.356660628
200.79260066
212.53065959
206.14686996
147.86669718
159.631685043
164.012360675
144.180736848
111.139675011
238.26742306
311.698706827
386.88020428
180.759965416
134.693251253
135.729811625
433.772087429
140.468078915
134.684165047
233.909318328
171.923360814
163.249444504
133.354984569
181.852286484
206.032483475
119.390967849
137.76765112
154.354127317
164.976675235
132.501703466
82.1608750457
179.190992218
128.444231348
60.110325025
154.877489711
111.174498456
196.833182483
101.818274499
172.91849958
171.871322718
123.936385967
90.9639228882
242.560410827
191.170803499
128.974228804
79.2868851949
209.563351873
152.831763825
237.868769299
151.349920206
114.328401507
115.252239743
203.843819791
246.944122347
236.090934325
333.86525459
100.190960864
93.3186262629
171.849723458
168.515347801
153.101588473
163.97876753
180.441896541
126.985868631
311.994411801
143.619770081
190.312184995
147.816877243
171.515592136
152.002939702
157.317636271
167.429332794
42.8141631451
182.76921663
117.389421257
159.52945285
225.579149601
155.130745194
402.729516264
150.819087798
197.048438561
68.7530298555
163.152754419
508.816773972
154.738529636
106.551645943
130.9828608
106.860353187
209.687152606
162.034783028
179.656125802
286.635959917
143.880205263
181.154966789
141.280222759
124.156630435
145.95570828
353.119872107
221.993832545
46.7106527218
142.824368406
146.002728941
246.601278236
147.771561575
166.242519541
123.556218999
124.940053119
126.786767895
152.843939498
111.434901973
105.535537518
189.025871041
487.672939385
144.003643801
202.302291845
225.715751876
113.298767658
140.44410187
205.292281918
94.7434726175
111.455630821
178.809840587
155.978952479
121.879806617
162.128634638
233.053416059
53.0711897998
168.837605591
157.531717916
239.044768499
171.528210375
133.506674161
142.39637287
107.737778945
134.698365069
123.121000795
510.859685552
463.066860952
100.929582364
166.314497128
116.084866892
174.927886748
86.1311780513
166.625939099
144.301573523
151.537674075
147.555152928
257.258724488
128.512325075
123.893170408
367.610143494
242.236307523
229.489412001
335.242288696
227.477334431
169.337929662
209.363550774
92.8989796765
268.974005733
174.087141996
29.0022567791
173.809909862
102.329793862
128.845275206
77.2638735471
133.618766359
163.788266285
151.544430285
207.457858695
175.986590348
349.067979651
146.02763613
250.065952598
111.399935642
156.789300861
102.141506584
194.121333471
148.476190982
139.964427577
145.727256383
111.289654374
64.5537186592
305.510445309
350.092617497
226.295658332
187.224623668
237.563196862
70.5194716812
119.350029999
194.398055574
476.303441265
334.511558065
168.938672305
171.505573289
161.769491852
226.942335494
185.175475282
296.303731891
161.417869599
112.495162588
209.874092677
175.823342296
166.940427962
276.389956545
99.9895754841
259.881654053
174.154181195
171.380475174
143.801378199
177.74178101
144.307679994
347.573158629
136.447740374
145.072351023
168.130140531
193.019907929
285.435928656
122.541685112
72.3589198579
110.043878681
370.201321988
141.282854518
135.734162221
236.647508275
170.765700203
117.970213911
285.047941799
160.102018302
99.7278807115
196.450729595
121.142576631
229.349119698
186.710451062
182.432416226
116.552233995
1123.84224489
186.671280458
206.921486741
80.7795312265
139.633401973
113.850676948
166.555445348
117.454495621
184.651088496
110.920307554
150.569542415
134.208356067
172.061001019
235.341598498
87.1399381502
221.138023456
169.952330017
136.546821122
146.369639915
121.090653852
201.833023815
163.287144971
173.900218781
121.894536046
109.935276728
333.401430272
319.852501049
316.090035249
82.2711609438
173.538795776
110.26635033
162.796014344
168.824189768
162.360115639
170.699567681
211.867028162
199.410817724
106.655361755
169.930905705
191.382049062
158.226908705
161.606750031
192.789796237
167.185124469
277.612921047
131.518769226
106.487179163
183.258988069
146.847475519
171.669442294
144.744252265
190.941484971
295.680770033
166.190232142
156.248928881
157.059077031
188.96008783
187.398947477
333.59961197
235.183792033
157.260936225
104.016275887
188.487909609
181.827639505
130.051596436
212.250710295
175.390418216
453.511729274
102.036622477
97.7618259487
134.45408253
245.744623823
63.1872404991
137.823833613
205.122648104
179.89431353
179.39511379
124.235370139
489.099535063
209.958297361
140.34956556
139.777291304
118.16637701
104.356015805
46.521528423
155.014836997
133.519027975
180.986383112
423.804029309
171.377557369
164.91026363
73.8694341953
678.174429726
162.503283472
53.6754140073
159.140489083
162.871525532
156.148082946
127.755784332
135.840942814
125.830736359
86.3586802751
290.66515478
208.125828252
274.443416095
94.3330583074
114.822258603
158.537070251
234.585489644
95.7894393796
171.159230489
163.679585607
209.200500704
164.586422822
154.603208393
105.326366746
171.049479899
311.406529855
72.3159537983
83.6456036722
72.1575832025
145.259923191
115.786718941
125.296508665
113.886101311
171.914304312
97.7962265066
140.026869873
453.478325931
227.679334513
203.69844219
124.868050517
143.427957131
234.800176191
326.653233355
158.794936027
213.623499391
84.339000264
111.31669037
164.815370474
203.844888059
418.068571756
137.988064654
154.940462372
166.937358083
165.623478026
251.884085731
153.604910299
154.985221726
214.032008628
228.387231315
68.6861417736
159.782580766
79.1478660125
150.89565287
108.41191807
154.101585661
127.136627256
146.262314364
139.796735282
163.689138659
124.431782094
173.989581087
145.749670365
203.455443917
214.108682444
337.745865408
223.679227379
70.2670498316
306.607578914
504.754439179
140.664694822
89.2873197945
81.8038447328
656.145055346
133.353151658
158.515267176
125.507022742
98.8588364221
102.003177516
102.012402113
103.818721189
166.178019008
161.29161491
81.3877672856
168.882463234
180.989086119
146.284461106
220.412270773
203.30406462
162.865563546
116.7654283
637.730379104
210.983046027
98.0058468929
97.379908319
335.992835597
166.122474253
163.846048795
130.112246227
186.282438252
105.417491158
107.767469527
204.775604941
473.698397454
78.7432145293
161.536580212
160.889318939
187.75868135
147.888869353
161.173696029
217.470589975
209.927172174
134.90114304
179.907547692
133.306405016
150.974566395
113.227773143
288.396164604
129.140854199
186.586300142
169.746129785
173.765709934
169.477884905
104.155673679
108.997071173
70.8881471085
173.785318939
107.46848575
223.89423565
163.515203622
607.373713837
149.38067888
263.034486718
106.298777328
151.318831957
244.431769213
175.290380927
143.69214597
148.359697945
129.683284996
172.534599234
200.249219571
231.069232782
164.601183571
150.23517103
158.588080257
218.142906858
156.473139034
549.53465368
113.788930307
138.251044163
187.434399021
168.458312679
108.221869384
175.492062121
167.032252955
133.676823764
177.587944611
226.597688506
134.02954482
102.792765345
175.433997539
107.356861154
281.863642483
479.419303767
166.85863607
145.816775421
51.859845529
219.905194
147.465222047
185.191139261
145.57840178
192.740545022
85.6653752915
175.655557901
78.1206645493
170.590859644
188.084513853
146.703600403
147.491359831
137.703673007
139.948186332
130.728709686
139.924760543
117.022723007
176.987216074
300.940457703
158.138985566
165.448222383
409.900215691
158.366841951
166.147365713
168.300990529
195.891934612
150.151676384
160.600140058
140.085265613
166.080806279
103.290579565
122.565323726
170.221341807
190.089456808
202.124496456
154.410387234
218.543888765
171.294615395
72.7261196789
111.604834744
260.602638904
124.039492713
101.316572835
249.810700732
271.008761562
83.6170058901
138.074345617
231.961991057
134.047121311
119.670492183
178.151633502
179.866958708
152.063975562
69.3342072515
93.7790343734
105.74252264
183.915299038
153.761967069
64.7564685055
125.207916593
129.886758386
135.471451321
269.26109707
135.769871457
101.690804458
171.395441924
235.673229431
136.400369418
168.68146211
247.139508741
176.105043303
176.83144957
176.474174652
148.95855579
384.799167549
63.842311188
128.532217616
151.574898854
97.5719551864
156.607970582
171.716149878
118.206289319
287.295670471
249.012453117
164.822375853
176.799419367
186.915825235
148.78351291
145.805963611
165.96489187
143.040839964
113.815225493
146.015118497
131.471775222
173.646715426
237.745564423
141.724139506
134.707329032
159.374758336
150.27146027
99.061035353
186.740510484
134.629374492
105.057552998
168.978577301
135.370386022
244.431674265
120.347120209
149.793355179
158.103553118
155.583443014
163.355083568
168.233949124
175.586538739
135.038826981
164.505653625
102.637679581
195.280474187
59.2987095094
147.937456085
200.833830705
110.310174761
107.226976296
110.963089603
99.7652987882
318.949167776
210.757093961
250.956305676
209.901297601
151.779533259
156.499664318
95.6663340403
155.791492183
138.313894334
200.32001494
125.747452813
318.977551967
245.686774113
169.938531652
135.07358155
227.562608601
153.928511381
75.7315759852
188.828811013
187.7271824
222.597505069
236.14787927
264.077112711
76.9899731203
186.234088166
53.436492566
169.691314374
211.799032703
245.479680781
83.6814886378
117.122408822
315.219349042
159.64849956
179.784393736
134.805014089
200.966314727
91.8160260417
66.0683420293
155.906359535
250.723419866
137.166450032
359.829905849
201.789103854
104.918019651
122.552819892
168.274791774
219.419437861
121.527149983
173.677536521
220.751109308
103.174667925
214.081855201
97.6101226001
210.660919781
258.169695137
177.131377176
137.560169394
110.989584005
130.730020842
155.264972211
127.744011643
173.893640827
137.016669311
176.382771623
287.657603806
119.602671992
157.890088908
169.119647424
99.6016471387
162.220446734
212.158030099
174.620297455
116.410669856
645.082490349
90.1688600979
91.5073063609
83.1558730842
179.560863913
134.304353068
212.684348197
125.088151942
148.503918003
131.450735857
102.051319436
212.041051661
137.594108065
367.456031951
144.877257409
548.053778738
182.750335573
166.937655032
212.612618458
145.987188592
155.45083276
90.8277176645
88.4345368544
156.76351221
130.846032529
149.813471592
132.619184869
250.617900719
519.082071218
195.737798328
515.183278909
330.657326579
254.135385912
133.207075814
109.032533663
164.116007186
76.4383167844
118.915267115
151.302068423
143.306361543
127.64852424
140.185807503
161.316716544
161.847915275
206.247062377
153.203236222
213.832820711
182.986211895
183.016895107
173.661714875
242.838840475
138.211290261
199.641329533
147.316732141
183.653808326
207.175501391
122.571504194
259.476649372
139.590037381
170.421179992
170.206964897
67.242922965
204.876451066
158.751713707
166.111205207
161.077066065
230.451891502
119.69526553
257.591335427
162.749126003
123.559669396
622.469395195
124.653510283
150.282915084
63.0209575817
146.361805601
134.678486046
157.547578732
165.386519628
146.309226477
154.305157965
187.940601445
327.173000332
160.691646677
134.863547933
76.572488331
725.250543563
149.328050481
220.213031093
113.025801635
211.659049446
215.576218963
245.114495879
143.550651741
118.981764112
132.21857719
76.0482616485
552.811567663
167.616293027
160.907167424
189.26793182
152.080679413
125.129172053
137.429287987
141.923299862
160.666414036
171.509500942
188.304110976
165.203956387
159.461946236
189.001427097
355.976427989
128.308441457
168.533830762
72.750458602
125.658378881
218.353083696
155.744944507
160.113138542
346.531448927
74.4851331738
323.215782072
156.036264505
138.040607102
419.107815313
88.9036924649
141.948337632
127.220417333
152.317903226
109.461064891
106.008076015
124.833013164
165.311806702
277.176664081
182.618542552
94.031342177
218.955258315
189.574342421
238.800841022
219.124792822
277.297749899
111.191145465
162.539558348
167.536821102
184.1337778
144.168249487
130.083297459
838.462640541
142.151817342
303.283199401
119.670010131
270.291964595
145.261265585
204.243349036
85.9470807457
146.79384181
97.3998373213
142.848999645
176.194743419
160.690802142
66.7401137542
91.9837717308
119.038916492
145.94646117
183.964172084
98.8298218034
168.503475452
208.67035852
273.087655419
125.647574265
114.130498114
174.27142161
163.86402556
201.049954511
221.113446521
193.423617906
163.073082602
130.668664281
186.196191389
304.415764281
167.063177201
388.033718703
100.631830967
115.526943357
429.105291908
126.134780468
85.5052021275
292.329518672
173.15177012
165.195725471
187.158818881
169.053375848
279.376902633
170.001000179
540.419001528
141.789048357
201.95829495
205.619324154
104.16182391
226.722754181
133.497349102
197.169312976
194.870028337
201.547026569
144.639448062
161.48423024
96.1588073009
97.1642448844
104.486398388
785.517842785
103.042182878
95.0253826916
182.46356501
130.228671344
175.671395135
91.7977363257
141.788588135
186.093592852
153.037082104
117.575798938
156.861771122
123.895328414
177.928963541
138.871368794
343.722909489
155.419930215
165.742657319
263.424518295
71.0789324849
89.2259147289
277.69141655
150.331729631
85.0952714251
131.359196612
134.349214958
166.712374336
120.318358475
146.93258124
132.435413851
164.259930698
217.67647422
147.495043821
569.077985136
93.5548301371
105.76748767
68.2923189259
122.029968839
182.784299669
135.017820911
104.628196125
230.940604502
203.712956051
120.910755088
135.205577141
244.747573326
245.293454287
191.895282163
157.369419754
173.382353361
135.400064067
152.661055476
160.911326864
222.834390889
241.472796721
161.027133372
124.13574482
192.255172805
170.408855838
195.779602751
103.056170977
168.27753013
197.798860858
112.821371588
107.850826965
185.673692029
166.805307189
132.965446257
158.143140078
181.987003174
114.658369482
76.830619971
176.213379401
58.0197355868
132.066133012
193.814993165
181.564731357
232.339046117
193.21014058
150.046273652
226.103990403
258.596060316
96.7077050541
185.57231835
168.025440068
144.242260077
514.057596003
111.53931782
364.110029692
155.304309751
168.073449683
186.984767545
550.03882632
166.772421048
211.383108727
305.922519309
206.812478886
196.696003575
167.143547094
123.099689344
374.727673887
129.413836152
160.147408582
270.703331009
220.572641468
116.680123563
173.517907371
113.57923516
142.282010943
194.733101611
123.90144806
166.933570765
163.662475467
172.997379033
288.964227196
190.838520422
188.702410071
187.16010368
146.774198367
156.247584093
123.334213771
166.369048528
140.866373816
144.865627712
244.572024287
204.644417445
150.534211178
181.811150172
203.89656485
240.166443236
391.19643055
179.970415532
144.235280117
335.752892513
93.1438393231
232.644983037
110.574640994
67.4956656322
171.210942249
149.049295289
105.135941352
247.934633863
154.976128697
198.523211073
203.702318125
94.8999747162
131.129595286
139.856358093
139.514296711
169.203386515
162.037144758
130.546338201
144.055705381
115.046815761
204.104426149
97.9487764834
159.918999418
122.971990234
167.119440263
171.458970887
203.700106103
167.155608629
271.095557914
156.579168398
145.040153833
103.344923852
151.744389266
153.370334876
138.845181365
77.8288727513
181.733078192
205.501300138
180.822197805
87.0767377619
180.279336638
166.538251992
143.501647084
214.926870881
142.297136619
176.882464285
156.44690052
125.71764691
179.877786008
204.868095237
177.908384159
73.0659768977
100.116169034
175.970292212
180.598433284
328.177077792
208.779373748
135.30962153
350.483446418
134.668655851
389.102123535
130.544772494
208.311308343
247.776258696
245.802710652
98.7127258813
189.891006871
149.586628921
215.031436088
94.6019865336
161.704157136
244.280791852
227.906157377
159.511445438
181.061481797
389.153371832
95.6958054283
224.354867143
428.646041583
123.974568334
203.418569813
124.50026648
150.764657378
95.0017160832
156.441256691
114.536399265
180.315141114
148.489506277
187.385713853
175.749903073
302.995723723
138.076420997
170.771448097
184.520219061
539.249466169
103.557678771
131.96318696
48.8668183749
190.170290313
507.589029021
146.686607541
248.959988286
101.742400702
116.683376112
120.385553643
147.915566357
153.660627078
130.104073112
171.617369333
130.350053485
112.440508993
131.058360218
168.665774405
181.442577313
162.083436654
85.3746179451
116.089210929
162.775693753
261.709307519
178.89385841
157.567350967
235.756874717
160.953857804
402.294242533
154.331894482
348.270963588
158.682341973
115.72405607
289.212050825
200.380928101
85.9792427985
204.294491152
146.184369372
147.090252655
157.494423713
172.875531243
166.251423613
119.71799463
144.802934419
186.395332224
164.90504726
222.739422782
179.125504535
141.318859563
99.6489510296
150.114222508
161.878583993
177.612375174
175.884488879
537.374821152
389.16512786
99.7695245048
217.90414979
45.8124380214
148.735118427
133.149396276
116.54657802
113.126144291
206.071483281
237.405419405
139.811796725
182.961535185
154.077614641
203.046339003
145.34267727
232.403748742
169.705928543
223.799807435
147.807401949
110.331775667
259.676394466
226.35445314
297.12435685
187.124655212
123.349168342
142.666722827
127.69221286
113.410709045
166.978334848
264.905195782
199.079684595
177.10825241
203.438148087
138.948957453
173.61675934
100.472931449
101.547123668
192.831888792
127.785061752
529.791441064
149.297720451
443.538592087
153.091078869
195.250811947
146.984150902
603.39261574
96.9524656489
254.273940582
136.852853271
143.693777148
159.814992251
155.520274184
251.227802152
230.813144651
195.882426692
159.86984811
130.173377821
214.852910368
213.699408239
157.849886156
137.909674841
328.367478796
64.0546409038
115.710922565
113.458103201
136.915533865
251.748404567
158.622613343
70.0500921008
115.840028907
104.501605533
308.398032616
151.500500107
97.6210266764
126.03563328
187.403872454
268.03186734
101.12170889
237.272469503
182.345757505
125.35521099
221.341225387
270.128996376
126.19656382
171.767167389
135.509218042
245.674231793
239.822968474
132.457826131
153.911141401
512.288973348
183.668706118
403.828715141
311.689412647
122.39616695
114.712126799
212.616193121
90.5804856815
128.432730352
183.25645382
205.414419741
190.216253088
202.985816768
182.776294261
131.924461125
145.658647189
224.23905167
61.9112908993
116.379854035
91.4270198003
148.41036116
72.9061806729
137.566947143
157.053459821
155.562665322
74.4959254462
165.41529975
207.742056428
140.753201756
528.821492002
264.577104295
161.012258701
115.548378005
197.733296608
353.786209125
181.533179805
282.407540583
238.332498923
117.196043783
190.041219566
159.951347725
166.77640111
321.514017639
136.701577347
157.070088685
416.250151609
148.415365757
421.267984162
343.553689395
128.993698974
165.043263089
156.665876895
174.421375442
144.2517274
113.875559643
111.200133756
87.2479379401
115.412366038
157.189288589
253.291532472
130.396865255
239.749327807
181.154630629
136.558145111
141.197877794
121.73908021
191.326514945
212.478612092
168.385638949
514.087400638
332.315042794
132.004757076
141.61691795
102.319455041
156.898580582
169.303261017
83.5509837246
181.276221312
64.1418664453
123.174722907
162.27258321
197.552027011
221.190016797
538.909806945
179.332905319
134.983726686
79.4510842925
194.804317183
298.394431016
212.115112139
201.657624039
154.435921119
653.02793458
146.100536022
169.909853676
220.759479894
349.045257786
123.475044982
164.398280693
169.731225796
109.85931923
263.819722477
568.587510786
297.441492234
311.916197968
172.777513923
177.422871488
127.313465837
139.544362004
205.544028591
171.039776542
165.51415189
205.126093319
203.320931924
209.760038847
502.787272956
81.2382670321
178.446379681
196.179210438
474.375698606
106.290802112
170.439733153
99.9190114091
218.36657379
213.105870877
168.744363269
170.535594895
124.522058721
128.301832314
113.645939942
137.902969856
99.7911150542
148.441470422
200.788115212
123.627151762
253.439424405
194.710560121
176.18960598
187.581610089
132.718592404
213.724277825
161.422100374
94.9872044024
185.403973836
1392.29681319
250.35008728
154.006087932
156.718188693
77.4015671041
157.326906503
161.070283384
118.178818997
186.000558013
97.9061780032
220.918945462
153.727890721
107.092382173
169.215202568
98.8564196762
133.54235858
155.893415606
291.174640743
145.990179528
149.126826838
147.693268247
166.144146712
117.93258108
217.094852068
170.3034131
128.790699852
137.53431847
149.194126875
123.872629641
64.8751295507
121.320950747
45.4902006112
186.85104537
152.89254642
78.785439662
103.297970781
210.96117327
143.568688889
404.431810764
136.452913641
209.611631674
118.274283613
133.117660787
174.208353362
77.9922222701
191.758778861
60.8123305838
182.703203196
135.892674897
121.512471727
187.523631531
237.05732564
134.559119038
110.060144928
168.471153116
122.240973924
131.587333374
214.600870405
226.402776832
115.244855066
139.94328124
261.100629515
181.519701075
145.903225674
129.955911117
134.02664106
244.318097482
224.363754991
62.4385384642
208.435463118
116.360804233
659.447624967
174.436987139
157.585999381
150.111191211
134.92388608
158.854090811
149.939221103
201.340460694
201.918351704
171.538955925
97.6934871355
147.953610241
145.395469366
227.97569779
159.601464121
150.315809564
249.908473135
172.675395483
222.315601752
167.130403551
112.697909985
122.054273338
136.215630164
206.567135341
112.564427778
103.546739047
219.966995741
137.216887964
171.459657592
169.720724645
130.830747487
152.836165893
130.623794893
198.012686963
222.664962734
266.037808883
92.6714334116
94.234396873
99.7690562082
110.355629526
164.735457935
160.056962682
150.482977578
307.303419798
157.943099701
141.223169838
65.9116273549
164.529461151
157.259291751
337.101627972
125.410846913
135.450086202
198.632542266
196.997070086
182.921663496
126.391701532
175.380804038
132.555300581
147.936829884
194.273825935
116.493515222
205.581876334
112.026212252
131.114826542
113.707039156
203.097060169
148.635822732
129.127807065
161.507676344
330.226066354
158.637105205
240.411795556
157.210010063
83.5844851869
127.690478682
172.735615435
58.1743772942
172.010779558
206.314912924
98.4944476698
84.8689931045
151.939326712
194.27477963
227.236131888
517.198629469
163.271285966
155.717603293
291.399200645
177.653391153
146.972317567
194.860359661
484.882377044
512.468798827
157.882533737
147.156099608
109.285816637
205.432706206
508.750343844
250.974913169
155.670003229
157.116943316
142.133680342
157.75246398
56.5433155631
322.11223288
178.594507286
63.726221586
169.571915159
168.563014708
428.772620413
269.124474106
244.548185704
84.2500644971
101.846833932
170.591711357
320.006973276
75.4669843037
143.708819644
161.703560421
73.2776814865
166.451827952
99.8238209324
247.163532042
287.954999097
129.514668905
53.3474479629
121.772643838
211.705869494
110.361708593
200.921285633
148.543025537
501.608194652
99.7690228737
198.440656015
121.098461192
181.567427503
217.646688307
140.77501867
116.668286767
154.605461216
80.8143561464
193.604418446
182.579937311
449.656770853
161.255461511
206.011476643
192.164220286
114.309623272
175.17947
209.25016617
166.0456035
158.871327164
127.91662893
397.851894257
245.009666665
92.4822629357
304.174876994
167.326519433
176.286863683
119.091555973
234.173425745
219.388197745
128.917824115
247.720490377
157.400157481
128.186658897
154.470747458
131.610839903
175.733172077
202.489211862
169.206923578
132.528314117
134.336784766
145.151381914
204.069167455
284.860548567
161.742438437
179.298815201
192.35202948
126.43500195
264.89215189
274.346204741
143.070305978
227.988670269
313.153055741
358.713305566
159.461031196
115.079241682
211.695585483
165.603748063
143.521148634
398.93734582
146.141639784
125.145563078
90.8230312045
192.905288128
167.416881558
107.473961252
163.934853279
196.521214467
193.1900381
129.215131523
275.216466218
148.345901678
249.535950549
132.196747069
89.8186149855
112.530555689
258.34682446
94.0690344836
234.626056109
186.021367468
408.656024873
127.913772397
145.099163066
196.384601174
160.535919493
160.375861661
143.349870829
176.627378118
181.88744879
337.584748578
87.1549125273
159.015886073
152.321201683
194.073033095
95.7971205713
303.983077745
117.994363224
149.82286741
99.0812331526
118.362108688
159.504690668
135.950529939
75.2147432886
211.187266866
121.498250077
196.272052596
187.502357503
122.054543338
202.903762287
303.667028577
365.771220435
180.242725196
72.6536444113
198.737964461
77.4113916724
79.5027554124
130.780425453
157.989109729
342.294720936
142.255723363
202.355337728
300.158760641
193.190324771
351.620708613
470.272750844
142.218017845
112.254865735
89.1907940961
111.231938466
127.455786417
175.398477106
125.465307851
236.837741596
112.701633747
111.518701437
148.896719211
100.875342206
171.772582312
125.956467001
372.735402703
309.961124801
284.907466036
345.731703256
95.1247699355
154.718909094
189.170975984
110.908267576
34.379270332
226.631703371
202.200408219
106.577568447
146.235371503
100.990053143
125.552752067
151.904492238
167.974203028
153.79556062
177.744092452
156.474015703
220.251062994
219.979245582
339.173075753
141.471419385
109.73776637
177.485399127
208.880810178
151.092505135
87.4836955636
161.183600687
185.334120943
102.917219971
155.449767209
176.811844663
193.540467608
143.710740258
206.120517194
171.867159424
324.479282009
489.409728827
181.743733423
148.684676163
128.914614717
322.644551432
239.40142882
151.282691914
97.2760419048
324.283276132
132.191472353
160.112444458
207.026208834
390.559345621
349.494957592
144.289206783
153.506028574
245.159437381
69.7526964819
249.52511491
290.18019564
1016.46703069
214.866992044
140.80362885
200.659509436
146.738322243
110.980815919
256.635365606
198.213256367
184.956603264
166.007785683
126.564655431
153.942306991
177.706461415
159.73131444
164.229357395
223.006009223
136.006658046
172.047792939
196.887099453
135.654870874
1091.92139872
123.173770496
167.640498518
148.158306213
69.8079301112
144.061366293
114.522698018
185.719764756
342.656773636
176.592094673
126.270308205
122.945069694
92.4440222327
95.5729661974
127.148657299
192.942396469
199.647909075
187.01702304
179.990501107
121.028627611
126.803111135
228.119980779
107.918398785
102.298104134
96.6992636121
82.3576323109
211.542657958
213.702588743
322.050831245
162.569031476
222.316918986
151.353343561
143.957225045
260.784398861
136.841892178
189.890515403
64.6363697197
158.315994867
220.21410824
469.592739479
475.662814941
186.552843829
141.606208599
163.118940236
193.744660552
187.849173894
188.229345438
204.06361971
137.157920868
144.608279347
179.65532512
180.535211593
179.795319694
104.81813102
168.581347762
146.615113921
170.118231755
313.46522953
127.269939992
132.422765593
121.01343355
64.8440419465
327.281380539
265.322503707
177.642690529
135.411397929
168.971815
136.28318168
66.6543877472
149.775779316
369.964898128
260.027007073
198.791902974
146.593953989
160.541960992
366.932906517
235.642460144
150.440927287
72.0906143916
178.621348678
156.986005982
168.160949082
202.74412098
150.201064518
248.792983302
187.116302401
150.268911161
172.87030628
224.540120431
181.480301699
93.3618616412
101.938869292
198.463465503
172.687396162
107.575989574
166.045820034
186.755732546
243.629849831
86.5920154809
183.461497421
178.754022184
168.024222377
108.393643706
156.560519566
240.115306727
154.443741267
101.393509155
196.968867892
208.027791774
174.910972756
162.41592959
204.142269106
216.518892577
136.886403886
77.6038612211
148.222785129
129.300811552
74.3898811727
244.80786171
139.527297934
71.2235714609
134.546166163
153.337965187
91.0400738769
111.045482318
144.359257222
135.941618388
148.018922061
118.064938178
94.5901599442
138.536302627
186.064756187
151.747975019
117.072116853
140.876944162
247.824145901
106.353767762
274.55198071
132.790423142
151.783275868
384.230167766
142.876627742
138.187216004
175.760387907
103.187848633
160.722420524
145.571002397
196.46751457
180.798978064
61.7124837369
151.771193228
137.476325389
167.523954182
168.395497432
210.322653091
88.9173134495
459.210499245
176.956200495
172.698626258
120.754978599
129.918901948
92.1315669238
134.783153457
154.756573495
115.924298076
208.641228192
177.507812147
94.2358973494
184.25171454
388.278529391
323.025978696
177.84899276
127.873830953
328.56094124
113.606572934
109.697849385
280.57135387
144.014734491
136.407212568
344.500925182
201.65390926
237.477319454
145.059395258
113.257090615
238.01761765
242.186239016
155.900873734
218.34704011
222.194341588
129.934219866
147.992938028
204.395773583
116.046140795
176.698733093
156.360008333
202.265725743
258.239557175
208.857361269
160.079497193
464.238903537
304.290283099
136.052121956
167.197556312
193.509533708
149.054252494
76.0894245357
1138.53190725
181.198299129
120.634031787
148.360091758
227.717789056
130.205575644
140.775574572
151.495720281
149.93997662
149.336546547
89.4805756592
155.685305789
314.905382664
101.839952452
153.430458829
188.657819677
153.073247416
142.197210061
138.824964434
364.336330401
189.431934197
173.637188527
223.628602728
158.884013893
135.887012073
208.212843248
169.966903344
436.136586689
120.415638679
172.811727444
192.217306841
127.017657324
62.8507996928
151.117476765
68.9922451285
140.348887821
41.6159050295
123.00154013
125.77133151
128.285599216
279.598805392
243.60056761
111.897249241
132.621055699
150.557597093
161.573458482
150.088913366
140.940762816
158.966423993
94.8040683779
100.49286615
359.522534382
91.0486375587
168.505451783
148.747292408
182.158759579
774.807578356
298.225702606
229.92756005
162.477134638
162.354069591
193.219594051
131.572663338
252.478264133
146.171897999
175.912831651
134.390499538
249.781093343
68.5741021376
214.124830054
432.655332393
146.818608635
78.653616359
237.418171525
145.300260428
164.651619656
121.138230659
165.28084399
121.890919493
101.397358144
143.430116382
86.6588826041
75.8967232506
186.478331149
231.432040648
195.121615521
618.623121496
211.997871017
181.741973121
230.862070926
178.681027539
545.154413588
171.989422824
165.828258817
168.725907591
136.013933473
195.505464413
229.81347128
149.760561261
120.294339038
70.0756877436
201.65711615
170.191393963
157.646162598
71.6351103193
153.582178795
151.352677836
150.699968585
148.636205533
91.4992459226
426.851351093
331.46344929
213.182039269
356.542472925
131.494149993
287.182439817
128.25589932
135.603471911
93.2807530738
211.79641862
173.722122822
238.934659326
173.305832652
62.0656598069
146.425149052
114.248263491
136.771619211
249.493871359
151.889343334
335.01786421
217.694871372
116.792845787
168.527734476
208.21068265
87.1414726339
205.822709093
130.697821373
158.447859935
187.932869081
142.460011805
154.759363429
227.955475129
168.443012589
190.146768623
392.738965478
116.765419061
245.482124688
171.848643449
105.559770274
172.944649571
518.953180034
129.92973739
179.575426273
304.695026736
120.066486248
450.305602755
220.028937044
150.958425599
138.154965923
196.520746515
139.607903749
227.481170155
174.596715764
109.703150454
90.8601510177
110.193967866
94.2350890604
174.490810975
73.5129390082
103.400244784
155.52561535
108.341047657
323.73194617
73.0092269122
161.751113421
167.250862913
161.223912546
116.072835543
257.99311409
172.639945843
139.444343968
158.856061778
101.43594664
144.214509999
165.139747396
166.341161469
420.11473619
108.570687425
192.120215984
257.837116125
162.273949932
170.236783419
371.475827943
156.029088001
117.208120426
167.590004085
153.682491078
180.800360792
209.547784656
356.118561677
133.560338289
96.967782543
244.299507795
161.990758092
193.519087577
243.409713837
205.23240529
175.180598517
192.338458118
241.594664604
126.827117646
179.478195948
184.01374002
163.328763928
198.909424613
112.555919771
141.310905168
172.634625288
212.515907951
117.203102397
132.767417591
116.95522248
95.509720497
154.456571687
245.259920789
169.158501739
234.689555131
172.546017905
172.28323431
262.035308567
317.746782042
120.691247576
199.590989716
64.2271863423
142.736474165
180.297021502
141.251772326
157.914974639
240.352149554
53.2088141593
153.570483155
200.444097157
155.278677489
343.691278881
355.935956806
160.529892345
114.901596771
131.827134534
204.592916933
252.312699092
186.22050638
138.050543124
111.689193284
205.176359127
171.707303862
187.006499661
150.167418596
158.609282691
255.463011556
338.877342487
128.546180852
110.189445098
68.8954328287
138.808131445
101.706644141
212.507306962
130.564281731
153.270027344
196.671293346
208.010384306
166.513522432
322.618303312
188.205957099
149.508084329
143.837896186
334.436193392
152.319685627
100.918403597
148.149494739
103.177450472
794.444681476
103.527626005
71.7734001655
110.089353702
198.679026985
149.245268719
120.534722684
257.510986512
132.338581376
107.585807971
332.397872846
375.946619117
104.184885497
172.505261644
165.968033682
174.831014896
142.543006285
140.626524962
203.250635754
283.32191574
178.602266994
143.462922501
135.815796292
167.504028065
309.401091819
149.422878051
177.090970041
244.501971773
511.84433224
332.365159689
154.219747404
155.656355205
160.009111686
136.056841437
182.352158609
144.18122293
65.3083413542
89.9832244056
181.387510592
171.7692264
105.109581013
468.766014332
113.140353349
228.180528439
120.304054532
157.995850033
218.359353492
88.9378719005
178.244581353
99.498516929
136.380837113
162.240919928
97.892520672
154.85886316
119.394627543
413.997434991
195.707626298
94.7481118715
191.659181603
572.668377442
157.614495406
133.928443909
126.706833076
103.520210076
121.617512826
304.75389126
98.2315556184
229.035936305
201.697424647
179.707547582
258.408545324
221.313136192
98.6444248704
85.8597875518
154.021407593
173.015034562
132.517032913
103.294674473
137.475890626
146.473952384
154.817540419
173.937212711
135.471530008
172.081142664
124.488807301
127.128437045
196.82250056
194.661830417
126.077449292
137.94164189
139.768076202
105.830501556
247.996226211
138.136422645
195.821904505
229.825862733
152.554595369
166.66410554
155.123933381
102.948052469
100.556071831
502.883872857
176.420315232
160.665629044
160.396493606
152.87019375
211.56052287
63.329489929
197.285394881
149.747148081
252.454942684
167.324891844
280.12810992
175.023678324
411.0635926
149.701516734
116.972363793
165.258840572
154.198285557
92.6808493965
137.739602604
222.466229889
135.845725126
149.133728181
53.1573906122
236.678379731
76.0140903032
64.3804450181
153.218014625
104.437397077
177.555669254
473.985724568
201.932382538
218.782491458
323.034484406
108.088594995
185.758634988
142.055512426
410.349517495
85.6344618726
148.100264916
251.173898328
252.473134809
190.04984952
184.049932522
164.501925932
129.914253857
154.88772982
119.150756976
759.149830519
286.695710497
166.724460691
144.166339019
76.9553343891
249.551204523
200.270946879
91.5007025011
153.405955053
161.794381298
186.130768682
107.328717434
239.720083844
386.629006709
215.902252232
115.788506435
198.290648994
136.565589857
153.528197454
178.590403246
177.908593177
135.660235751
165.120509244
166.505396794
144.318949953
309.028139077
140.38474077
376.560596915
147.63699055
257.855960876
281.668877239
136.970326108
125.349887389
195.336533937
125.624400225
143.495374655
159.063276801
163.124263873
191.442300011
140.725826626
170.56754025
101.018555131
159.743444138
180.229425768
106.778618502
223.198511653
65.0129465782
201.21518558
67.5328060196
213.901410658
116.645602578
163.057124903
112.391459381
199.034314038
197.563201889
107.810644446
107.783224683
102.148915548
190.675310809
160.463296362
114.970594809
218.54397085
216.213025136
134.015172167
222.914165027
230.08253428
103.54679569
177.990634881
92.0084300069
170.174907638
154.272832646
236.632525325
386.957917783
209.233762013
40.8155862376
176.956202859
201.082370674
160.158968285
119.44044137
112.996388016
187.103166652
164.033471129
162.975196671
122.510538923
428.837833294
143.733838465
145.135382006
193.376097361
137.398694351
245.980529126
135.469158057
118.528198415
143.784912757
109.746473469
40.3935509652
167.405119665
474.19181788
129.441197436
629.358035495
334.373906679
70.9912317649
124.161833012
163.135888372
158.656805432
129.694844813
384.842376495
221.695646309
372.760939538
222.243199845
97.8587185026
96.5814911141
189.057085371
119.577766959
159.495324312
174.546446351
271.52105487
158.651584803
206.501076333
150.94389702
101.15135732
146.976123895
150.709869948
108.717786333
95.785534073
232.85380219
234.784663382
221.30375287
164.49791575
210.775426211
101.191409617
193.616298534
158.0925342
141.727403711
209.838094023
135.327723431
184.860567431
339.03571861
154.907234329
129.436568333
134.309230264
167.714652819
173.69843865
157.733805784
248.208360947
112.423170915
209.776171506
112.564578992
119.999862713
163.220393459
171.1674816
140.50262174
172.427004856
206.266046501
178.482116572
136.289528535
221.603100771
163.051709344
166.876445536
153.099265205
395.052808152
189.795566612
187.297306872
164.032514762
145.007696485
68.6869034208
325.96207049
104.031511811
154.290179215
79.3843588178
146.784476247
211.211243618
125.692162244
165.949696474
166.949724651
103.577881208
117.404030838
392.772196471
220.681665916
131.421798953
210.739824798
182.310344648
171.774081672
296.889479267
154.35414518
118.589695668
120.090594323
146.049955885
166.012671254
113.89392132
274.004226786
120.905154928
109.217986721
219.228103488
129.503999706
67.2252473852
174.092721211
152.276106819
253.751286232
153.543750152
273.578511057
205.085652023
147.976996377
240.312423144
178.751809217
219.614777526
225.88965224
197.27204873
195.758570641
201.225708398
129.257355166
57.6049931309
69.8775543845
338.925511549
161.728937302
153.090233286
151.205601076
61.4729636189
84.3613470288
133.758812687
213.847803196
100.386976
143.356575834
164.016854987
182.187234724
337.413800459
48.5960964775
369.799478098
152.642208724
125.985893219
179.969542118
153.26245516
183.490547407
178.229922726
196.185935688
185.064532412
190.933407706
129.99923679
224.541062045
266.615447134
216.924540567
162.409319405
186.385651498
191.014124535
56.1645577051
192.90449038
151.415113764
79.9323210111
174.245691905
119.21975534
208.293917348
149.98714624
222.278612988
158.822176936
172.676347353
137.071479275
129.218719912
153.349132372
128.617557669
131.339019406
292.647338531
171.214689294
149.936582857
165.680011332
188.515678423
212.06399394
141.120223034
143.372187493
156.49763402
128.076530416
124.829856636
134.863637362
152.604697931
106.500106917
188.991454812
159.129895755
253.608899645
190.166225506
313.528051843
189.94598895
167.732832551
173.162147975
157.494349372
127.661403098
177.537511347
292.170644843
239.108879108
134.84874497
342.798456936
149.019992177
114.337054895
171.194640159
203.380138161
118.974690954
149.478673535
173.058373326
176.722805257
173.442031964
108.564778292
327.910454082
146.042548115
323.378080182
191.416401194
127.256029631
237.404816046
130.13545202
173.21188027
155.467836128
159.015017682
154.715337045
177.14143141
117.472473925
377.585006034
167.70428404
187.080489441
289.197340462
205.516458443
162.60722838
207.24024608
727.193434895
98.992147267
167.927149584
146.387014202
165.913765791
139.94692939
115.326660825
99.4039409242
116.01298881
221.036442392
125.957253728
100.71441278
207.201078654
196.815106286
201.121029415
113.475604998
109.982329459
64.8992208304
317.582654721
440.417979844
196.220327181
256.707791792
148.287921155
96.4463985407
164.153943696
188.132705255
161.249819666
162.258042848
171.247043861
397.86026815
337.796271099
103.030695669
508.137531242
142.539516098
163.282560719
185.160390913
137.737018308
121.500647996
902.207002853
199.724626429
186.525113898
512.554495697
135.554029388
60.4582210457
190.620550492
91.8731737377
49.1037102669
113.515264957
103.13267083
349.417340616
136.310486999
291.705069795
47.15218007
163.127877002
161.426632661
179.249305325
140.901446335
173.786770994
666.691207787
145.318119288
153.119030679
256.273099266
153.266860174
378.04242306
69.783869744
154.783364751
153.162645119
114.361379345
131.040235254
174.77977118
88.508702428
245.084486098
113.225392021
88.4800989591
145.548396072
173.628063211
167.600752097
153.566068758
196.100900622
430.942836148
330.103095881
240.451012065
99.3761271617
252.221753669
173.599396434
73.0524350925
278.81026828
212.669886047
156.109909247
175.106981242
227.865894359
158.621074074
91.6008388415
224.53295593
185.640824385
67.5922790765
387.613495095
182.504412414
184.904511694
168.419160479
279.653207386
106.95942681
144.467612843
87.3562376982
134.161332732
157.341119279
111.126141937
207.655371521
139.953057433
311.528773622
133.858513055
47.2748829358
114.670001735
154.419375334
344.778151587
351.958050523
159.331503729
354.313810831
182.104396325
191.069139387
182.031295261
124.511642903
174.090200221
205.910707212
104.203721484
175.303403364
100.445327702
159.329784716
217.34072975
134.036898274
212.286503575
95.7828349847
137.845588212
174.672426249
125.78866995
155.773230393
142.608197142
85.3806340701
121.128582332
204.416992867
141.660025171
319.3597859
186.853774383
89.2084699281
135.688794618
200.790719847
179.904253739
143.708298466
149.833823768
187.333076366
160.514669457
169.982103182
161.40402292
171.362255068
186.584654647
267.045920504
417.503612802
169.111741163
120.215164935
127.872061451
255.529697682
100.729251719
97.9901173227
78.8423008679
157.992260398
183.435701807
186.835011052
141.618795998
74.961017452
144.013978557
240.144400302
157.732139205
117.47941898
135.615969082
228.747670403
117.69735095
242.980188781
149.622393701
163.168309368
157.415878633
120.32176898
82.6344885315
86.4651569841
235.986586778
341.282133822
130.377727535
177.296021331
192.501695063
150.267476392
86.4339133511
136.043914357
64.8010559052
170.447429434
183.496272881
66.5489298469
112.655604273
160.373319036
527.402103826
190.061048109
130.341905182
138.58859681
41.7016545097
