0.544041842954
0.00230982677451
0.836591382036
1.48551208388
1.42787044546
1.13225736615
2.763185848
2.78653880795
0.00681461178547
0.397895362065
2.65428093343
1.70757836907
1.34314953038
3.01699918253
1.58898357288
1.73024127364
2.81101436074
1.14791632076
2.61334324682
2.00335477398
1.2399359438
0.427233445607
2.15008732857
1.98306571786
0.97160359509
2.06593823791
1.8985438931
1.62805798401
1.73330865402
2.83907673331
0.812652950349
1.12233506585
2.81185799572
2.56266185901
0.132170636692
2.66772410258
1.67338534663
0.913445298144
3.08279879726
2.25585549965
1.35265932513
1.94349287632
0.95772276545
1.84437499459
1.58970464003
1.09810914639
0.829020463877
1.29293190176
1.08888177507
2.82097627774
2.48143637875
0.946831492767
2.6378271997
0.0512897474406
2.29318256082
0.147838135673
2.80846225855
2.15547412923
2.43378010489
1.23998302503
2.43867704084
3.10351392997
0.720764403842
0.447061422888
1.89030230237
1.4833049321
2.60091791067
0.89582308189
1.06913396384
2.81977832083
3.10040048503
0.887555278991
1.79537404121
2.24019124793
1.18099595727
2.75346275845
2.5137041639
0.697517381885
1.46650811468
0.116282888475
2.50540664145
0.440722236248
2.65671417178
0.141426732425
1.76041988674
0.800888996033
0.285950518487
2.56235142297
3.10505313583
0.240799631428
0.923830664552
1.51361935096
0.452141640182
0.76307745057
2.55017344465
0.0524287870828
2.95274287942
1.35530607206
2.70878087831
0.0473691178339
2.94527181006
0.467339967622
2.21524853297
1.03788686803
1.63365227337
1.77527668673
0.954925751267
1.59207576572
0.723792406125
1.99016442843
2.9269073953
2.96932476992
0.456999773984
2.49869124036
2.32671803741
1.6999814588
0.12650418484
2.98941964369
0.559183179059
2.59940144719
1.95964688246
2.57839572212
0.591638458457
0.813764728947
0.687287869885
1.24337145179
2.90332472244
1.85780612697
1.01293560016
0.68948573834
1.44015767875
2.02135496304
1.17984683379
0.324079507857
0.89850748386
2.34908021525
0.133769514892
2.7844098196
3.03913862292
0.55901003107
2.26863583752
0.396285050316
2.13203130597
2.01377374888
2.88422982845
1.2860503882
1.81235809432
1.91360676029
0.48697829689
1.64897698453
0.89305041466
3.0678558098
0.773556725701
0.498117242644
2.31148367226
2.10021396467
2.66775412404
2.28676407696
0.0556651335884
1.22037758865
1.77877869027
0.839274039794
0.494965529821
0.586211518162
0.87028998929
2.05402219762
1.08799889489
1.88699543065
2.98090795158
0.784362915703
2.73356155749
1.05160451126
0.580341330105
1.33310345242
0.470096807451
1.0778243531
2.14227427893
0.454201461328
1.22339755617
2.42166560871
0.587277578265
3.00982232203
0.837921723519
1.35059379672
1.28591739313
1.70712034581
0.137233636902
1.34107288061
0.26691355315
2.08855749574
2.68014102391
1.60122738511
1.56952134119
1.73863002042
2.72247092249
2.79441754096
1.18534567942
2.57689018288
1.78658688533
1.96758136147
1.42259185664
0.566594164618
0.893386678887
1.13874108287
1.75760785748
2.15379660804
2.35902459466
2.25560027708
1.23717430896
1.23542858813
2.96838238223
1.64230918278
1.53584094261
2.96967671437
3.04115656268
0.712660384054
0.846192617237
2.75136593927
3.03835517523
