1.26122239556
0.986849499503
0.962118061733
0.2448054581
1.54557833736
1.91994868172
1.80880850025
2.82325075739
0.0795873842196
0.561528823523
2.54673359072
0.107924997326
2.28763948664
2.36888933335
0.58892707124
0.518598415898
2.02265349719
2.05789146029
2.12041842889
2.05540962546
2.16547574862
0.783935570673
1.6729016591
2.00704973082
0.47334730668
2.44922182694
1.44377546182
0.759531883045
1.10290142629
2.52133199002
1.5664412854
1.76270466144
2.552225045
2.17426104769
0.387374723737
2.35933927091
2.14793512099
1.35145698878
3.05191935819
1.7556840188
2.87702805676
1.71469816624
0.0923336873249
1.79777662897
1.67011896236
0.443798157213
2.29701886822
1.43462853958
1.08166557404
2.96639947532
1.67802521777
2.02937474838
2.26090287658
0.857293277726
0.745262430086
1.2560233785
1.27890758702
1.78134739842
2.64342581888
0.328060754291
2.45513370675
1.8588077518
0.769012438212
1.39939736034
2.60849651594
1.45286120396
3.1149930956
0.357670762242
0.408085691951
2.17704795473
2.57091066115
1.44777487944
1.21301252783
2.68232585363
2.5138094702
1.44466298857
2.92245353501
0.778789227362
3.06277178927
1.21591240432
0.859739255598
0.402038575084
1.78174020968
0.370025982538
2.96581937793
0.285208619779
0.397397871501
3.00676028918
1.95786147541
0.699448512486
1.95478706545
1.12068905899
0.399543415946
1.89310572726
2.52222218243
1.27075921245
2.203860042
2.10875852125
2.85692100671
0.48301623183
2.82489407772
1.06036461669
3.12935464684
1.00127452376
0.58405353241
2.36377035764
0.732246531874
3.11455628762
0.428805731579
0.951891140436
1.53316037781
1.12239298918
1.66394237024
2.96296666378
2.03676381397
0.834432137624
0.112597598061
2.14588675662
0.467179668706
0.597291204865
1.34755012531
2.90408189068
1.39399840469
1.7863143054
0.760765189024
1.07077361452
2.73097836654
0.621089461829
1.84551987744
0.517457831929
1.83946359305
2.21770400099
0.822412937604
0.112880442117
0.488192180541
2.28169105473
0.388345960882
2.5602176854
2.83923086359
1.23182159363
0.811170687107
0.726597429166
1.57502408105
0.990101423291
1.61003903762
1.54607105279
1.55221288919
1.86694332448
0.243741629373
3.01483590199
1.5796761231
1.79006685426
1.13680517096
0.258605531802
2.02264328133
2.11222577977
2.72643539362
2.12131288638
1.80356752532
2.5551896952
0.4481614132
1.51864408305
0.421558016003
1.2154118045
1.5574448775
2.79984415432
1.29751107207
2.9860408517
2.39550322356
0.00327562062748
2.72922107727
1.6370784722
1.19601055746
2.79760373014
1.21434724108
1.77619474961
0.907691799176
1.39487415839
0.185156686193
2.86882381013
0.444447033934
2.61542071668
0.0949519274989
0.353421651734
1.57759601766
2.36726320693
0.836314789215
2.48792927177
1.44080308671
0.505061691961
2.14191454717
0.49852031032
1.6391330328
1.94505911258
1.46519257973
2.11292036235
1.49629439486
3.1193052312
1.61050084913
1.79893595698
0.117453373339
1.25489938378
1.4016523679
0.521459358238
1.62019131269
0.0175918683705
2.11613007805
2.87169301482
2.16942928463
1.33932171845
2.47941282649
0.830659766828
2.54735750709
1.48806501283
2.97338517301
0.0633850602921
1.61593330236
1.58217395398
1.52728901055
