1.36617859913
1.54716944047
0.972876185316
2.11938761055
1.9221709056
2.95308141879
1.89183930564
1.72640457733
2.84371899387
2.83535522396
2.22650156368
0.516044688595
0.507867922746
1.35309542062
2.14765553396
1.24497661453
1.24014347176
2.60969498064
0.952083981098
0.624707153972
3.02092790161
1.28104495578
0.316574398087
2.72932577966
1.51800966591
0.0415120325807
2.92556187806
2.53387706309
0.424633175056
2.63419699428
0.671550334857
0.617326712568
1.3080019612
0.500151554132
1.34031198376
0.258424394588
2.73385597633
2.4862865485
2.30169592471
1.22155480226
2.99518100976
0.558825989739
1.78408239523
2.66204503757
1.14681295267
1.48978178056
0.941755661041
2.60452085724
1.320014682
0.376454857411
0.632251173633
0.0849764349727
1.07069979045
2.9563054207
0.0163505545362
0.687975759711
1.6743691538
1.36216226637
2.30293453924
2.36185169858
0.476160818926
1.25192438129
1.82505347844
0.343259081886
0.673163590557
0.926795513417
0.424461350096
1.37616535518
2.53808976738
0.338418535711
0.453669157905
2.98872619091
1.92765678136
1.73029112777
0.943337810084
0.694042173952
0.158654220614
2.45928636242
1.52321756923
2.90987515901
0.899280418907
2.17802768447
1.12288511255
2.98380558125
1.48804917169
2.51884782775
0.239786685316
2.74879348374
1.76644120048
2.11158359769
2.19754947081
2.53071987969
2.2817329011
1.1932833508
1.21067798319
0.661953497781
1.3505803949
2.78412085019
1.4785518307
2.74397842625
2.17578770985
0.0265543310818
2.76785993104
1.04199935403
2.37845583107
0.474000942942
0.75177781922
3.04270215548
0.755342805384
2.99187697595
1.58231054305
2.54132955793
0.865491746705
0.506720941204
0.693645988071
2.11444969512
1.37060035182
0.966584973724
2.01510198587
1.38592743831
0.196158193886
2.44634588911
2.92420306854
2.20773975641
3.03103574736
2.86396738589
0.317282791923
0.874504659082
1.22727857001
2.18055096426
1.34457212408
1.21751715138
1.57563685692
0.982208212813
2.23335390748
1.83270162149
0.534308694953
0.0753346851215
0.171541359335
2.69792420538
2.95626231995
0.738070139303
2.75835454025
0.69360024079
1.52973194905
1.15487692523
0.690984358177
2.53686012925
2.60315490398
0.134352845033
1.48183365314
1.18132647575
1.35845767919
1.03006806559
0.33002866057
3.03792267962
0.765429146407
1.41912733923
0.0428525646392
0.952690579311
2.874472956
1.29140742031
0.696689663202
2.59977889377
1.81424819274
2.01077066515
2.4556296107
0.417117252561
1.5537054459
1.46492062959
2.06334386788
2.82708536696
1.39939168242
0.293695055036
1.81881299323
1.63953721684
0.443739790355
1.72606993145
0.128350794951
0.490791552243
1.37150226882
0.524377337596
1.61996771173
2.87112428658
1.18875967014
1.10650790945
1.11597520972
0.630374097602
1.39096185562
2.71785564136
1.2935840725
2.94445433654
0.919449433382
2.57433352987
1.50431509259
0.329317033035
2.72765330226
0.561317797259
0.283956543792
1.21725340966
2.76756756068
2.80248441825
2.52619602132
3.03999448192
0.839198724079
2.05696856277
0.948739450804
1.18222283979
2.76671739937
0.788547044558
1.12508091636
2.69392571159
2.33790471392
1.33662878964
0.763660435086
3.09132034914
2.75037568659
1.1611111547
1.99581867662
1.5336501282
0.411529230104
0.774310994705
1.94572753621
0.816834562699
2.84770858639
1.28134604372
2.04198818898
3.09457675992
1.89763638436
1.12740417348
2.71390819351
2.00117236884
1.9467587935
0.851539089612
1.07692850661
1.86939978883
1.71677926074
1.59129198588
0.029473625594
0.984243507875
2.5477824513
0.268711426585
0.774289358003
2.54387392221
2.97218076827
2.6538267146
2.94813285978
2.5818255504
2.907299985
1.73438515851
0.113067817388
2.67972323136
2.51748260954
0.327929937938
1.02935637455
2.33365789721
2.62802152147
1.05255966135
2.79154330181
1.13017805694
0.0738301686399
0.0586671712817
2.49129813238
1.30400119776
0.301008979055
2.15905593133
0.506702627145
2.95235617629
0.311112529942
2.80232650003
1.66475282974
1.97444742181
2.13036704923
2.80543798229
2.35330329786
1.27334579909
0.952567335176
1.61261209313
1.64445871808
3.14028689806
0.524730705202
3.06604506704
2.18907838517
2.00952078887
1.349758701
2.46616302633
1.40805353567
1.32690623639
2.92821905794
0.827491460829
0.94661445493
2.04077540509
0.994704917109
0.810769650422
1.75937548792
0.219118107903
0.930569367984
1.87798698934
1.51681185482
2.275179294
0.592875165136
1.17656628854
0.844728709858
0.264885086851
1.24738142489
0.011503255789
0.450450854013
2.37867778336
0.406025908898
2.91773909184
1.80809848141
1.96391047543
1.89321310678
1.34146014959
1.23384089753
2.91032990344
0.482407890498
3.08044248781
2.0718816987
3.09275360512
0.381960605564
1.42002996466
1.14812388687
0.450069202049
0.519202981171
0.381747949378
1.04845056604
1.91668862404
1.11859014137
1.12916096908
2.48803883711
3.09417117795
1.00407852619
1.07477951924
0.244311536069
2.40482653601
2.56833542065
2.07595022711
0.971642523483
0.637680186521
3.07236514286
2.59326187884
0.769930408428
1.3902405795
1.16263512555
0.575748914082
2.37901660337
1.86813897458
1.30308448794
1.13686482081
2.99373259731
0.66771271706
3.08975328235
2.39291372817
1.68566622921
2.25249538834
0.951831610025
2.58163561392
1.09140075321
2.46005441347
0.0767278922383
1.50992854233
0.128430228245
0.497146493739
1.92207017881
0.995743425047
2.31527333668
0.431243925273
1.44840286722
2.94469541646
0.72749145496
0.888340471521
2.85250963782
1.98229879571
1.57626857018
1.50290761643
0.637258837368
1.9900505016
1.87118030804
1.12542900581
0.915268955028
0.708268192191
0.0195709429999
2.94582156139
0.921847770507
1.37803744861
2.15174852054
2.42226993646
0.0325122769387
2.15730552958
1.01359913481
2.22372255311
0.551822757857
0.974691596955
1.63216948526
0.432737520142
0.304265001695
1.44932602063
2.72719856659
0.41337728572
2.66185532223
1.40220896206
1.99965251914
2.4559945308
0.572628950735
1.21719667918
0.112597305026
0.173779435213
2.16195987614
1.80880056052
1.13321347581
2.30614279198
1.23440508225
0.74751540023
2.60958381553
2.09747584368
1.33882138059
1.95846634373
2.96455404091
1.82698528192
0.327145708061
0.513137426867
2.78748791373
2.97005136304
2.89830413477
1.0225547912
2.1390836245
2.02878017715
0.300488108388
0.435566347211
0.24980358345
0.087338117732
1.59080409985
1.75761702277
1.22036098925
1.57652468533
3.07680783496
1.61814854888
2.46664786073
0.532991829542
2.0698161462
1.89251812007
0.106657962284
0.917146922734
0.396809872442
3.1271810676
2.39508893377
0.0757647752606
2.18219129454
0.522974744518
2.88308346769
0.888450241613
0.863705475972
1.32485893904
2.07449702312
0.70301242422
0.258605695482
0.332194386689
1.18259838207
2.95957922132
0.280020263259
0.307658421712
2.54955002311
2.31162921666
0.977686192503
1.64198353904
2.86681847362
1.77856078003
0.775460938667
1.51653632884
0.954770239358
0.200599496589
0.0684545138438
0.993351320418
2.66722486986
1.97654333251
1.55198634441
2.43105215194
0.36050528351
2.45452019025
2.17813094407
0.297023062483
1.32944202084
1.38061921361
0.380412394829
3.08186711514
1.97057914721
1.44103806033
2.10139198264
0.630448588355
0.536465905145
0.719170161374
2.9745863102
0.952777884788
3.08284356136
2.3625840337
0.424146228111
1.00515530462
0.722318890289
0.269755679853
0.178025708665
1.22272881279
1.817362786
1.13582817926
3.03284814001
2.79466838285
2.21012252377
2.06204115366
0.902418974897
0.846644527696
1.25512411347
0.0817438171654
1.70244290381
0.346229571185
1.58491911335
2.22305072129
1.59787379944
0.796700204112
2.37833225851
3.1294372777
1.48917563783
2.05572070458
2.42393626787
2.53872966
2.0497945842
1.21909067421
2.86573906891
1.63533069117
2.88429720578
0.436438491154
0.665081179032
0.95294216756
2.6282801323
2.88261502113
1.79426699826
1.35153069308
1.05866351764
1.10307420586
2.01933528705
0.637294321218
3.01811106507
0.0982566838402
3.13349054877
1.29194494458
2.11908618389
3.05350083255
0.186626653487
2.9943546227
2.56832591775
0.707632091774
1.3191417176
0.659971040437
0.514333478409
3.04487039036
0.28986675972
2.05977494686
2.54128676362
2.8129446959
1.32536834571
1.28455627481
2.80668471266
2.74007017143
2.92012615637
2.55085675295
2.30774199566
0.0639156972003
0.0968269757668
2.77613792709
1.78730836647
1.83364328854
2.09748727761
0.790977904689
0.0420577554763
2.84716484486
0.714797610317
1.0329085737
0.413668566765
1.09628979862
2.60439214487
0.135535699648
2.68614062119
0.873079388014
1.77347507213
0.0263495371465
1.20510191059
2.34851401341
1.28289157501
1.1393214724
2.85052173004
2.19348172866
2.30869615299
2.87333530292
0.840538830335
1.42438257745
1.91728747171
0.961991074298
2.42417166784
3.07990664702
1.70327795834
2.32616718429
3.06462381295
1.67333095826
1.71818012981
0.537916202047
0.64331282903
2.75687897147
1.6299646078
0.948889086064
2.39350503226
2.36851256086
0.924526162011
1.54668481925
2.9045120733
2.83635625834
0.942017711525
1.60001558881
3.04460885484
1.64913475537
0.317548838172
0.110407737125
2.97029666434
2.05846618295
2.44914124679
2.40016859775
0.844267018377
1.29714624535
0.809566025529
0.189901471095
0.161457588119
1.58322498741
2.09717504808
1.87764612981
1.79923557076
1.80583555611
2.71985516225
0.954874142688
2.01050671953
1.8420517883
2.81265385854
2.79822456435
2.84518095631
2.40064595712
2.62736429004
0.439643194032
2.43471713942
1.65256516006
1.70872531183
1.10545950494
0.240229177108
0.157922273709
1.78357240987
2.58879573237
1.15833898307
2.29115580771
2.94232117981
0.946282308067
1.5018540727
1.81510269996
2.79675215131
1.32279968523
1.62406574092
2.03577299004
1.60266361175
1.34547860923
0.220727072765
2.99663034566
2.28024552937
1.6543750754
2.58611830627
2.33510656219
0.183874816016
2.58908201988
0.841506613431
3.09912352394
2.19224966354
0.270854134228
1.47836104857
2.91591638553
2.12335441518
1.05734207578
2.36580185363
3.02286570173
0.205566733253
1.44598846028
2.5961135855
2.65735072641
1.932292745
0.920052347178
2.36610663141
2.5230537827
0.120663643373
2.21823037284
1.52637349469
0.878326703747
2.27134855103
1.70435116669
2.95680560001
2.89193996071
2.88914308673
0.367516528738
1.96732284535
0.975105702642
2.26121790868
2.54060372278
1.16312932499
2.1835468888
2.23628813183
3.08758232683
0.772406392088
0.907940513543
2.20249068588
2.67553519716
1.50485132885
2.22452288585
2.49911997559
2.39242480579
2.79964116847
2.45347355896
2.40279859062
1.92420159773
2.50286077317
1.33114135439
2.5900278094
0.687709082359
2.74914369493
2.52888176453
2.87519275816
0.249223912734
1.04499514581
0.458209529785
2.00689729639
1.2023458874
1.7450277403
3.00288378793
0.131461085199
0.91314087976
0.0861068099864
0.702752161642
1.88554112411
1.72342579338
2.21188296124
1.71104983094
2.88362058729
2.67905449066
1.55690400865
0.955799743471
0.743694208999
0.806192394871
0.139997958647
0.780952648287
2.33069925104
2.91280999481
2.91341231864
0.305568953789
0.114076370586
1.43543552669
0.0997360453311
2.93437754714
0.374781132467
0.61123864244
0.445963013953
3.10834011747
2.89779455304
0.0127482570494
2.86136736038
0.613251201032
2.37181516846
1.55799228648
0.567829202524
0.161694111175
1.13961862999
0.404268874283
2.76520275369
0.474870202654
2.21309410129
1.38759637931
0.843926943531
1.74890291834
2.30679766203
0.0872062741756
1.6527539302
2.04885768626
1.49123503244
2.01137905055
1.33588411821
2.48299034317
1.91196671577
1.34610954254
1.90038738295
2.4089736439
2.43105080382
2.03366900407
1.14629078572
1.59564847356
2.9413836561
2.83562631958
0.442311854949
1.67659734685
1.28473380502
0.704810942054
0.64778308551
1.74149339409
0.241720299706
1.86045019676
2.17485152916
1.4448874084
2.73141298499
1.75114715717
1.29535851024
1.38973893014
0.936549214897
0.223274836244
2.88366843282
2.54051971775
2.98005655111
1.48145855987
1.87034449222
2.49630953401
1.47882849754
3.12919013628
1.4154631839
1.09690779339
1.922867929
2.92341183423
1.66194005425
2.20136579773
2.06221273525
0.927815648077
2.31212348027
1.07209598453
1.13652308203
3.02619497078
1.86488369803
2.59538654094
3.08631619083
1.91748991721
0.0718259371071
1.77989484499
2.69924340979
0.716763588017
3.03801967534
1.75198992097
3.07720211008
0.880545077462
2.16508742373
2.17256886338
0.151484707349
1.95976262983
0.186956616751
2.10729866913
2.03573674142
0.521653264718
2.3439962678
2.24009491688
0.435171744788
2.93299909026
1.10173163954
2.1025618362
1.94944291355
1.35002575588
0.319101923576
1.02797229773
2.03602872403
0.584289375862
1.35285686351
2.89493302649
1.16888733158
0.299745236446
0.782075404533
2.98699398506
2.16214171399
1.09800517737
1.14224650524
3.07731443552
0.471522265943
1.43939631886
1.5186199944
0.760848714252
1.88634870064
2.91439838233
2.93931588032
2.11534610906
2.32300809117
0.867067978458
2.20705203258
1.43132329788
2.92048665705
1.1521620762
1.56585897399
0.314479285588
1.99433763828
0.898750266967
1.07111191129
1.15332942779
1.85245363338
0.811598647083
3.04453557522
2.0021380384
1.73748800482
0.265647260099
2.11544308178
1.82910300348
1.81184570571
0.440720543978
1.57755386828
0.0559945379729
1.84744399169
2.35429349942
1.89166020657
0.158135277828
1.24952708531
2.07576856534
0.870502608007
1.84206604165
0.338312556924
1.31939477053
1.07256812085
2.04150595284
1.67943723152
1.84485110394
1.49520935836
1.53062737624
1.72003588945
0.601660608408
0.195882399033
1.36256888199
0.355531476135
2.17235320111
1.17332997056
0.922664371216
0.750185353049
0.251808024172
2.87212867123
0.805965891135
3.01771761957
1.80136459346
2.6402771078
1.83282068307
0.649971127312
0.490483852576
2.51810046651
1.7315671426
2.427297694
1.79843179973
0.904240678362
1.17270850075
1.29833496076
2.58094833814
1.96398610713
2.0467508549
0.388992896074
2.31006552119
1.71349124687
0.49744371969
1.91735350624
2.37367608679
1.71640951054
0.739388257373
2.90267520454
0.587111342476
1.68308903115
1.17829989579
2.22471473894
0.597411066093
1.51477119607
0.199909454322
0.135826151066
0.666905687336
3.08054314718
2.40471654345
0.763223322571
2.27861543631
2.50840208446
0.600079245488
3.04509571201
0.991771080368
2.40487989368
0.477151148242
0.0240041220618
3.07709972898
0.502534355023
2.92966918453
1.72691778673
0.462315854441
2.49426724194
0.864142928808
0.259485457471
0.522621575604
1.19960453187
0.615224671632
1.31713994333
0.397827096732
1.75294259675
1.16185502236
1.06356565408
1.47247577257
2.92263207818
2.36220324305
1.64114655003
0.252348282717
2.14381018874
2.61489318973
0.919056512456
2.27286481706
0.126521511157
1.74661202397
1.42926211647
1.48614761831
0.044394132873
1.36121432298
0.760032299641
2.81480936773
1.92377672514
0.637013069716
1.81533676715
1.58708669705
1.70299210435
0.408822043685
0.479653260615
2.55285543187
2.29558719432
2.19304832172
0.577838091986
1.1762997481
1.05976340709
2.11523038998
2.09520497847
0.68752314663
3.05039337742
1.95722247097
2.48627621751
1.93438849088
1.47339629655
2.4237346418
1.6476847529
0.911139731005
2.46765964246
1.72899014991
1.68801791804
2.14553375049
2.86597966952
2.17494012515
3.03829994993
2.71163791646
0.368002313274
0.272309128962
3.13963199744
1.2772362205
0.225787807887
1.18482120856
2.69598815228
1.09347348049
0.89005718711
0.284168616247
2.58390655528
1.67305151871
1.31140111071
2.55253061809
2.87733036609
3.08854830986
1.05405347155
0.191669515189
1.85345092261
1.07271988587
2.9013332248
2.48975404209
2.05093522911
2.30381632818
1.43267365203
1.84312192145
2.92724251243
2.90814036132
1.33859442374
0.799683883794
2.89436554762
1.28533148301
0.845051519713
0.182361233089
2.64641721739
2.32012067168
1.97973989259
0.824191255796
0.379635606728
1.5413721081
1.22682289666
1.51167599233
1.55382394017
3.00896986565
2.62341230998
2.97630686722
0.409045885322
2.9186121999
2.49851392868
0.0272235962677
1.45651922719
0.157782294201
0.496754775932
2.45748338608
1.03464853876
2.11465662803
2.66803516656
2.99256646474
1.80037697786
2.74003845803
0.484514296077
1.98106102353
1.84195873507
2.81357012139
0.139877552199
2.67156527843
2.2087756943
1.06867297763
1.91868428566
2.79939829048
0.263785292577
1.98621190251
2.08861949578
2.75599195611
0.707079312334
2.01432078127
0.213472653861
1.80595837899
1.12542435262
1.56163893263
0.680661346918
1.77846533493
2.52719311345
2.16020109476
0.323862992081
0.331757030105
3.09081170941
2.31493081152
2.33637589445
1.73122606786
1.76728455871
2.00484700364
3.10151721722
0.807043872482
2.72745182553
2.7254740121
0.17300093214
0.732705322303
0.64504789224
3.11618526612
1.26738591428
0.787661202589
0.432240612925
1.66830920496
1.87709453496
2.93990255284
0.415164347484
2.50743992598
0.273932548011
0.830501101074
0.701608689706
0.221886479716
0.0985766517276
1.50880903615
1.28988204723
1.0564222319
2.93839226163
1.76927958012
2.23127783092
0.185827341399
0.94195951094
0.266485216713
2.20540494994
1.5255366355
1.08350330746
2.58133061452
0.00106228736365
0.717423718209
2.38392368869
1.48522086978
0.492350152275
0.0567094506482
1.5771981825
0.206727865864
1.17472190023
3.0722199054
0.844765360262
0.521620218479
1.76252035573
2.62065317473
0.196011430642
1.73917074049
2.64652843267
2.4045003915
1.48009649689
1.74258731119
2.71039354253
2.17187161327
2.71807637371
3.04771701026
0.289383297854
1.48871043907
1.17976929589
2.68860865628
2.43471998237
1.56221079441
0.971177257622
2.14767048496
0.425955486489
2.15950290829
1.28567585979
2.91320554405
0.384194331367
2.32386663805
2.753192676
3.08515173533
2.15719219221
0.461345641041
1.61962696031
1.74993970041
0.49448094858
0.997768885869
3.04935206602
0.265202127023
1.18612189832
0.786821037405
1.84203945099
0.730363238075
0.592080912804
2.28576862145
1.97518136964
2.18013237698
2.4934214399
0.773529238572
0.931974833341
2.98937679364
2.17668922949
0.464495208931
0.0157936303547
1.93086358538
2.63079236716
1.76718010362
2.83626956263
2.26674430554
0.0390571740607
2.566911816
0.158194554323
1.33754231845
0.402234342477
1.22192219994
2.4119450192
0.966217579729
2.98538364462
1.18879499411
0.309498502001
1.12778131265
1.0013697662
1.3863996083
0.832528604783
0.535498899409
2.59619894853
2.61600974198
0.293050574353
1.84585904007
1.99162627627
0.149534118706
0.825117714126
0.908649805665
2.14736455583
1.23568857418
1.47734851528
2.80006077608
2.20546325364
2.14016066579
2.73912807476
0.192116997468
3.09073254262
3.11109714119
0.651992378585
0.656936496548
1.53252622947
0.934294044204
1.80957859001
2.66089611278
0.287581640439
2.7079740173
2.31550597236
0.35272782425
1.41703835358
1.93794655341
0.282887956089
2.26776373432
3.03725339836
2.589641717
1.44439526074
2.50939048636
2.07790775985
0.871768481541
3.06619749141
0.400179032944
2.64487616194
1.01277746681
1.67986800449
1.46095716745
1.32959401909
2.11606268827
2.15825993061
1.31237331384
3.11571041039
0.639626979557
2.52949212896
1.42340002975
1.45752011089
0.143346960864
0.949802203391
0.350768753121
1.836676593
0.601417944268
1.37122966307
0.908113523104
1.97210433678
2.73460770709
2.97972075034
2.69054516648
0.0444995632612
3.00956063744
0.304306271651
0.922612331956
2.41275736303
0.304009118229
2.28219847581
0.133053879955
1.46218474866
2.33951491209
0.183505612039
2.35126647968
1.35137019297
1.61069298795
1.32912035722
0.916399020012
2.85972967833
2.32474146033
3.00464696346
0.133975593007
0.3891436584
1.51695595289
2.02223216863
0.125419244727
2.27537649738
1.11783006294
1.58849310392
2.59588611255
0.0780116175763
2.20927829133
1.52386412017
2.37714121838
2.81197785268
2.44523257795
0.858077521483
1.59660330639
3.0885775422
3.08996122472
1.71714387637
2.00856537296
1.57549307337
2.12212907486
1.00526148298
2.08735229982
0.142015931684
0.707258423623
0.197483374065
2.75040690451
0.946177048378
1.67028377005
1.75165779522
1.71025754925
2.56779605409
0.110223646588
0.258769658171
2.85781979551
2.9628373014
0.599365039353
1.6527617351
0.82095160015
1.28858992232
2.62591349646
0.257397717444
2.54461914649
2.4550405695
1.97888878485
1.81821559496
2.19871800299
0.613737536647
1.12150777022
1.83714470897
2.298653309
2.34717800325
0.414854668951
1.61417915871
1.64202155364
0.167628301225
0.14776853204
2.1998704261
2.52617502827
2.69641601745
1.92175547152
0.552605378228
2.93101166475
1.05919629899
1.69672157235
1.00724911924
0.565758911757
2.57061325308
0.153180978889
1.74139931047
0.186002205476
0.558583892974
2.52267353883
2.34233603027
2.41130911898
0.273270071862
1.91419876252
1.16664827866
2.94342100736
2.3922276929
3.03643029351
3.08591982313
1.93581138287
0.0365141916033
0.371014354539
1.81175553174
0.983766468451
0.389953110483
0.192419348875
2.49320664107
1.79566533247
1.22646281785
0.682353372979
1.19548446521
1.77315176134
2.01022937156
1.55182366188
0.889909390973
0.841727053963
0.284388024435
2.92049625359
3.12263991725
2.4649061267
0.45147103256
1.27325140759
2.18453277698
0.768825775865
0.65429383121
1.15261791205
3.04241719689
2.84192019118
3.04216697501
1.35713699589
1.96752344898
1.42393260039
0.146735967877
2.95415594575
0.12279356677
0.196976923135
2.01759890617
2.75946502017
1.75998510179
1.96464017552
0.476254544226
0.719791631985
2.36401196952
2.68348629575
1.34222212298
2.32654273496
3.13574981711
1.01312355665
1.3533021633
2.36603255312
2.1593228727
1.68079146062
2.1629733188
2.79988994747
0.852129966233
1.4890993835
2.45977984495
1.49923143337
1.17351847591
2.72706685775
2.23383692322
0.492797058597
1.66921657431
0.1214450882
1.12637017308
1.11931666075
0.434627396648
3.12428590457
0.448436254884
2.68440636993
0.232283517517
2.29153946315
2.31661629117
1.87265349972
0.445041522796
2.06186449425
1.27857563068
2.75570860425
1.01642416855
0.394722158204
1.25546404364
1.91899731443
0.0435911789091
0.930158223547
1.15405695008
2.13785055748
0.313326506596
2.70984526277
1.90750702852
1.02741159139
2.45977036457
1.55849346404
3.01991177134
2.78966522167
2.69043129454
1.06269160866
1.72138466528
0.937588406459
0.656108182312
1.54934107827
0.944163711539
0.670793525587
1.1812744311
2.18205432035
1.17487023215
1.63263292398
0.93627754748
2.30357780709
2.4081003545
2.43381663839
1.58384771008
2.66313746852
2.73166778716
1.89587955022
2.10299631875
2.91370722031
1.3448172671
0.656862970561
0.139229417575
2.48334026659
1.15868817271
0.813174154138
2.88829688937
0.724178726165
0.142249667407
0.175151912206
2.68949667646
1.66130487237
1.75458655492
1.72457751807
2.51658203526
1.45788547668
2.44459712672
0.805625264121
2.05654915273
1.71142678904
2.56243357334
1.48577171206
0.901649537721
2.20308608704
2.8099263826
3.00765400377
0.0776361020402
1.55304360529
1.25409975272
1.50123111446
0.789117882943
1.18174697047
2.75320776282
1.34719201135
1.93948461323
0.786137081788
1.75363247727
0.787884124399
1.61682219869
2.33491338324
1.47136113838
2.6279067063
1.8832450483
1.71130736369
2.83158489474
0.853020273842
1.89222262931
2.19166257837
0.564015407138
2.532004515
0.559472404947
0.185567498253
0.432658199404
1.22631668163
2.7593167072
0.261143821011
0.93850311806
0.312545626659
0.080949631097
1.66356890234
2.63676001428
0.682005430607
0.859042884581
2.87482834208
2.05799793406
0.303828807202
1.86638719919
1.6736619638
1.76444930445
2.28200903646
0.922919555109
0.756499430085
0.590603654155
0.239270987045
0.140236744056
0.0156759614948
2.58786979519
1.63636985357
1.25368310706
1.65702491865
2.23596594869
1.80780794764
1.36505415861
2.07930039005
2.62553264536
2.57370539487
0.563032508996
1.11598447779
1.60462738581
0.86301830303
0.110603667587
2.23407946305
0.780162317491
0.462184665397
2.20007473854
2.99374628831
2.66714027813
1.15861515642
2.49257918986
2.66628135348
1.16498878285
0.447663395493
1.3549245815
1.14843474226
1.38510895738
2.28014620619
2.94087774336
2.88567517318
1.82891059219
3.11597566436
2.56414435563
0.634054785814
2.03877601428
2.95888461401
2.45302311503
3.12697785617
1.9395585637
3.03751797128
0.761119340663
2.87166169744
0.202682900672
2.50873785005
1.38630583749
1.91965064953
1.68721253932
0.649213439277
0.278258842655
0.685592444673
3.11467878985
2.9810369152
1.15373399544
1.70546167141
3.05253541824
2.67275724765
1.70143205524
1.7858536172
1.75022379924
0.556477182612
2.43976992238
2.03122076156
2.19363740492
2.52448207885
2.58652095375
2.61728018663
0.257712572341
1.14438589853
0.598469828309
0.689522621873
0.64984408676
1.5266739916
0.947546054474
0.39564111229
0.185037123023
0.972211420226
1.13971388886
2.72641372904
0.207037849285
0.956240324534
2.83464452905
2.07729049137
1.54980330869
1.24272099513
0.11126258146
0.601886450208
0.169216402059
0.927999031821
1.6096916344
2.21348553343
1.43446184318
2.63243806752
1.52186219264
2.61524557149
0.710785490486
2.04632907058
0.206186430285
0.675670169978
1.17464015875
1.59278522943
0.94129308305
0.870853160855
0.774297808124
0.930736272976
0.120846115572
1.79808014569
1.78079167971
0.848025120548
3.01968703153
0.544986137304
2.45917758339
2.47077720597
1.77602513645
2.44085469672
0.917763802964
2.38683787084
1.64518960445
0.365104341052
0.75402077122
0.855920709577
2.34735426201
1.9741037398
1.14842822108
2.31004393679
2.72374700904
0.204170138867
1.82364625432
2.24110053424
2.45220476943
0.34699934925
2.95783612812
3.09570963839
0.461766899039
0.250810312747
0.89292840512
0.81900600281
1.8751302009
3.04726962127
0.952124779105
0.427116435857
2.54440259921
2.7965901621
1.99298409122
0.81111986702
1.56235802177
3.03502820225
2.86488129049
2.05238289
3.11975859993
1.32218773393
0.655949950517
2.42377879675
0.355684838789
1.04656468329
2.5776934101
0.619484856584
2.78545142868
2.38132170777
1.5576346205
0.60524715582
1.3411285861
1.51373465171
2.46252282324
3.05731303431
2.78658577889
0.118994317179
2.99857209381
1.10731215222
1.94692982099
1.30346697935
2.64247563638
1.73350249006
1.62230699999
2.98377984569
3.0695356202
1.5807157376
2.9442018296
0.145028591128
1.21697873593
2.08492080963
1.52098283447
2.18415685293
0.00710944750795
2.46190248348
0.901880442719
0.678663519531
0.17966945061
1.75405300342
2.71971951517
0.336425140526
0.190009983346
2.425368338
1.81109892184
0.446913932364
1.34750629014
2.16214020829
1.27607205783
1.97261888462
1.51560980746
0.771651121538
0.829472613115
1.90401278229
1.49327795127
3.03033905772
0.898642605868
1.5884114976
1.33305084202
2.03179095786
2.16231773423
1.50221833047
0.942729225285
0.983035855527
1.42849417048
2.98384816948
2.23431412919
0.528690060661
0.0565391130341
0.203859139876
0.00913106556597
1.4409665473
1.05241818946
0.603017335895
3.10904956325
0.19921417894
1.8879095342
1.93193188669
2.40154995899
2.12055811774
0.0596078895671
2.10899495547
0.908470805297
1.12306316969
2.67562571603
0.220558899553
2.12950879428
0.448557471261
0.683241995264
0.984631792248
0.871030823019
0.194776226845
2.67007226721
1.12966879396
2.07359864497
2.85347138305
2.62289459335
1.0848925184
1.73912459929
1.3133019739
0.117199286309
2.0686051852
2.15915775933
0.858571467694
1.02525708862
2.11301956365
2.69421837326
3.04849088496
3.10649306879
2.1255288156
2.31497684164
1.33356182306
2.35241091196
0.638476411697
2.87047690138
1.49781770442
1.81447051161
0.615138743892
0.881725446909
0.390346696129
1.71793141409
0.951547232228
0.119004368502
0.945568382493
2.0127774964
0.799832674899
2.62444300986
0.859856690634
1.55377556767
2.64922123878
2.06528915814
1.41592731177
2.67629612064
2.96437593123
0.0435733162058
1.1573927388
0.294210158995
1.41293847592
0.457039915927
2.8179355583
2.37694561781
2.6347376515
0.287790816796
2.8514457814
0.25859749531
1.39965706127
1.54123071247
1.30601640553
0.141931085651
0.300359204533
1.96684834532
2.21113142019
2.49562172985
0.985577151352
0.485082366475
0.608161933243
0.882249498199
2.18681468615
2.86231609395
2.3761014974
1.40294884146
2.02797330886
2.39045291209
0.862049547302
1.77927616735
0.644054201416
2.10237577184
0.84982270189
1.01087592479
0.620740004176
1.22823975578
1.42001887844
2.31726857806
0.593519720963
2.02115131653
1.58777722715
1.33178919306
0.845285340909
1.93731768128
0.598405712398
1.78041903775
0.282795604934
1.96712373902
0.645108481008
0.465992899127
1.65827401998
1.21141322889
1.82439926286
2.62573685971
2.09887464518
2.41078905032
0.109952112623
1.09701328109
2.35701198075
2.85497318607
2.12924455501
2.43862528611
0.758007389995
1.5289346494
1.37164169138
2.08603024225
1.19715489418
2.65584502853
0.141425736881
0.988722735521
2.70155575347
1.79682261419
0.991083815202
0.676712791716
0.56996909285
0.197182473081
2.98436979551
0.618841113257
1.13704010108
1.98880646282
0.476441166605
0.318855474127
0.370459670886
2.39171192855
1.4267255836
2.62197116078
0.648391806556
2.92045751158
2.21611743855
3.0152723744
1.70819970137
1.3521800744
0.464272324657
0.498141113545
0.711782675042
2.15684517431
1.70349617996
1.06798171689
2.2744746343
0.798415560281
0.852449417039
1.45012322857
0.489543148695
0.496860977809
2.94451227174
0.652297528305
0.932240890446
0.762556153097
1.60446639056
2.44581187361
1.12310001324
0.778899134199
1.70640900294
2.51855462113
1.74315371336
0.424121192195
1.15471631801
2.81070022012
2.62211091127
2.85508048982
3.12876378615
2.93428151716
2.56513335538
2.31639102251
1.70140860236
1.4848535302
1.9950580883
1.65480341423
1.89363349084
1.50005912782
0.466089612153
1.0031185504
0.976431653932
0.225466629394
2.55014608772
1.53442326944
2.62480390892
2.80321305679
0.578718957431
2.51872850262
0.976243568276
2.31951404847
0.224102697327
1.97291967123
0.706743090901
0.181467788821
3.09270684307
1.63891910233
2.23761551441
1.59336219173
1.76433588266
1.90506842537
2.77168235359
0.076635757643
0.986175753978
3.02964714002
0.00362856640085
2.02899872441
0.997435756459
2.69061661716
1.29595945786
0.427143392844
1.24574666548
2.50729576272
1.01837118494
0.403673114761
2.02931668712
1.33469773061
1.77360041596
0.702187337258
1.99131795757
0.630836267461
0.965391000316
1.27905915612
2.81019500404
2.72373774895
1.44620398078
2.41201896557
2.88294897838
0.148927070836
2.00854335884
2.78110036853
1.16160531571
0.774343189631
2.08257292888
2.24643482393
1.30985795213
2.26217461588
1.50628714905
1.18291313035
2.21212957518
0.28022223584
1.19199605224
0.870812738364
0.831787212996
0.694800939542
0.207813239924
1.17471919044
0.059958130192
0.850092777213
1.44295360952
2.25994860359
2.00654728027
0.0405543543253
2.99934895796
2.01360805048
1.08646464057
1.30680815979
1.99443177478
0.627067744275
1.9168345745
2.45824704871
0.0118344880227
2.74700822139
1.28263635517
1.37328371099
0.153441778682
2.66565914751
0.339022909694
2.50657751153
2.04252016135
1.93724275711
2.40593326023
1.68135475223
2.55676515564
0.432414284582
1.33069769564
0.0917653637634
2.80290294887
0.367244674496
2.08841095009
2.81536164552
0.219238574222
2.63287422226
0.15799460329
2.54896836563
1.3059405048
0.834784914566
2.97778976105
2.08318136666
1.90336221937
1.28646470074
0.457633182565
0.433411939843
2.58408956819
0.530526305133
1.93762978129
2.75883672925
0.466095756428
0.244597652193
2.3805246658
1.70113879573
2.21011521246
1.86591939549
1.17945036087
0.543662905125
0.40944513028
0.145093195413
1.09344835244
2.51179037582
1.87384569124
2.19628483478
2.20894490132
1.35791196889
2.01723852243
0.47752185979
2.58806807863
1.84356835445
3.04748057244
2.48726346503
2.40112763026
0.187532506374
1.9641919622
2.29735653871
1.52164805577
1.75131994007
1.51601372554
0.193560693523
2.94861667571
0.0581510397519
3.12077545046
2.485388225
0.807628800242
0.828361451148
1.55857808822
1.28906276829
2.03323612585
2.72558057919
2.6625564283
0.656534477118
0.489338279468
2.39988269324
3.02702681022
2.09841362889
0.89796716333
1.8900155524
2.05614964478
1.17481063877
2.5875866215
1.1624050484
2.47319168062
2.78253122777
0.983634328545
1.74410602949
2.57138032391
0.0592770732053
1.10778126715
0.76784800059
0.649798727034
0.0593498692001
2.4850418508
2.8011777554
2.35720343869
0.530239788429
2.110196171
1.06175770244
1.82656235465
1.10019435014
0.209952398359
2.97754300029
0.60214176443
2.04399855845
1.27853082483
1.27592682965
1.05116511215
1.55618376941
0.275475464633
1.57956037644
0.883604024515
2.60899482149
1.64062016755
1.85087928907
2.65959621525
1.24441148365
2.70390110675
1.62270247712
1.03005956386
2.67427784078
1.70577992601
2.39027397648
0.261939134215
2.38978345021
1.92712418802
2.68356095849
1.61458732224
1.13456440303
0.771624604692
0.145793896172
1.33037562786
0.415923995743
1.27398419552
0.480530440852
0.599334225674
0.0785487203517
0.0636359512045
2.33554070089
1.42676375859
2.96941377768
1.40600486882
0.788418551598
0.254788282004
2.61620955988
1.84839800209
1.60951369796
2.32339939433
2.29452198504
1.16761082877
2.88836339667
1.09805908185
3.13784073772
0.688403372357
0.360386106436
1.62409524342
2.79149381825
0.923118013395
0.0596983607696
1.82343098002
1.78109283055
0.214339719176
1.66810206801
0.828802434955
0.287094383515
2.19380212491
1.44643572257
0.420053401605
1.31291676985
0.0957989530771
1.44937593975
2.46725718735
3.07406865772
2.52429536215
2.01429235291
2.53409082664
1.78591477065
1.96006515882
1.79458369561
0.574372775896
1.06609882189
0.362445289411
2.06900658667
1.41598018016
1.2564730844
3.11112503217
