139.153922312
421.885137409
74.8583981674
152.089801912
94.1002628721
53.0470943625
34.8374707042
223.839025744
229.765902861
139.392477173
459.108683646
48.0520566728
67.1011584689
120.070006978
76.6100725821
259.691684519
96.9784753902
21.3275505071
71.8065434673
112.131754895
920.624547228
83.1204688719
184.438957432
163.870531283
384.639581966
66.6704016557
84.5004562245
108.79397505
28.296951535
192.051065513
58.217571608
82.1149281452
80.6928493012
35.4046735131
45.4784390553
71.6939826583
179.784841651
402.26635929
281.050568667
122.645625534
32.7192468291
100.526033778
213.051123267
88.2253175398
157.775326362
449.942509039
64.3709345165
97.0042734109
75.7775805627
27.4679220925
95.5532747196
32.0046901538
65.8418193461
90.0316820544
27.1780546587
144.450498471
79.2222726948
51.269332538
229.358377569
70.3423053784
37.0694430616
350.643719045
56.3626293759
80.1179214929
62.0515724461
95.6572793666
68.901261562
63.9848211911
45.3659676938
71.2846592542
208.449121778
173.419841438
130.245786596
142.024371243
88.173554489
109.269197534
300.787784955
427.659202173
142.467307516
106.845149515
104.760198508
78.1326252253
61.4558111155
50.1697454898
55.7348433066
50.1684530598
83.7809213527
90.8237077832
117.312587043
79.9939215974
25.9007278446
72.0370718311
210.512151754
63.3656687378
52.5728586438
63.5289893788
161.527535164
184.472643822
74.7010563612
136.864518797
62.12906527
77.1289893109
88.6997444597
167.120670449
100.051277415
62.0723184396
47.8189220516
80.2998366121
76.6232079007
44.3621252848
96.8269553177
91.3090209629
51.8382472756
80.2387467103
59.7345787191
72.3804290442
379.65941274
40.1163507763
62.0912314034
249.479023763
80.5770840475
123.044556781
256.512446829
136.363496875
58.7860402469
81.0561034757
199.954989866
34.7748026509
53.8984306348
29.870451174
100.379850352
222.167582
108.705034068
62.9391076028
33.4562040119
36.6342561732
95.7606479111
158.508174497
67.1759042427
248.888440972
147.98266853
73.0171442172
38.7046802578
203.090494365
128.700050847
106.553455204
67.1128846209
63.8737034635
38.8340415357
30.044626946
74.2633596062
76.4201549599
73.56770872
719.307125376
76.9653906081
65.5895983717
85.9437117734
48.6372608048
105.293474236
150.189537588
82.3314394551
70.0833028446
74.9887166294
98.3389359424
136.407433502
188.393958294
286.039512401
71.7279948517
145.580988181
120.708273656
27.888688621
158.732919099
75.6785445069
73.875758725
238.092620707
65.1388191053
87.5209665764
138.381765369
80.8956022552
214.429821793
93.9347704867
101.436550043
65.0360373352
77.1782232881
93.3903993491
76.9029393381
71.3411751403
162.716110178
72.7598595734
123.658463717
75.8418378457
28.8520091116
88.323812581
103.5299742
345.161808536
28.1336216776
402.533255935
81.2948025315
72.3657310617
45.0515254276
82.6514081225
83.0540358637
371.964826473
32.1159623492
89.0361465843
32.946595163
80.5230833287
48.8643311387
44.7052913367
72.9205912154
39.3005661938
86.1550446626
133.051183942
44.7211268092
99.3031491606
62.5998044388
62.2689204716
99.6152974659
78.6321930555
58.0573779148
110.229839481
82.2034668231
162.146167804
122.22149631
72.801185096
398.12377923
39.792205703
494.556395773
58.2979682033
202.921595525
184.727203763
104.713610358
52.5628967536
240.965554284
319.850179365
45.9437160686
48.7305659134
25.7089534076
86.6936292376
77.6879004868
588.734831816
84.1895240885
77.6440028794
615.713973656
30.9212732069
109.45688067
25.7904368709
316.357474868
31.6038891409
87.6591569625
149.764150767
39.7112497392
64.9522307078
198.815080632
220.846129209
32.5724399915
169.05773854
69.7172499429
64.4832834964
72.2058252552
62.9655101331
36.5349142654
39.3135750654
62.0815018432
80.1551208151
72.7460179836
65.7012966639
75.789578798
54.3850567121
80.6454174082
122.360539603
82.1957609752
66.5769892911
24.0065609736
212.702398286
85.739514445
48.0074091633
791.594152691
65.8292147109
50.1297017723
68.7302736914
26.1772949715
15.5024554647
40.587665712
193.169323755
96.399991389
67.1130311771
191.023877259
116.990962126
151.565206254
53.4342041078
208.265971077
280.27263824
60.7096607676
214.660011585
73.1544262585
105.439323334
57.1796087849
120.028605291
123.939211828
62.4864830475
31.598162122
49.0852653823
84.0551812146
59.1308153112
500.002858372
36.5839327162
80.3388069187
54.7198524811
26.4999903453
121.5978343
44.3977777952
84.1059267965
199.478351316
42.323478187
462.783965287
399.576534896
100.928299489
150.744004013
30.2757778934
79.1117746085
53.5118508911
78.3026869862
107.990369224
45.290876581
86.3984957233
120.580155113
106.883809499
95.7436001362
209.358122477
78.4978455046
305.136890796
76.3880659863
150.862856662
111.609298259
57.4360450103
48.5099620181
64.2358303205
45.1713583988
88.404350522
94.5530224778
118.961191838
358.284858077
85.5816793767
103.477277159
83.7647398756
271.088930729
72.0934253753
79.7481142304
43.4688246678
275.042578551
160.974232054
166.505707268
118.048107964
121.364629877
131.452321861
32.2375857373
78.4156644002
33.9837941526
137.552265696
171.778621766
35.5278767139
217.819552604
43.92843717
170.919596181
80.4594590861
77.9295253404
64.0967673027
69.146207933
57.988697971
264.618073244
307.159526174
54.5972958285
103.34003898
348.235066407
94.1247281632
83.4186044927
100.452402029
64.6732850755
64.8654343115
32.2383464782
30.3796420165
76.0050983688
176.672648956
93.3870122876
83.7005895776
64.0002412385
183.840064382
34.6665922705
57.7759086296
49.8263943955
19.8024473121
224.477628898
34.6143265487
219.057158447
92.9590824622
71.9455427593
128.907648428
42.8355756747
69.0911145894
68.1369084466
48.7762005766
28.4709505967
195.625818134
21.8748803913
40.5969791016
20.94170818
185.773592754
70.6213459714
70.877584182
57.0214623365
52.787213339
124.869773089
183.9696355
43.0539728379
94.0955622252
103.612085257
527.491553639
342.227710919
78.7932318508
177.472765494
195.554128442
55.7205756051
31.9975775409
78.9109778803
84.7946951677
52.0935718387
109.987887361
384.937955539
97.8531687879
254.806540107
51.8446215101
77.9236998898
336.155741977
120.105855353
689.234629674
89.919170694
68.6116718751
66.1675917388
192.851928165
75.9053976097
70.717115344
197.493563875
109.679079779
62.5522130552
67.0161624348
372.320587409
35.1641048565
683.561268879
85.3558421244
130.9359158
100.031401773
78.8470452492
70.1846450343
32.0318927186
84.784232614
87.4896615424
220.021679806
85.8738635565
256.898153763
80.8336898647
59.9384243715
29.4536334454
26.8661329783
59.0176849728
372.705871969
131.870805663
54.8229084947
126.149162132
25.5271675682
128.261920572
73.6596302513
59.6163131317
170.974593139
304.261438686
120.373393547
160.653043459
42.5870601856
71.6439162086
81.0720079114
86.2377755679
65.0675918845
43.3938793338
61.3927572737
56.583042616
77.4693651384
160.606402937
75.0139943178
45.2944865682
37.5585108456
74.8079456137
113.23088188
99.1804792897
509.706621203
100.119289375
63.1724271656
34.2565264342
52.8679072276
77.870059232
68.3220858429
66.3492220613
81.0739298526
363.751490214
387.079404511
78.5955072255
95.5510396112
35.1317885189
95.2183941783
100.989835398
75.9783475711
24.1793740843
99.0055029958
57.2218170796
158.230871704
150.151058816
78.3553050826
35.802765097
48.1633075212
68.7298836131
105.234029079
62.6294574662
103.733081246
32.2518241806
84.9130983014
107.028918174
85.4879438493
90.705520277
79.2729816975
128.985498463
58.8114802343
66.9992216716
167.951098233
28.4072954197
29.4391642859
79.91856537
229.019729598
110.997590186
52.1164416118
143.631404851
73.7954288272
37.0939759744
88.2573749963
109.132514862
66.3989606416
88.4751541822
166.242258624
256.545542571
75.561235952
56.3082393909
57.9370289397
99.313204068
57.1936381995
104.640610457
584.668576222
29.1622028522
116.151234448
67.874578822
47.2348587119
47.3254358319
108.456129235
76.9013521779
72.2724161055
69.5530339439
63.8092396217
77.4890072229
165.813951544
85.0567804179
22.3133967049
72.0469206222
83.4636068858
126.008175848
45.9480123031
86.7150085968
127.384592806
68.734832105
61.1135136708
17.5281735585
199.716578981
225.36530212
79.1489776277
541.152727884
1103.98381876
89.5738596505
204.164017357
88.3440804599
141.259911805
438.70266786
77.6219110525
73.0542112927
77.1379273418
65.0606645254
32.9708135307
81.9700825721
29.4485916278
476.001352407
75.1120921154
93.953240747
52.8472244946
78.4638594231
69.7758604192
54.6253185295
72.6608739861
60.2886597877
91.074452791
163.290293624
147.991489463
46.2475553991
118.887593866
82.6172971937
179.905026426
73.9946277954
90.4215748531
50.8668066901
79.5348828272
78.9696973965
88.0216671483
77.4259793793
145.715627329
50.0948599589
174.937545323
99.9998508194
41.2656346917
182.033600911
83.3029694697
97.5164859216
159.062633114
71.2727365964
78.7933181289
57.6675942373
108.768944604
58.3689518511
70.2327303306
256.609860319
126.289935138
83.9668739487
44.7081755612
62.8879996973
63.9545238629
74.6911603754
93.9380838331
84.5550989276
80.9102020826
153.596524554
219.72440478
62.3860204484
31.2351008101
58.2801098026
106.025666719
296.39539739
98.2463593956
64.4351316594
60.1014053841
336.019028936
77.1021078649
56.8740137105
64.0703921714
91.4205143532
66.5748041467
103.237266286
88.0890876004
99.5348177382
119.13782174
234.106749132
75.6743565679
241.673737357
28.0517762959
82.9979755402
103.455083895
72.5618787417
103.722863955
95.6646465747
455.269802111
100.701465099
41.8272757301
24.547719868
302.645468222
410.232522645
179.674707046
98.9260084259
77.3118197879
62.2238198218
523.151473574
113.281852242
88.5676338032
147.697976452
223.436320727
63.2852122561
46.7098201809
67.2843226306
76.8710336554
63.5380794563
79.0147156271
170.49784268
291.104790143
75.4766758396
257.113968507
76.1172684412
254.231610922
70.0748464883
72.817858191
79.1596572989
121.266592326
47.9456326577
90.6059711675
82.4913628913
167.601665856
136.846835495
62.6918088314
35.624481736
90.9956810342
234.581411584
448.586440526
36.6785451671
95.6376625713
84.1418411438
162.118562692
100.039768526
132.502686166
223.439117369
104.655023314
449.826204281
322.168209591
71.3372303541
304.893753828
107.366297084
64.2160445137
43.2149211425
90.2679810004
73.5145820677
43.9068381351
138.473342004
81.0605690782
38.3435984446
89.8884900974
67.2327742018
32.1812141763
76.3773059153
51.0428383312
173.08424934
158.117797398
154.292901439
67.255397266
24.7904727594
43.2446847061
87.4412670749
73.2795223205
99.4802580609
70.304983007
82.6829152081
169.346196418
344.766439606
55.4141525174
76.0043748402
247.011036688
67.3376362687
197.511303378
60.1620151756
121.355372693
69.7191749084
14.4152450083
89.6468473682
84.4053250227
142.483518042
217.85459995
84.8505568218
80.7855199795
74.29861568
85.470489355
31.491701505
78.5272995856
97.8834623448
105.56810698
92.0560324938
85.9683083202
129.690409823
111.671519413
87.8846231528
111.492925199
52.6742497401
101.507860589
33.1044242661
25.6633050555
115.565433851
69.3636194694
256.677622615
75.4860260424
26.7843092274
328.31461341
194.023093907
63.7028222831
146.762599093
49.7664538262
54.9954920782
448.310825505
87.7490560223
174.409639108
49.2964999788
71.6151346118
87.4859676698
223.422099698
77.2898451192
122.609854182
72.7038607488
124.411156966
213.03929659
67.0875759426
188.753430547
244.298597679
39.9076560371
72.9499558799
36.8439128905
129.516819934
28.8152701166
41.9494271094
132.891756429
221.476736556
246.406077713
88.8792281463
43.9616532975
76.3500464157
359.200826946
150.81967225
89.6286176279
76.802503915
301.376757582
602.371560638
68.4640486946
157.767865859
72.7536046111
82.3577737657
76.0804963989
242.839365148
76.8409823927
49.8785641689
255.276235377
81.1827094236
175.432991307
63.3517062951
248.211684491
553.126420788
35.4880334848
150.790993133
68.3201494799
148.429276016
53.829879008
33.9960647456
41.8865826699
80.8727995149
58.2294603005
26.4841288731
303.01021017
48.1656197973
102.63212307
199.920139122
61.817515186
149.4893111
295.834665683
155.174687974
496.477748937
43.0969552667
574.777079033
443.022873086
643.075228899
102.640174955
336.585872886
119.677487068
103.580369921
128.269147416
66.7175261398
65.3180384213
148.140634294
239.725828111
55.6633264625
154.468574748
39.8615493586
53.5558207045
81.0751505369
74.8460783097
326.299609623
425.175799582
155.76963787
34.2185280835
75.327537344
73.4792288381
25.667282129
205.491588277
65.5372326975
380.663596917
80.4878153297
41.4694130071
58.0007284774
274.594632456
33.7076443656
129.014937187
67.1481141187
77.4946278063
59.5949214065
54.8820028692
72.9166168117
49.8481197853
139.278161329
11.641809393
54.7828049422
63.5806032898
22.962531922
109.846452208
64.2274516399
74.4507461316
162.463149008
90.7787706064
111.259378371
98.3819248757
83.8372693972
99.7343408099
116.727469216
42.3043514166
56.2381644702
114.171986214
107.937506888
56.6042578238
80.9050999855
86.995450251
139.620037979
110.776269685
113.063932543
20.2279542836
196.395226204
142.862066199
184.376839437
28.2875061265
64.3409537591
173.200803647
85.5281554103
126.596682798
180.463267964
505.153571875
410.675898305
157.036024257
138.626625335
155.206889698
147.644850607
172.108722164
506.136029705
158.960556196
120.581765971
81.6508022852
155.018891529
44.4340274544
374.79783298
142.548723315
142.218594066
90.0212189312
87.2637355126
27.0288978766
58.0943944585
169.324499774
87.2345765655
93.8830502063
510.290663747
60.8223883809
71.4313495249
70.9243995303
404.64295261
29.9322236216
73.7026822181
126.226300738
209.994194765
366.658476654
89.9805450247
236.990018588
87.4663198126
83.3633691973
85.079332498
56.310935946
61.9380154149
87.5011789624
67.6547051275
93.5790426295
139.117735124
148.687774948
168.65336915
180.722477003
160.334913162
126.432205725
369.845035926
60.2595440426
433.101423432
365.967314284
186.79433056
186.67840774
81.2108628251
84.1204411758
57.2966593626
151.530160388
27.2184938798
213.712537101
56.9945583738
69.2287623893
29.7810882915
256.467563
113.670861693
81.5312173176
68.5144909806
115.31426384
203.251590094
70.7520706584
85.4659801772
77.2630874783
32.7794007302
43.6883555218
127.01293263
1598.89737128
480.765606075
126.674079182
52.7369174495
38.1353020845
75.4150511148
111.505878941
16.5913476826
236.657934507
61.9955036243
86.1186269503
69.7000808726
280.674697338
161.746833667
93.763165568
67.5737688037
359.003787291
57.9012060619
539.29752173
166.620586221
80.9311766681
180.845958886
207.322092633
88.7856177579
125.385952359
13.9821008446
238.535268205
204.091283242
42.3212053182
127.527769468
65.1969091488
132.351869861
22.7127225492
38.003181007
98.7856880911
86.4461285403
234.792808301
76.0938362006
22.4703792377
29.9686973521
241.140835708
41.3792930832
79.2282420252
47.1564904783
76.9510047659
123.283763173
69.9117546947
50.3496774538
189.810775484
173.004383963
370.548555637
166.119116025
237.047767854
96.5161690532
272.766180571
58.8212070707
93.589832168
68.0718638814
102.350833974
93.6623658113
76.9971835405
166.241415852
65.8578723413
299.020874771
74.2451686416
69.6376045405
284.253179037
75.6517361139
196.634318809
54.8304321551
277.630256308
104.361308239
91.514878799
76.4408154993
49.9533188353
64.2052097274
61.7423302613
195.194036067
336.74949867
80.0660865431
68.709110095
37.7582387878
99.7914860525
83.5006261556
146.614270606
183.159386841
37.5666293119
66.6908150172
25.8692100973
381.401929576
183.163671409
153.990624493
84.1310335405
63.1831410236
1284.05119104
46.3653788596
111.613860933
24.7966350651
59.7991076314
86.0091676049
82.5597698471
105.171509407
195.099654573
73.7618111966
106.427840127
61.5234995964
50.14303865
87.7000683223
81.4072313176
78.5054527076
63.8120580835
209.785046137
63.3106655482
66.0054641018
60.1423749513
106.923997175
53.6871058923
114.458379228
39.384394489
127.181577147
290.409715749
65.0768738342
152.34058111
54.1305626381
96.4578760444
252.649240193
84.1417182832
117.936738825
147.965062768
184.875749996
149.124413172
367.120578188
62.3499517468
68.912470932
63.6050507687
209.173160953
178.672449711
283.009264359
78.624653168
237.805653198
24.6294082535
22.7929303089
143.499224509
48.1897061469
159.994880752
71.8284248787
308.182855052
71.8258565553
82.5380314483
598.984044379
170.374831893
191.21452115
86.145495251
25.7807131845
105.435691142
68.7389646271
221.456245103
70.3582918001
36.9277568427
66.663661996
109.652704512
77.8962244306
244.276105064
41.6342600618
52.1776437621
40.0296956604
96.8202071149
65.9451553431
101.568157485
310.082727209
80.7708310635
45.458119411
114.053469206
160.37225229
209.830029743
14.7762898299
80.7920506164
64.0750529013
365.401515411
86.275940536
134.221170439
34.8466929697
73.61687144
100.662768024
67.2153764852
137.103051509
91.8480261338
71.4270714411
308.588082816
233.192809757
59.381289153
71.1075904531
63.5145582242
61.6754713117
59.7326611515
55.8376295145
225.60543531
50.0569248438
97.3642178547
50.0540256949
308.199990901
76.8103101946
206.516474885
52.0638436181
80.3656905959
125.524673079
55.5156277971
97.9218605267
112.123836798
62.3473185883
38.7754129887
85.0504584494
150.68690484
90.2102356079
282.44608778
77.3363606814
98.2545704234
30.5158525368
123.48128691
70.0685604311
159.13977226
80.0540964141
73.1899303464
60.8830794994
328.254585308
53.861184863
145.126987591
70.2759886318
486.19132086
94.6622376932
16.5667966487
325.547970501
91.7909965114
37.0762050594
117.462404434
70.5057395564
79.7662408293
79.7985203479
120.183100976
75.3909711189
133.02461164
92.3248267092
142.306792393
67.1444951383
24.8424886947
41.5032481896
285.736735066
326.398868261
110.408655194
194.403203499
305.986763219
76.9357761481
48.6409216329
84.736720986
147.317793449
75.1396114388
76.89099269
133.791837789
52.8957791049
76.1377764937
74.9309719878
107.423713642
83.8285389876
83.4645567584
577.043096908
91.8588458611
73.779298742
139.788681351
53.9910195486
114.085941714
54.5757493285
97.548144357
243.221188565
436.138411385
67.9490368144
57.77331246
95.0197727739
75.529066182
56.7079126265
27.5687981011
253.666365803
138.565489018
68.2587556503
93.2768609559
116.413173273
71.319436711
51.7459808707
394.230580486
58.5404985015
84.0425066884
211.441582436
95.1516115955
113.372142977
38.0695993442
82.7366356127
90.7097717275
48.4546899364
76.4877284789
64.6545723253
49.0312616735
327.486784074
282.670927102
60.412161017
641.902889858
208.422028777
45.0251733863
44.4327690806
102.794117013
28.2856271609
101.651568223
55.5222404231
82.015730319
27.8951242722
58.8506655591
50.7898095927
50.4805796095
76.6512995428
95.2106340886
103.152604787
54.1186669774
148.930997479
192.681380659
87.0621711417
72.4542421654
151.760068732
170.573507895
201.495171191
38.0738862258
132.72201106
86.4996747493
160.38804612
124.264255567
45.2252938567
68.6585332956
80.4369675666
75.4051746772
323.49602797
69.5752571128
281.417799069
88.9940923118
66.6622060046
184.14244519
132.238752829
55.5306415718
856.623070199
148.178550458
92.4086997516
182.362442669
79.4375282914
77.8462074763
45.9054184302
52.1687235816
28.4797425139
60.5694228617
60.371720888
77.2923411462
381.673460816
106.831249674
199.639479837
51.7408853763
54.2698039203
91.5246767078
128.627777975
49.6644839315
43.2131404303
76.7850425066
59.6033033345
80.3225096163
156.218443151
43.2398309308
78.626351673
65.956738938
70.5728589411
126.426793757
52.9552325335
154.470328509
91.575677762
33.1676325352
176.896036024
33.351395264
134.281140266
75.7750807189
87.4326966112
74.4850289417
96.4032062067
76.2863173022
58.7775546672
45.5251929704
48.4714828301
57.9166825853
63.3281814151
86.9166173201
36.6026721173
222.719791316
87.722406747
52.4121597642
83.2670013931
57.3799212299
225.225030722
184.328726414
91.7887955418
56.0948860221
84.6873811065
48.2977912198
81.2345216114
28.8640442856
130.251671413
41.4204498921
89.458927214
69.3063477096
50.7293920324
49.6194189376
128.824552923
45.8441196532
80.9088526562
86.3533099693
67.6803501248
96.6986832957
58.841008743
571.358841182
102.392162084
76.6821879459
152.42036475
285.22044826
654.456963702
126.966262315
56.3826879308
40.4845781787
105.337036675
77.7682285528
57.5846468242
76.7107213043
47.4199523095
47.2765121526
131.506085279
23.4922407144
78.4616889555
63.8615391834
103.357551885
83.7207230021
92.839528917
110.936139538
64.1991601502
168.248532208
60.7431790181
77.5625412504
1036.58236074
65.3295390415
109.117446958
88.9167562824
292.468713264
48.1287174596
105.427012561
91.8761163728
77.9846987273
170.10762236
25.376948207
106.53844942
36.1516147362
77.9137209532
66.1638999839
238.0990416
83.9334321195
46.4102394029
93.2750195698
92.5359718168
123.427445659
77.9279550602
428.221236937
57.7087118639
67.1783962212
347.251472934
159.671546296
88.2234867746
181.353588144
27.0057561575
69.2073151102
108.546326912
272.923475862
77.9580328934
147.981940582
107.300757625
79.1730991315
64.83559165
185.570562326
85.3259938119
343.893686801
146.403011738
56.730477945
122.196851683
183.220318663
235.083657942
363.994630023
61.7210346737
600.244307711
73.3432753499
62.5619996267
51.2964878979
55.6572300913
150.612952882
64.0165294173
70.0958846462
87.5042627191
85.1638262096
72.2700016038
63.9442166886
52.4993042299
268.285414736
134.205830822
59.9043728777
183.796435184
133.717097043
45.6736110592
81.2647213936
73.1245876728
77.8015070213
693.920976747
466.389860337
210.34039912
49.6070371417
176.651321472
76.7390100173
72.2328798084
112.055612861
99.8048423812
419.842981772
124.42005863
119.647050313
54.6283511144
51.9726060319
69.2452390743
45.0190945673
102.40280406
50.3729527597
93.8984312396
104.014195267
73.6680898103
38.0347060321
39.8921328048
60.8102825535
71.6285394811
93.1688977609
137.980238298
125.303150742
113.538863319
300.15655931
98.7646882021
213.508379537
144.498743894
52.8973019717
549.228899852
191.494696337
272.121653232
151.698356837
77.1524527548
75.5071462983
132.391142318
134.781804578
71.0701180949
86.0148960389
168.123436468
39.8937337858
42.5551459295
59.5653041126
41.2424411189
211.149585683
68.0673889916
55.9937933277
178.477663011
158.259218823
122.854414178
74.2272682894
30.9894933414
80.3286050773
85.2516706913
347.309541165
66.1833147422
77.0664770962
58.8847875772
95.367471491
57.5272937054
163.064819471
58.7400181298
84.7050202228
167.510325414
149.894620403
135.831074634
371.546239003
40.281487904
111.398355627
71.4549913738
109.235107093
82.4804471506
61.4450071139
71.2562725343
147.193278195
31.2354779891
72.3633813887
168.079975979
147.872386464
18.9294455512
343.90579667
70.1515705822
104.891870398
32.8204848728
139.480774837
67.2080160873
75.6516452041
45.5625795805
132.798017741
146.588853125
49.8380735531
62.8700070965
1227.53268471
253.835868879
88.026143157
171.571497592
1801.03338175
83.7461251539
242.943881877
127.42640164
114.778928629
178.523041331
526.551737816
141.940091703
63.5286555002
236.606020471
112.495898135
77.4231611605
56.4725861438
39.9385036964
59.1644140076
186.783516211
565.509037214
71.5489646582
106.747893809
41.4444672575
91.2635994468
77.6511454053
67.4950697354
119.215770049
99.1264431273
595.000314383
71.0244767853
61.064733637
367.29712194
74.0378259954
64.3915499661
73.9678041416
2167.21172584
134.940512766
57.5253764204
32.3550815558
85.9202410298
18.2506813987
211.556757845
74.8444455755
103.395133095
115.018195605
27.8809237284
50.8325635203
148.093170161
133.192724486
999.734448043
46.6821501924
69.1119543237
241.30537386
64.1741391521
59.0519097298
51.497250111
157.424300039
154.012413605
52.0448689582
92.4549463105
165.906870893
82.2375081193
55.6024734005
46.5255899381
54.9343610199
71.7668925186
115.161395286
65.6590139595
89.6600856636
625.479475515
325.917710194
296.546388409
508.274619418
66.9925637557
126.373839153
77.8319494451
22.2168997778
279.421157044
46.2814276661
251.106734219
283.118627085
285.203931606
61.0548688753
146.795809904
151.018723941
457.26135381
109.293532926
77.580908031
85.7519772616
113.602589341
158.33579608
50.7227209047
49.6043422447
81.4755326608
40.5018528727
430.197485635
222.935311764
71.2131880894
274.123467231
31.5822263477
145.150740328
69.6622970557
265.413486749
70.8724016762
53.9213596897
33.6813136836
33.692764709
77.4425917825
93.6806972588
74.9761426824
54.1904281322
126.718862598
329.82481214
63.8268162256
69.0302135675
233.221292682
21.5300157353
74.6028406989
70.5676457758
73.9042371017
88.9292829535
76.1055809213
216.03311498
137.079344999
82.2619161505
120.970608791
267.211967619
45.397988152
128.362493646
336.441258397
212.438264329
110.277775771
62.6613890968
80.8450371407
25.1560573133
248.005862156
180.988557995
52.4765332316
62.899113142
277.703691448
96.9478008359
196.10863156
17.3889172881
278.486588783
137.862569975
105.122152458
36.2424073353
72.2035085292
70.3646819137
83.3348441262
69.7466897558
33.785162198
72.5348128598
82.730104593
182.434903302
79.2315184806
67.5107938315
423.336544173
27.9498339532
56.4172472603
104.520030176
51.2034559407
108.538109111
32.457876261
116.497357261
81.3856317167
56.6141933511
140.382381019
57.6664599358
111.900500463
77.5333314544
275.689015605
103.803736997
23.2711965786
104.117916562
57.1130413258
120.182682499
37.2292474685
64.9270996354
72.3564696504
84.0145462181
106.783759353
108.06486857
52.023999049
87.3208756898
124.001446459
70.0270317819
78.5471402749
72.8694589617
126.906566844
146.03299529
89.1042552843
83.2760989161
157.918769983
70.2183822851
617.351580422
24.272618572
81.4092352713
51.78753035
53.6074356711
84.1343510155
115.578500694
95.6895696869
171.287884106
68.3180968852
124.873395012
14.8711895415
51.5748765596
120.098549781
68.1640642778
69.2683830407
115.818779063
66.5997618025
77.4628108449
52.8366631713
81.3256522773
37.3106002296
73.4643204206
22.9061540165
76.8510949149
88.7044216022
130.874453097
20.2245958951
209.01254617
193.723179741
105.692271612
78.1318439645
79.0530715404
30.4223965299
71.1846275869
68.5837787114
20.5447749806
104.621255264
423.081417688
77.1526542561
168.322045623
46.5057017896
106.397642329
87.0017898532
53.5580427607
101.481819453
39.2632072254
128.333106869
119.928773294
128.000800432
203.501076028
75.6987877109
186.034212796
78.5408379922
33.39759173
84.498287871
239.45997211
78.9863387685
94.5974634341
53.9896121698
45.8805118011
45.2677782479
63.827875857
279.105870171
30.1714712637
73.3521428707
47.875039274
116.243745693
81.3602091864
78.155807031
32.8106534949
70.8768162378
143.781562582
67.6670824275
76.0809458064
71.9295619871
138.121615818
75.1344629251
175.668269795
69.0013554776
69.355614343
70.0476853509
109.924161788
78.3680536912
169.330230554
63.5569014029
171.965029476
328.011255142
131.466529456
68.0634520671
35.2586996046
42.9755733345
89.0105619643
65.3244661863
638.723983838
101.950108788
179.688283686
99.3580253456
112.295024081
167.628590858
231.351426496
92.7582548876
80.9678416513
61.6744806835
79.2646464631
109.120809982
118.67530549
40.4350845831
165.554831921
100.081159204
64.339190654
33.4176888765
29.5600750529
143.25610937
77.370239657
192.457626203
150.322977333
75.1981150925
40.2347842857
64.0117800356
97.2609290201
72.6534018358
217.867482137
315.739319222
59.2693354535
70.9013683201
35.4086392907
62.4444485352
97.7080181369
796.464872054
385.627146981
76.3489866049
72.5931661021
39.3861061217
118.210141202
113.504955941
46.9717204803
137.476955753
244.175347056
771.92887594
76.0396634697
105.674709763
57.9521393862
57.3789859495
80.1094922352
356.49539761
226.547766779
113.957322113
88.2228547417
164.892770451
106.372223581
64.3061045421
104.675462653
191.263045666
170.727309253
108.443271594
93.36416735
62.3833890214
131.371899791
64.6996168737
86.3318072337
192.771549945
69.6390411414
104.225939767
91.5230104237
62.6395535594
345.986215278
71.0494477531
61.7192567711
257.481843743
68.3428523934
72.5691604042
46.9031495251
99.0476307779
74.7254422392
128.109012412
334.365800708
72.7754371612
116.386323301
135.855825004
293.267667022
51.7917742357
64.0962326823
207.030973059
77.1305241734
101.487698502
99.3724741974
70.3549831272
84.1708038117
75.3135029279
61.1353020238
31.9107987262
102.979167718
127.964740039
271.312424973
78.8919958292
78.0395896713
106.172299387
28.9050445736
42.9301260165
79.3416965577
75.8859156713
65.2976556771
806.387427275
60.6801925815
132.659457987
113.216719786
83.0871505099
61.154585739
93.0091639891
84.7056058188
48.9171470469
73.9216599295
67.940544508
66.1907195499
55.5232806932
712.496591291
35.936393476
105.62631913
311.802789577
72.5887340528
49.7998325095
306.489510032
72.5604356907
37.9893099019
28.1549270257
75.3939259518
150.734622926
76.0674780912
228.616204577
283.244325435
199.843174669
292.610826986
48.777054674
91.0283274576
177.781320536
51.9191823348
36.4017271934
78.7129626426
144.350250885
95.4181693184
78.1626571402
132.414054363
74.503830074
22.6296158166
145.31061103
197.793379323
201.469754233
79.951585095
52.9156228202
74.3474878614
128.55130555
74.0434404434
75.3442801924
179.975343184
52.950451352
74.8217594363
57.4453665895
83.0030160347
69.2583748775
52.8373042545
59.9266543458
41.1512695392
196.005309989
26.995733017
275.648882349
1214.1753295
193.257553531
69.383343432
27.4743978352
73.5962807786
51.9036584918
63.9776082212
81.190805135
179.852123444
74.1323567185
45.1240527641
33.987290699
101.423290806
418.210063653
38.8067526062
213.127153011
47.3344916068
99.9308953842
91.5817769839
73.0460077268
86.1358587901
41.1410225248
79.0441077168
46.4111095745
123.577181756
446.045935965
149.004617349
56.6744562361
57.0525492381
89.8508967391
57.9678962729
160.68864485
122.692601976
79.4878046396
122.979909254
54.9489329764
74.7646236827
78.5551962896
12.2012034048
63.7379851253
186.254848063
119.924238066
36.8084162714
108.874220561
73.4764684365
65.6328571396
73.9981913866
77.6055045334
22.8846904359
38.3771247421
36.7661587027
61.1653865227
130.843636737
79.2124085262
133.801069485
79.086117516
40.6913116112
33.4876414901
548.580550694
31.123468658
96.8087768749
19.3118728218
39.1519758023
33.3230289587
65.5199534396
62.1650237073
252.92997733
68.6720067608
200.157088249
153.369869159
125.609077587
131.969524847
47.2532094943
144.025061294
95.353551411
54.5194551709
78.4222784059
36.3780932852
221.968508913
90.2375906457
224.086460386
304.805847624
53.4361258862
70.328013873
79.8754452558
124.604169036
252.918489659
51.6009454097
80.4174822997
217.08911363
210.21639616
77.7731798902
285.883112537
16.3716583904
86.612469652
35.3432055478
87.5106971812
118.633592751
87.4395002682
70.4045696221
70.6590272207
71.2631384786
148.223625721
94.5887557544
166.974692424
328.325968072
131.412059893
167.983983602
162.157698198
27.2175767446
32.2175737939
71.2477529722
79.8894972375
366.297481504
136.522304981
85.1234608395
96.5393007991
238.196984851
21.6635298073
128.864752324
55.9445136632
126.026673562
19.7098989197
230.825403155
86.7808185561
92.1415394999
58.1103620001
89.4036269943
31.1268446902
158.450767127
69.3364456726
102.574563616
181.865169425
72.8783962182
95.3463550512
45.0915003903
138.626049719
67.1680412296
158.936667491
231.536628954
28.4210257098
71.0372068393
66.0348786698
68.76600886
104.386457841
97.5280576674
168.540109607
119.891742627
118.918926622
415.778046423
90.5060427343
211.851599385
89.4214016434
65.475471948
29.4270344778
72.1789693937
72.8860640601
76.0563925389
104.703303013
205.881830322
71.6076038581
617.070698868
132.652807052
143.25413886
136.161474272
30.9446254522
123.764646968
376.581416685
161.668028304
79.4668514329
78.3236609594
143.665566254
87.3792465917
89.4581607965
91.1380264394
126.40637853
81.9165695089
137.616939427
52.1683829849
68.1594512915
73.6508570052
82.9166256832
128.130683657
90.0727852303
51.0722402481
161.609155836
11.7441242198
139.754151514
109.34180836
45.7287882343
93.4033089633
45.0654496998
43.7802454532
223.041481423
40.1039981287
123.667502837
636.544645823
99.8989707719
22.2001982539
116.812409641
66.3706315202
114.556231721
84.4477719746
63.9231805358
193.518690083
59.8029568593
61.0727944743
73.5022816483
32.8554830312
97.6033529297
59.4729591768
69.2455921019
38.2812380058
192.796134938
63.7812486762
92.5816141162
164.527182627
73.4115875205
90.6398471753
96.7877628044
189.458556866
80.0615063529
162.316152506
74.8015793595
69.8208094237
82.1593019034
58.511593787
75.3992989965
53.8700297426
33.1870851566
155.257694062
56.5100088081
72.7128559635
79.3069782544
36.3331375546
257.511381198
247.81888181
117.98026726
74.319848873
108.078018472
97.7889802537
138.476807005
287.710325721
105.796996181
83.2260065437
25.2914089726
67.2334852956
219.131453269
80.9498812427
53.1694855593
390.619271169
311.683693568
91.5789907684
111.860128217
81.6584679798
83.5837047243
83.5619203798
160.439312706
463.926769772
65.2030976527
342.920958467
38.9142393377
44.80751051
22.716133177
91.6374965382
11.164918392
43.514340952
170.432866815
160.506847544
85.4589546541
40.074955111
210.385581444
75.4023774526
68.7885534112
247.733385042
42.129034444
71.8820935568
365.771952412
466.681578598
358.383259524
79.1372928353
73.2354212528
138.455036941
133.625256831
78.2492787177
51.6247559192
144.86855327
198.00946024
61.8326603024
25.6600373939
43.0967289629
394.863217411
45.2724910825
94.4436011902
200.791168515
529.873942659
72.7665159564
67.775143821
89.0031118802
75.4126834625
145.932466821
83.2445853959
134.089156293
334.531073892
66.141707679
102.61149891
241.448736462
68.6623089706
33.2453549243
125.86602057
111.006685729
120.956575692
59.1952314248
60.1763669448
1201.71306658
55.4365106653
16.8583847289
71.5472065036
67.21595273
52.5528432411
51.9960298831
46.2217839857
53.8508216777
114.096575824
111.815952354
64.4559441371
62.3004413988
32.3877527857
69.5405309554
233.282423301
122.23943097
79.4175345616
68.5548071802
514.877668284
388.143926112
89.9269097925
107.781747062
95.8132585362
43.1529292404
54.4708774881
114.873590334
56.0594491461
133.778284285
62.5808208269
200.123663086
42.8087531905
81.3467249707
374.655958731
18.3816444369
72.4225285862
68.6570025954
134.953291353
75.2862165949
168.077424454
85.7698372656
69.1453301305
119.89904158
409.4406662
46.483294053
209.121452685
146.455895317
75.7597322301
107.625890291
77.7189417779
93.5003667892
99.0347334889
168.879305987
83.7766355442
36.3071697954
288.522260341
79.5016277449
46.0186480365
77.8588315694
40.3074289663
669.531981384
230.162278107
178.259210224
121.325874548
229.289017782
80.8450765588
91.8378069321
21.9922857986
159.521198003
66.1671035521
36.4103112676
110.883564727
78.2875207921
312.523188574
40.3712530428
126.360104732
137.111105804
122.232973805
173.441958115
128.048596956
92.0856573192
81.7099456914
155.153893935
67.0404919004
157.468322617
76.6845167569
90.9252951525
72.0088933927
77.9169094002
17.8919592782
187.06729964
220.535908273
317.710118372
124.579484168
275.4129011
274.65398743
89.9782825463
142.939383746
42.8078652145
246.146636929
27.5630564623
157.618268519
103.200382388
395.672526651
203.0406928
110.147956278
156.071772497
76.3028947581
68.2380023409
49.0100604192
61.0839741776
107.717628721
31.1567385079
76.1684810099
90.6220639935
24.2649086419
84.9658719562
45.8854882481
84.3500824968
33.131841939
71.3211418046
64.781493245
94.3382779824
77.7359634549
129.390641014
86.7548080806
41.6792881433
69.639142739
790.922204603
50.3972100864
94.6791045596
61.6239937712
54.0171546442
78.2858617563
75.4164821025
60.6863406625
73.7450749095
156.487649925
97.4494288715
102.998316774
96.2131755755
39.5653119979
85.5984533557
68.0606131158
52.0784067711
101.693019736
76.7880212375
359.169416387
434.850787273
143.955703267
84.5968744739
55.2688481232
155.164924045
128.004111363
56.942094792
60.9341808859
69.2261306835
84.7555611929
141.004143403
73.1548264846
52.7167497997
38.7705308841
90.9163747925
32.3127287627
689.371271267
39.2380697296
112.785180137
66.6458144552
45.337953766
70.4511672102
38.1008748599
93.0127975006
120.309846515
315.975735166
13.4148840397
131.223767376
76.680044899
45.6587985618
15.8412176368
44.7399482115
129.787216938
100.126815124
292.04864346
76.9083677798
64.0008132701
70.9957917767
74.2183443658
47.8024398551
40.7690050155
77.5358777036
311.707233633
96.8447293105
90.1375097189
86.3928554631
88.6505239267
18.8318009752
75.4739865814
132.692680732
77.2372985982
69.9478228824
249.93784346
1083.70625416
69.8206514791
107.251551959
73.0737636248
77.3676929659
268.299876767
108.818369955
76.3093258243
59.4084814853
285.721951173
109.422964156
69.0067310574
73.7549259244
65.2154171195
64.0552429454
669.126103818
44.6958263078
188.377382852
123.093326142
24.2941928092
80.4748928237
73.6942860071
85.3754094762
76.8114896108
77.3097157752
199.44697593
88.5103836838
278.69182579
44.9955477663
85.3141676345
79.3863763485
113.340527453
61.2278855431
60.2173849479
60.4726983247
86.9175099137
44.7067780272
76.3968056564
112.46675478
66.930888047
144.743070514
24.6817731572
48.293525103
30.0559687852
63.9060211608
66.0661874229
79.1942756271
25.705592022
110.062928903
136.440548277
72.9889972396
91.4042533276
29.063687278
80.2692542302
260.479292773
79.6808452585
93.113154629
119.917081598
83.6311277931
73.1418294799
368.875197559
121.111701283
50.8153753281
135.718314641
81.4758443981
490.445950533
138.488164456
37.2477232838
42.3383800917
83.371146666
174.18337222
42.3781122404
53.0668288165
287.668551507
46.1803837819
80.6897069438
101.078424489
48.6942727585
51.7649692305
46.022622458
70.9782543862
96.0512379978
123.523698056
365.68377724
374.090901197
56.6402937293
73.0047431712
200.886619714
88.651036347
61.7930309132
45.1126080205
82.3545610894
100.781607756
163.542894877
72.569549975
87.3188580698
72.8530141124
84.389809734
46.4660107702
103.189131141
52.4111922763
71.4510992091
124.778596554
41.8239889279
75.5527526517
80.8093308377
89.6595469642
84.5838202288
197.581415472
78.4002315433
118.774271523
78.7303232287
124.229119875
80.3368596496
472.371301472
75.9419722699
333.285217126
45.1106951615
137.849940095
93.8679645082
175.769699688
30.6586070325
86.800074056
70.2182661935
204.083593954
76.598672716
279.437774925
93.0777677705
103.196419019
229.955424357
43.1117857789
84.3878077771
55.7895736324
156.213178057
25.2110799704
50.8225320119
79.0155383261
62.9096603652
380.259308856
76.478075588
33.3253834481
80.0771266783
58.1816804738
69.7957823044
75.7226087262
51.2097410863
76.6720401873
92.2941619251
209.612880841
61.9949006887
98.8303588896
125.853615347
64.096443288
131.504250057
24.7050839416
105.649246233
305.420797976
78.1556593768
99.3884846866
105.713945768
60.9595833761
192.922049313
165.996163414
91.8152311004
65.8750984669
265.275177583
75.088006104
83.9426030272
41.807473615
72.4522972952
65.1370269234
32.6128024378
77.5663990536
94.6830218374
90.138152673
160.988640061
229.547237621
55.3190578746
71.4451237241
50.9586484496
146.460064908
67.8800616183
170.349488704
152.991019929
27.6410867261
515.511961969
353.724917919
76.6630817191
129.017650725
81.1456803908
46.9066238654
279.074519079
70.3342172684
80.0104167424
201.907521196
38.2152702613
164.755852009
83.4068452148
405.656748182
81.7988297723
81.2973966944
75.8460053083
399.047635025
107.218610723
81.9955516858
121.090326718
294.683502089
126.140598418
54.0900004986
92.0082448957
72.5502946658
81.9673481182
48.7849090906
205.294367296
64.8285682
106.210975413
98.1996047274
58.0900044637
59.6650651042
198.922070164
253.946547194
195.459762651
335.723382142
87.7400229101
46.3779395505
78.3454194461
95.1551173451
270.054987326
77.3483469752
22.3946224913
77.3614740166
41.4633993727
118.139108956
470.985551552
318.776913095
54.3167732324
77.6626913094
34.0595261533
76.1051394268
146.244104195
204.099499943
147.692806321
121.312183347
34.3930998032
57.7911091992
117.639181287
197.463693305
82.452996481
221.15493675
49.3168820977
84.2725942232
77.7806748886
63.3492891853
70.3312663495
33.7962638592
215.147700452
44.4405723312
72.7309867657
50.6808832222
87.7085010839
56.427318671
264.80443965
648.479026224
71.5042811308
424.042009383
73.3110609594
89.5300125493
72.7894204245
34.3918778146
287.559924024
83.7106205192
72.8958290021
38.253938137
132.790540989
66.3151234588
58.0909230136
56.0681655614
22.8511339743
222.814348139
118.612920216
77.4458086539
266.632850793
77.9297446321
147.232694754
89.0349346297
63.4783337527
162.686848146
109.455775419
84.6152977089
73.6625822653
61.4886145712
62.05514714
114.409954197
35.7192911663
29.0944681795
95.4151764974
238.422268456
71.8035618301
74.8519887641
121.908678241
70.0434094826
39.1343760762
120.764061956
32.2278331368
69.974075116
161.232473588
74.8583516231
60.5525615539
60.52794664
77.1879911548
166.340901058
227.654735628
77.3518102747
40.597021834
43.4676671469
97.0347404857
71.5660338869
77.5133421723
131.844402683
131.328068389
73.3890204587
52.0168988253
92.5837261408
38.5975872722
244.359711938
65.0931245286
82.1188296699
48.3039672123
221.1020905
137.157826103
87.3429631793
50.8794969965
120.260830822
87.5232651933
36.9512810715
261.662733537
67.0540695746
126.359589191
92.3269113673
219.020865676
94.0293250692
36.1161695033
83.2278519282
140.96343399
22.3343174728
104.191053481
50.2033372914
84.9068042969
43.9647210917
108.403682559
353.265050378
252.037873956
109.557560809
96.7584085859
128.647390736
54.5486475046
145.849945346
37.3448898057
19.7254411009
88.1599617189
56.6263117785
243.322181875
94.4885871166
181.46748061
443.666052626
35.3044975364
78.4296532472
77.9546257668
89.5545661905
125.670087022
154.976538852
269.301956669
169.271262803
65.4734596727
224.773291384
225.788363667
156.566802202
68.9571223596
112.459745219
279.92520818
49.148808379
83.470531401
31.9810356237
76.7218657877
451.617298984
492.166587535
113.7153751
455.204256399
57.7972754735
131.032373418
22.9735901352
62.6274013844
143.229411178
67.952207263
314.407629454
274.271282004
42.7629225033
235.494583125
35.5780759356
42.0498342418
70.3085496509
33.5300731263
317.729814155
92.8393865522
37.1548278008
19.1042453207
53.5294312808
57.9672228896
21.3370622002
132.058920858
45.3683767324
62.5730917354
59.384735724
161.427160773
79.8015334007
171.035069502
160.66057836
155.651696873
148.183028518
121.616652736
62.0521421914
231.728463645
65.8067523812
51.9772501404
95.212445146
196.347861439
77.323531472
117.916045189
31.8957994166
344.668863075
80.6382925349
50.8083890434
96.778226444
288.057648439
80.0425136158
146.102605776
54.5672479053
71.3661108383
171.84962196
34.2317198249
32.6001567827
79.2495492693
87.4200752016
51.8154739907
46.3538415551
73.2872626825
297.928490466
88.2073028762
139.755613331
783.255935119
54.033285437
336.80310488
139.382702776
71.3291351158
67.2636119486
518.332589621
99.493971715
50.0491812892
222.878804516
52.3536700224
75.71425307
81.7416748312
50.7598936602
92.9717148988
72.116966473
54.7566424346
38.5289996366
170.133910992
19.795669114
193.338598669
81.3924059635
78.2803713841
64.7068903029
29.2903418144
80.9295202513
200.620410622
187.511358191
158.906195009
64.1913467294
60.1002733736
142.949918884
56.7033314958
80.0431860101
63.4113398077
22.6258189785
50.1144333971
71.4220165976
70.2622213451
137.680488532
85.1396781739
111.961494592
140.749368141
220.38602523
93.2369159815
56.6144104817
70.3720029434
91.9022506438
109.3555258
34.208262396
540.232866861
100.293645939
24.7062508853
682.813216302
55.589444425
37.5309529366
41.469915121
36.5587965105
83.5664786906
242.482271391
70.178516719
98.5492973915
140.068276793
62.0277594567
110.824973452
32.9153094735
47.8162900939
192.861747387
63.401386576
85.1015359798
105.786162083
243.638759841
89.0247860073
93.5526959161
221.169135682
150.163544209
55.8706378947
113.981966559
101.107640151
80.2671066602
345.498394642
61.4343761929
78.6781568931
348.329115648
95.9823758329
93.3060679545
274.648946582
137.257521208
190.01778146
150.879516726
69.4069539492
175.378330531
364.540389611
67.034267855
117.673994314
64.0401002517
47.5857574478
89.813171279
622.526537969
45.9540695051
74.8878748962
234.437023514
63.2405566673
42.5417420023
68.1426402965
82.3693090497
74.8238243884
103.551611555
45.1732162437
322.721201588
38.6941717825
114.42886143
87.6127350537
85.7549290252
74.8609487657
45.8396880303
73.4410143569
108.173407838
167.666012498
129.802620735
157.359677623
72.482239251
17.0781383069
67.0852731527
75.1287116697
70.4803060568
58.4328134964
80.2586121143
44.0117711883
82.0063624263
117.306300854
34.5025184248
115.980483566
133.804789362
102.993573773
240.688019727
38.740686451
85.3210521008
53.6772307268
123.287978124
96.6348822569
29.2684879302
62.994777019
126.052070701
101.342264476
246.909222259
98.0653305105
83.3123032737
66.5973299192
65.4949032288
57.7396847484
69.8143632858
95.9820200697
197.587707104
50.3380198344
72.7237930502
68.294874482
86.4789948962
81.8695351552
67.7539930611
190.113034105
92.4665318766
134.537874175
75.278275031
121.0644563
80.3306760958
63.9485175209
254.247107044
81.3082781772
62.0736152281
392.839272595
277.745670306
80.1941541105
89.340086448
43.0044464751
13.7224050204
71.5410392887
110.528144594
37.3667700081
45.9614166612
68.5217650459
447.796668726
119.289515172
61.9420555057
52.6452581736
81.9606414368
116.335933732
80.5362647439
58.7382978474
133.36004567
80.3287945682
15.5325686184
125.33642368
123.847618426
104.98626663
372.646645399
192.86544611
180.798787169
283.844487734
188.643285197
159.436380088
39.3025218181
49.4960439592
11.8060279006
335.644461195
70.7958003594
83.9122206257
83.8970673035
82.5265650336
238.564550457
695.266851732
135.822918393
400.25598945
81.5727765134
61.0857939405
28.7611742118
52.3816298938
91.3522167582
59.4666169175
92.8411162024
173.358096237
121.969028816
75.1733236701
184.815391198
52.8910624377
51.0533719156
104.702971061
65.4070444675
44.2989546372
83.0645108716
24.4777824769
72.3623801732
108.485390761
175.278743717
69.4839062835
50.434159596
92.6487149967
45.4749138434
67.3660464268
493.728791564
74.5112373443
66.4081050727
96.1402399504
82.4576533143
89.5549311339
408.070084034
87.8807788285
53.7102103479
22.6241710083
71.1800280921
67.8622237186
38.1841528314
82.7836340596
93.1573726101
136.647532511
547.166108214
37.9835549306
64.2321753977
24.3628644247
66.0279097006
40.3515981094
684.672676998
66.7855273523
13.2980625408
59.3123737518
46.9712090228
111.982234626
380.911769622
140.585629028
58.3516701756
61.9732186799
130.768958168
133.879952138
272.257695671
69.7430242946
84.1607538399
26.9299506111
36.455678678
269.225709668
70.0805880537
21.5932060528
47.2451681148
146.176646176
64.7473905907
68.9224705345
85.8531004295
65.8420754207
67.3506368448
64.0684193707
100.421436883
84.5761623847
68.339107827
34.5865598158
76.7939992512
104.856413695
361.407415238
47.7505598647
68.3935521294
65.4363187798
162.299708221
174.897742727
35.3764647268
163.08836002
84.328916728
82.4487472188
139.788286955
214.019266964
52.3311875382
64.707202202
80.1356669012
39.1234961316
74.501371649
71.1309849317
51.932198521
111.416596583
111.777862585
70.4583773846
72.0389072929
75.212791452
143.624058161
69.2143929344
99.571163461
187.79872017
110.147395531
107.606070991
219.481544944
68.3272475902
76.3751976114
180.856752438
365.735455366
61.6517297549
73.0533064509
70.7446904515
108.233281119
48.4727955342
756.027399069
71.8394550352
215.805426546
200.300055376
65.0332274339
150.249218422
72.3030599311
49.7870968689
71.4436682871
471.645726319
120.29531652
68.1897412204
65.6961328923
77.9034156393
74.2925807157
213.111971876
490.063256187
76.0123293978
80.1613619969
331.342672785
104.954416329
72.6772333802
94.9876557091
70.0363874228
68.5309714137
229.875310556
37.982395986
61.6052709052
68.275350221
39.2379718322
68.0593878373
84.5124696748
16.6214636458
134.164052131
73.8290441832
185.39095352
148.498507695
291.721692427
152.808011182
75.3735533032
79.8967213689
63.7151722712
76.7603415103
30.2702104946
379.770228076
56.5154852898
71.8277429874
72.7842529479
69.1849108587
84.2912832249
43.1972716221
114.730380646
62.7959396079
169.300419166
128.943059108
95.5214437326
62.875174924
84.8815347861
153.635726804
349.688902654
54.5013983095
73.1418798436
86.3682411207
98.0767747327
150.946794925
90.7253515031
47.226745026
