178.452937042
625.70429403
116.145686923
200.071009633
170.849000164
172.655966837
134.953629714
310.661669536
393.386459017
348.594144666
713.406807756
215.885444406
174.671866257
254.95470698
157.889129375
410.14253392
148.661397122
164.320971416
173.190966565
182.177088755
982.445687486
172.49511753
193.527199116
265.140168423
550.575769147
191.214434961
185.583093196
197.34805596
131.019848326
214.485915519
238.620551726
173.409857475
161.020880639
174.096510215
168.107066301
121.089807924
216.450957494
418.355579531
340.270325634
217.227959881
147.142746735
217.633793951
256.459163884
193.896341953
216.980277632
700.957412462
205.177627947
169.412421433
167.153201974
174.445957131
151.83913097
212.353199999
145.339389624
199.43115522
118.879176757
218.043334811
239.660285128
138.029617288
304.330138146
137.724619306
159.119483584
393.088949911
174.172978135
155.413450057
139.205326239
320.658195896
156.771970011
173.086533216
296.926556563
168.480504375
307.328474466
231.565797963
171.729910115
172.363422316
206.92295962
149.241447436
372.334103554
606.069356375
312.86420728
163.142183199
241.086152824
164.678650735
177.885241164
176.85165004
119.118636681
183.500813756
179.538100855
155.179080988
184.669031644
127.898405745
155.874877641
165.408187168
270.773783498
151.132149894
203.463208596
147.312054615
211.263766249
261.42095856
157.171389811
216.045772923
173.337973039
167.770995943
270.760064245
291.71673372
201.860992517
155.02547961
162.189511188
143.086865926
120.092385315
361.071802726
188.326076448
197.775905928
103.556265579
141.497783365
150.161770361
182.1709415
511.632926456
90.0523722155
149.755287952
272.890594582
166.172862357
313.83197
347.859905626
175.188867802
170.711854477
202.284520058
274.711958347
169.705719192
315.455695753
194.216729553
191.264830522
270.625508813
175.391944446
103.405276915
94.4465162352
109.106859196
193.83539046
311.908729518
164.570995426
344.59125029
213.544303983
167.356206509
169.884593129
256.123846729
160.899113372
186.394734928
153.714232552
150.537809302
162.296491397
95.3168776676
137.825051996
192.016517796
159.709856325
813.426182906
175.114352304
116.067002271
266.969536672
217.428870169
147.573185212
268.002019904
155.813254294
167.397297013
148.594215617
167.834233778
160.398178664
405.662308344
381.813294956
161.293739152
171.429224551
199.893113963
173.841078488
204.186112767
124.342444427
269.623096949
250.794115671
151.298528143
158.161483723
167.639405514
168.261638323
321.432592566
176.569529119
168.452055919
181.092919786
161.00308283
162.224246521
162.179443758
154.297832241
611.78424175
153.13343499
205.631438726
172.259222485
184.680880119
151.896435858
218.69240768
471.730987784
140.283136535
420.112516937
183.495617893
160.536564909
187.570241279
214.543325459
118.616705224
463.861058529
144.064713163
199.353259982
157.78102858
128.750184828
168.292012663
170.394607883
180.12859067
165.595391588
184.542765356
198.724777095
140.78922465
165.390106136
141.90145538
130.70856256
116.770971465
174.510943803
160.484746012
225.593786093
168.151680323
226.417168905
185.213273242
121.354841791
475.433533613
148.005047328
596.878902598
175.027741457
269.030803953
212.758139956
173.699535576
200.432953016
270.443399171
429.347039984
145.136378502
121.909774279
194.78959235
204.190843829
160.831312133
871.048590524
141.304824704
202.118891561
674.914531923
118.818450711
179.509360355
180.125069913
364.859212848
130.599958059
166.735925195
289.511643635
139.366725099
124.602738894
305.795514438
283.973116978
129.264853414
330.560346277
149.342692714
163.358592717
168.752839734
171.709441845
163.506787278
143.219055465
224.85405794
150.041121618
168.350588061
161.483496455
155.293506929
184.373713344
185.793932016
202.426818214
179.424149769
140.134666316
155.940392117
286.415325709
682.213294054
139.234285928
844.861107081
152.185983223
176.626800908
196.361089101
175.293433266
123.988389584
183.132605388
276.239477477
183.895147775
164.161714554
278.36508576
198.690811531
167.677871027
165.061659366
271.159093353
325.674735232
136.130214636
873.455918518
129.377618848
154.199198871
136.470547915
163.189004484
185.783962978
155.785625472
138.19401042
219.320889178
184.902128552
164.483491505
525.122357739
106.193907546
174.11265596
235.368830049
147.702635068
239.690688894
125.359009785
158.379984479
326.857634856
157.721190979
557.301753282
482.001474229
207.133626529
235.611312471
173.322376044
171.652296897
160.922900433
193.316766577
151.656303935
157.952741476
170.899027056
167.319422057
166.814536063
204.83179368
278.606483168
162.658358734
478.144885561
172.148454794
252.476018858
194.251104214
193.875347604
163.343270192
155.998163038
167.241776332
272.315559565
178.859143802
157.493841508
552.072774919
209.324218418
189.687250909
175.400133632
319.640394247
184.790605813
166.579116244
119.749609544
471.965535759
217.088015817
250.989237986
174.59100398
242.109789044
186.946847069
130.427241876
146.574750727
169.616622158
196.432240771
354.121438122
158.78011654
265.07116422
141.886860848
234.041029266
145.038358243
181.867877014
195.737429634
158.304553548
215.262994354
378.13147323
613.531644907
168.144676488
204.550438579
396.999057056
138.887060182
154.711560967
294.792849471
191.687837436
146.785698864
144.116933312
105.640429754
170.176315327
259.557656105
151.036930149
139.804136728
131.819116853
234.992972286
103.736717342
160.219409557
160.279799466
93.2080668744
294.500995535
241.714323235
401.276536896
300.8576791
138.723086772
233.314797829
145.789163777
180.415143396
125.527641224
138.114300846
129.39173666
303.219786002
160.1238126
112.804555441
292.814023042
245.179984218
138.802055757
168.016095237
210.143831281
156.043215957
151.533337297
254.584252315
179.499477018
255.416172271
191.165687758
666.087622952
382.629889608
178.92625885
247.427119069
314.162171274
206.757617497
148.293667408
134.987512881
204.490349927
139.667312074
230.451829864
548.591869787
170.152387876
274.320052056
206.314492172
180.32770636
478.201718772
193.906803739
731.732965099
167.379931994
171.082511881
149.346702667
232.992254451
156.717456577
178.023483091
247.197096043
169.788145679
162.864905197
165.781160855
459.597344016
104.482824061
800.509382739
178.173567209
161.679842876
105.142992303
150.857092722
166.77990113
181.687744245
132.061589056
184.628690015
416.749319093
195.467027969
307.763547195
159.90966054
223.827004986
125.881011007
180.627793456
160.103553131
455.356839004
161.067049752
125.004663203
283.766041943
110.943152098
215.345756058
171.165991311
143.213045088
285.310505382
366.60444149
190.020636843
237.126099266
161.577082056
168.106938301
148.964067962
172.231277979
175.693293944
170.61918953
151.718117183
133.272977518
172.046560143
356.231159187
167.62002087
169.793099616
107.74915478
168.217068074
121.023617401
165.047236448
570.723677413
140.253280114
136.25279203
118.181436258
199.352109185
142.098297151
100.686986724
146.072055059
201.27529663
466.64228093
541.220843482
111.943860046
221.945031861
145.025466153
147.724827951
199.859418021
183.573477954
314.258639444
168.732180734
136.56807402
283.834968714
325.393005353
171.031144614
97.8990626382
184.76698623
168.383982654
191.838063185
143.64799024
224.923088388
143.583601496
179.369479192
225.5871657
150.351792591
134.273924023
167.186165196
210.204342976
139.905298556
166.247674886
228.332072927
163.027812306
165.784422371
171.226016672
522.237140879
173.993190057
165.769454302
223.82073211
147.580792611
130.801495725
174.600826337
189.850999942
160.909306296
173.136228183
212.24953218
332.489488833
180.850561681
166.674066717
159.183078596
174.6801564
192.014605227
158.649253203
663.701500318
143.079218871
127.527155052
176.189732575
180.000025294
153.949662906
161.830615299
173.325689787
146.387156384
143.174332161
193.823822496
167.348578958
236.813261362
164.312345792
177.639713693
194.064459208
183.14983592
157.894191079
97.3473164545
179.604670414
227.73959036
157.392703754
141.339893733
130.674349711
275.106902905
343.534882065
184.919007183
601.936816337
1126.01434951
273.978706169
303.018159099
175.893357319
272.933985539
526.574666062
168.960069396
222.567741736
156.291057729
166.706811466
179.862284773
154.900211265
115.571695916
652.485658574
170.672371149
179.072039792
178.618882221
167.700091217
201.484141596
132.090108752
124.548959934
193.817650956
188.59687988
216.431157045
222.329518749
114.017544198
158.690728812
164.102023807
449.566883499
135.59124898
141.697735686
113.15096542
295.039565503
159.480034486
348.195312257
170.203094324
175.564228769
209.485760567
281.81855002
196.413578738
117.408760141
240.157056564
198.774831103
194.356989938
411.688681865
168.296293098
136.066719853
125.231717898
222.829084508
150.261141114
173.206342587
405.12798805
202.771946247
158.958654495
155.305748062
158.930655623
148.894339119
162.180679315
179.493908107
158.227046517
187.863861952
188.681388353
301.240066835
147.361544711
176.438736831
137.620700809
171.676263398
381.751365597
182.547506932
95.1938828453
174.40550955
502.261667287
126.343755413
180.303596244
158.743647542
158.910630166
161.279249981
165.327312782
137.3165945
388.644227046
223.575814115
276.067678352
177.308858639
504.139768905
122.622676705
144.568534937
193.608252945
384.71277997
292.554236577
164.286116857
592.725659346
188.312965324
176.449220083
108.32646883
413.456778568
479.444143181
220.421723882
105.311172839
182.873491339
140.449323713
581.107085535
240.971836453
157.864560533
190.499987197
282.867716415
137.406174202
169.011070147
194.544629176
158.643139063
203.968809138
166.540366167
304.767831373
392.422773255
197.535530497
382.553850313
165.115245146
311.825056995
158.149461738
134.732147519
175.062008056
153.076826971
167.324989057
176.503653273
155.735119563
261.388908676
206.703878428
177.925053648
100.827005778
168.31829766
370.507537162
591.179079966
153.306828106
255.985702758
188.921899484
306.767914613
199.655792722
216.116460527
260.678663476
161.702684863
565.933559809
401.7550388
159.581156679
411.55146501
288.013192103
153.071525705
165.165604065
117.810972556
235.845881579
148.637099342
224.78057291
213.366453471
91.0887906353
157.165591019
187.611029194
176.195267849
153.614688365
101.448336861
273.656924968
322.059488777
205.178594355
157.139727397
199.516002527
175.123491309
207.062427866
147.464078627
140.615094675
160.72886701
158.440948053
331.142851693
380.801345375
160.399317892
122.909824124
347.349652334
147.353693802
229.69972655
131.51259604
225.680904829
153.327224077
135.410788915
156.973103582
169.457389408
249.765569777
355.03104201
237.573531154
159.358792759
174.235820603
175.296160607
172.752164656
201.849570917
150.881870895
226.007297556
145.065274277
372.88159309
243.548462772
178.033094635
189.793420435
197.570405622
206.041049808
234.70886932
113.261878389
169.530431612
172.672349
205.836784856
322.112476692
186.650326394
184.182754306
509.204129795
346.367609884
197.619052499
272.751525755
222.895150621
130.822470085
553.524524085
171.373507551
292.233086998
132.385886116
163.550032839
140.307069414
305.53567465
154.391030458
278.439058049
159.185859362
158.735041739
301.274207236
142.091558424
261.903087498
303.034462631
111.991194509
133.0125836
154.759681797
168.205704378
132.687674697
174.406427696
247.121578439
335.858073039
303.975118293
167.766322257
123.153876475
162.184855833
431.115971268
221.667248882
111.994822802
179.442555605
323.663434892
816.391853312
182.980991354
261.952156798
148.37854741
157.050657517
132.692642402
261.632295628
185.419437974
196.066230154
395.67912742
179.68257258
228.918623305
144.094759769
318.450242806
601.467869576
132.267491763
256.0402951
168.136798179
315.591956331
121.072410593
168.716300201
156.637864915
233.66875555
223.493289074
116.921435411
504.731843277
177.917562063
187.12981172
336.578012455
236.045144391
233.071048158
432.341421802
198.259187448
549.360106964
162.911594436
608.726611056
493.67863314
698.418375669
152.038992763
356.499771662
231.394252722
143.488047924
193.845390315
126.510925423
147.495987712
256.244808797
372.387547276
199.077302099
550.088727281
118.109181914
182.763366309
120.385722069
153.476411844
385.329492581
624.570442082
179.011376193
206.673594271
175.046069122
141.822995825
170.135493847
459.694778746
812.822270443
545.757033747
140.245750029
101.447686681
151.295639022
649.266612944
133.88588517
229.766815806
187.963541511
148.455041703
141.930076451
133.997406883
162.617048381
232.306515292
196.709404699
109.15186112
224.023401457
116.06851841
123.242570105
137.038227084
144.795589345
174.233071906
228.645852628
285.734289474
183.985975491
187.956873351
177.541309917
286.141726858
191.789745714
117.016296331
416.001699786
186.887908273
181.637786569
107.898221323
180.439436216
175.774321181
198.607313413
165.78994625
201.721096182
65.321778177
406.925490047
186.181051058
564.9599304
156.031460492
181.039597259
263.696479697
198.761623913
286.712607149
249.912980701
568.891451431
720.478080641
188.149142583
270.870190143
229.292206216
224.492504987
333.208972177
566.97862119
226.183703451
244.559276057
223.146142678
249.781796443
132.249666137
464.758551374
247.1768383
244.705112022
147.80970023
162.509773416
157.270733213
143.09993787
192.142281743
171.79794803
161.690035786
671.386604455
244.749672126
171.26109616
182.626241299
427.67497169
98.8709939701
110.742361351
248.119930282
272.064416838
622.545008514
145.645110759
246.183011361
167.584963542
162.26725682
192.065989346
118.010201955
336.583621949
153.990058595
140.135637088
148.558996872
239.774138084
283.423964637
296.260813805
230.719022883
240.489856508
144.5849351
379.948277627
163.954031536
497.676960018
427.588958106
470.897661925
294.82301805
173.087776093
176.174537222
188.719497277
246.896553945
152.805359381
268.144353962
178.543442434
158.144232095
150.003007485
337.537360014
193.164118116
148.045545832
183.446750124
205.749350572
220.80844443
100.828000202
167.124116709
161.020984179
116.588393575
125.421170214
229.721362039
1731.40265022
497.608105372
262.168186011
158.772423584
160.685524152
167.942134742
215.431829881
176.574542502
304.531296055
113.117276452
155.853386022
161.431747511
334.560843343
196.857421151
158.647107199
143.008702295
551.663995491
180.331437558
723.271159433
216.216609668
163.27023629
384.469974802
259.295265396
175.05719233
212.015701726
135.795908995
434.836337172
335.940060801
113.056414421
168.86629724
242.936936158
170.501031123
105.649828031
153.524701166
179.232592078
181.403998111
247.037207616
194.828448342
118.744903019
154.942250312
388.372873348
198.370329793
162.219856717
159.561682555
157.815909586
155.382232674
213.579062052
236.401997963
230.281040252
262.977248867
400.081203307
233.176671046
279.096382867
133.754752525
353.618285062
271.501304455
114.966902876
188.703969163
291.653390861
193.245466634
137.085546072
189.829820383
119.547827431
431.757342942
146.896334789
194.451396524
294.472807388
143.377839088
319.990098247
161.317940864
291.80760789
148.390906033
171.532594842
189.457482306
141.264476858
164.243774798
377.912859525
302.827680075
420.904208984
138.842548928
124.727830685
184.641960142
158.038421875
108.27113451
321.066696541
243.539780217
229.507941197
167.321064591
183.130558278
615.625768945
291.927241277
221.639372158
172.940116874
168.575519201
1337.16398589
149.277973489
318.63741894
141.661476897
164.674712517
165.621126683
178.464398453
149.160939562
218.912355978
144.314244951
176.058750682
162.881195661
129.128995298
198.496661907
196.982336394
159.32803498
180.310504351
242.004741079
178.672342409
136.772790014
148.69437856
484.913261081
183.65948768
148.954934267
162.390480018
215.962308201
418.477806498
154.48929672
236.392460658
139.489056361
205.079090022
327.224497244
162.785892174
176.882245577
239.725583663
292.096139359
233.05804277
467.410994402
127.125241977
193.634114049
205.977052797
297.307185792
212.7534575
451.970531813
166.859085757
288.472436539
177.07504585
100.098974598
206.746849909
128.610406027
231.506404356
154.523314795
344.06112118
174.14394778
168.75104761
854.836910543
357.299563283
226.470872731
134.923703909
178.218561508
248.536528566
126.136557537
282.08805226
177.998463454
166.933143537
151.037464781
419.165886294
178.063251688
439.197360972
133.178851138
173.285702703
172.993563981
186.351890827
130.130055489
173.738685838
665.958140074
124.617254703
183.523938256
170.452870449
229.530879141
449.458098966
133.079682686
181.773686506
148.981547774
445.648750412
187.965779913
196.104833576
195.210098437
168.146200251
171.246961629
173.683127544
251.98150589
185.451574258
175.739219523
518.550080025
424.962927647
149.775899988
124.247775619
136.809684458
152.343620669
171.558421702
175.810751247
293.565233599
201.743913743
140.752769366
152.392029286
357.095504445
197.081202613
489.43820863
181.425846817
144.962688369
228.535037514
191.270558137
195.199076943
172.825480388
145.89620335
178.683208031
166.012254571
201.060364441
160.330459611
334.396285364
165.734896512
176.146334454
135.1170267
182.839753308
142.165201399
208.72778448
170.105997615
144.043287365
140.93138767
421.712874207
174.52287851
253.286089172
139.11483515
643.568559479
258.456314824
103.927023196
506.819444596
230.616454357
128.248364019
177.575934399
149.934682682
239.184652405
175.63142086
216.09667644
117.851298453
295.692897684
193.589742581
237.904431799
181.657435739
194.8600326
121.566034003
328.179981302
464.230722102
185.337677845
242.503996561
626.942843294
290.195750512
122.797565704
134.651133296
276.331250739
135.586037397
144.197721641
283.13276511
141.480349721
156.566073454
161.053268418
218.200822396
516.146352044
278.748512028
609.324968421
180.333601614
168.88236726
172.091189583
142.283530432
282.63515332
138.775817292
168.590807101
307.797597309
447.384124448
165.237953543
159.120368045
166.651129127
146.759141093
131.674386677
147.457750948
305.719276405
174.952278787
147.599493314
160.057622443
206.233989213
177.505282039
134.512475658
441.323741453
142.475060966
194.062762941
286.772493723
184.569741295
154.053799985
163.948369121
166.304786227
183.391356824
163.705954846
144.715863667
170.534301868
133.068362876
369.139771619
342.83072552
182.320148687
704.687125574
265.835464917
128.98364735
89.4677804272
134.151184011
174.43756173
229.692195653
174.356837283
148.654511058
117.768000457
134.936626596
161.744161334
188.931858777
191.564314057
167.938700881
155.3792395
163.716256922
169.808219826
272.030973412
138.828153618
165.02412379
205.869181143
259.681283368
575.724063081
178.933155028
166.562508332
328.783050812
220.244284035
312.918127439
144.189815013
168.278524842
187.083322657
160.791283691
379.625947787
152.81718917
400.233174141
179.253941024
184.557601643
240.691907417
264.970630358
158.052724762
953.607064931
199.997926926
239.419434469
248.103577429
174.040881428
109.473506991
138.21790821
209.432089648
180.680239348
162.377703631
101.714852449
159.552684723
521.651141283
189.370277651
285.732338758
124.026297056
167.849711994
143.617908754
181.505467648
178.989507766
118.088391415
148.316947536
136.762306737
148.491883827
216.208294093
121.17659305
189.315163252
176.377055045
220.933012876
212.283715839
93.578986656
176.190948952
178.347049343
147.047833374
270.974938859
183.154925936
192.135727577
199.977161469
301.078658699
478.259181617
150.708667624
145.690492349
151.218437413
107.884543013
188.057414305
160.059220813
155.872526976
192.962243787
121.841539969
266.307549601
181.59057054
186.649344734
186.128628976
195.874925687
270.264473182
284.955397869
171.250169042
137.262998471
160.274555126
236.366300338
161.556708564
134.279456579
404.497637863
123.343499236
260.938450261
145.704044293
141.338952162
201.778858405
185.027554254
152.571123187
160.620750695
227.100143735
170.253000129
192.982837136
196.971886401
619.862945469
114.770408845
207.133779749
171.108193167
370.679014818
764.517902238
195.980717128
185.537860193
186.781086335
187.557107719
172.823418948
138.346950104
165.361166161
180.708998587
158.005160954
163.27540712
96.935213046
187.025696524
143.38846775
202.647458392
109.361984642
142.858007088
161.386331171
401.588754139
225.80704601
158.308052426
173.523961843
1186.00442918
138.114466584
243.616279733
136.278398641
347.670157832
206.3878088
178.025854078
139.435183232
178.970077585
243.48310518
228.056137746
183.940367976
233.110420304
139.986118778
247.115515083
293.745232451
185.918119383
138.629988245
170.222910402
226.330206511
129.716674825
193.852903687
656.505767351
206.233186195
124.981986551
608.716402408
180.41405526
171.026434388
251.693024125
123.744165026
190.864520895
190.075444139
338.28301437
172.542435445
423.173685412
161.769899207
173.878141651
171.514584068
306.634726826
172.610906437
532.634156155
172.786218051
185.358654633
194.533289527
243.325886138
287.484391156
427.249830391
148.796890315
640.566080742
131.563904604
215.67232285
293.805320863
134.18941867
273.425670423
203.601079776
160.994898496
152.151969766
155.677663592
217.373951442
159.540793862
169.521456028
331.632939033
202.859013533
126.515614917
208.458103156
160.851867896
202.834562774
171.661985693
167.650038103
175.661020871
708.672931341
559.231166334
420.845557274
105.791392923
212.53654246
152.277074066
321.110477165
296.545146466
149.766820834
461.660690203
202.81187773
159.96024899
158.043074556
157.939201691
121.33037849
144.586814395
158.854829588
105.437519808
167.985971069
199.315340837
187.558460854
152.96151624
207.686520226
145.38490795
171.821237154
182.675643333
229.513575041
163.813920729
239.672982144
454.159810562
163.931410136
264.812188979
185.016439959
165.137612164
1004.05765343
326.585943128
479.080734445
172.067737735
157.37365607
172.352644956
248.360448255
318.241300748
162.442486629
164.499150322
228.748408162
271.825332064
186.498649199
157.357418094
110.871916251
331.622166005
183.231226881
126.626679716
244.20258721
224.158781875
165.033448938
142.156282249
117.949541325
201.674659844
152.970038571
399.129769882
203.407634714
183.554355334
163.5818474
189.199345425
164.546142276
273.191323242
162.080079915
131.479192394
217.998601952
177.112196531
195.465361264
426.197961816
159.218666536
199.374813611
153.569129613
187.985611449
168.549292976
142.597311619
165.983647351
162.102272448
99.4488769431
180.899672692
201.854862154
168.483358608
201.053178815
376.803654319
137.590235352
156.366958637
182.799636229
413.247907421
175.636247464
169.900211767
150.918002598
330.252969653
240.714895742
128.962731453
175.128143258
1326.48732246
332.326025612
143.240005618
315.690627273
1920.56622416
356.468599936
291.031213832
178.852095189
468.982506978
301.050945072
559.290712877
189.186966073
182.02322617
446.264814782
224.860520069
244.735677397
172.035520904
134.560820057
171.186534306
249.509929464
585.156579664
133.237070567
267.807137811
176.264130325
353.888539004
162.112781025
150.447127586
177.898066378
191.05152123
659.582655028
166.508550539
125.092123826
452.291763369
157.762701466
152.101077222
221.638323152
2212.55475401
151.054731973
128.277850821
195.503848849
149.666725195
121.112024331
440.261926999
168.716504039
256.686721328
158.857067596
127.793930504
114.265004328
175.648267667
172.3547571
1039.88719684
168.5134316
162.368072556
274.911602051
233.194562077
137.720433803
147.883383148
211.619391828
218.657725592
151.215910741
177.206123879
248.749503251
159.851379285
149.980340705
144.486027361
239.359419082
150.296798705
168.243318144
157.026437949
176.162101583
733.866912483
369.635727176
365.801850868
542.783913931
136.627820714
209.984523524
148.820357872
129.328460136
357.903854468
132.957101996
307.724933171
309.908677462
336.647300157
140.342799791
245.531054718
484.100200506
817.086413384
185.932043414
154.813203449
168.891204908
172.595639926
247.28986042
172.598995848
174.621044499
191.025132791
175.349250913
561.84030441
461.107161076
155.505870638
328.858168797
159.074946678
174.515471824
115.950294397
564.180496727
127.139374746
140.895548263
155.050042541
142.178267953
152.143001578
159.725427006
146.289417779
174.401446768
169.492780436
367.671743471
174.334232943
164.502306487
355.441133178
140.609338139
147.80056543
139.13924103
210.98428233
136.075236308
152.910334987
249.166637448
213.617686756
136.985314805
273.477752177
320.455923272
184.627927899
198.332028634
477.614970751
291.909333025
424.337635296
125.460549156
157.782557704
250.351552766
297.864581721
275.457816933
235.937339874
167.716154197
391.988176085
176.763955581
265.062522891
123.369707744
474.479865068
207.195053561
195.89206862
118.750245893
257.221107396
216.717122902
177.341946973
188.383278678
130.124871085
159.608947653
141.710194364
240.137091843
156.702956884
133.767494636
452.233487794
180.174760445
177.317576349
430.308899969
115.395108471
197.460390603
213.108484438
204.871289031
167.998976427
144.244226585
175.555144801
156.210581341
150.158619142
137.084219756
400.926090562
161.530662954
177.758921906
118.303304681
135.93644027
193.636124957
173.051148876
162.196327738
176.539032686
276.873867943
250.064077366
191.575399879
147.634781632
159.903002698
177.812810084
303.779304143
151.217010089
172.059996924
345.238921766
181.002098202
175.417065494
170.569318395
256.352247251
233.531311883
738.488476985
248.568905298
162.617291208
140.664003466
158.370617911
158.252426899
285.741605105
184.815821449
259.037572192
175.387694174
175.353786437
144.231531449
126.142455699
179.613851533
177.894502813
193.705889043
168.749687028
146.222486431
168.470028786
123.76173878
197.482936565
144.381353753
143.844094631
146.361138121
156.400931963
176.458331169
168.828205843
156.873685728
288.659189599
219.731329104
121.151122433
152.240975246
151.869230073
173.427954217
244.375057943
100.973220241
137.821275393
265.635065043
445.800065532
190.262055901
253.556600208
98.7154065373
205.596813126
303.536357331
223.608868564
204.523018352
147.717283214
367.018396206
152.733168901
302.066757059
468.575780192
212.940150295
532.41983923
232.858330238
121.02896481
211.568411841
244.175983944
187.036307686
178.572980196
189.63243636
178.121117843
161.801796112
187.579935477
325.202998882
173.829140808
177.391718589
162.635832781
134.378387707
172.175822038
170.084155012
121.713917346
153.534080982
312.611444772
147.517313503
159.537329478
163.753361321
161.220172424
180.80125636
247.224984525
204.217305499
116.871594579
153.665053827
153.879324135
268.58817279
209.849792958
202.838800021
262.625247613
425.795797724
155.697512459
378.1249673
158.824851274
111.726798597
160.782007147
162.161806565
715.265470374
340.894696891
224.91261662
188.418338622
171.527075952
280.628120537
376.577157123
163.648510779
110.492618472
199.750741079
176.725026713
228.756124677
185.379767156
245.255809972
278.527949899
181.909330831
180.547011473
162.333465741
127.3097303
198.601586425
177.565413918
298.648130709
209.127612156
175.382020586
180.017205627
226.236186455
211.663147106
158.419837799
282.999678652
369.60560459
148.747856655
133.251080878
174.905172345
177.447556276
218.044942935
881.3070698
467.759494451
218.404103908
155.991273088
142.717194984
170.866894443
146.854993907
224.391748835
214.930970905
336.452648159
804.367117707
171.832606382
158.484482152
139.517773408
158.808672838
147.876150098
421.526407532
247.857014994
165.083965942
161.370872951
310.272443996
168.56287647
697.624264477
238.455779545
356.37554194
230.735264177
162.954507278
167.392936552
147.382731813
199.984922388
182.669308981
178.849628311
317.582142291
150.127603583
156.807024072
160.878026535
180.811065947
507.302179181
168.811169106
123.68811581
314.549852604
148.539604602
175.070185967
146.792828416
352.480079576
178.410855783
174.169753379
405.634248219
151.268522785
220.519081736
198.150513923
330.294361807
124.657837365
136.362590529
249.897037626
214.248151785
222.215873865
159.319038478
128.829243456
180.813627825
166.635558334
152.788346803
183.90944188
217.062321033
252.352072993
381.764234567
118.676972276
164.591537804
187.465136649
83.1916650315
165.707654424
151.606869133
202.504011278
177.61387538
845.320099278
178.173484149
351.247884929
227.128105521
169.335856822
151.819574121
350.686439648
156.85719047
164.110294554
189.444480086
100.340024834
171.604723656
187.837661343
798.738588611
145.840855943
174.08833158
475.392671485
159.214708998
115.146071759
406.165626399
174.714435859
136.904733218
214.791964302
158.138135054
221.153675009
161.023962485
253.614300471
379.46928904
232.279426896
424.41283226
137.581902849
188.793293215
251.085475545
152.564722412
110.6501654
134.479221008
310.410891746
174.097945787
162.885450899
200.650202204
145.918024266
236.911882738
183.637838211
233.367531587
236.752159933
165.910800237
137.684133958
145.126910681
269.992905766
134.79973163
164.996108928
348.400576314
175.627764722
166.071560539
123.906763223
176.474586098
163.649556519
142.619740003
165.224504697
114.768876304
600.310307571
145.387481934
360.301073971
1387.72916246
240.69412405
147.794389761
145.745691536
157.764717927
180.920077126
254.541768651
140.173107315
197.577168441
223.699625761
206.107102185
154.939256773
137.787744462
501.976408261
197.025777074
336.851288677
154.02820158
288.0628966
195.61913176
162.082415641
185.389199633
223.140051789
161.453928232
65.7432117159
190.49529702
540.43322449
306.33768654
139.6101769
99.8375941113
144.719949068
189.239940364
228.472192368
202.298313968
155.695279273
208.927924969
162.297425279
165.811928164
142.686417981
179.429067934
134.674097425
294.389124169
136.457819654
91.7415054361
164.323977865
179.610855113
183.005600766
251.449818556
149.193070517
180.568088972
122.58648684
167.167307588
123.378539909
161.259845899
173.481882525
274.445171696
194.756099157
160.774331836
131.819481976
603.497712703
157.161949087
234.304316658
166.597426549
150.834748292
184.658382492
145.466082407
134.927396208
541.122005625
140.553010625
432.909689285
200.198159275
403.113674142
194.184070207
128.98083496
181.458636884
164.432098888
226.254549773
155.17103416
132.895200923
372.324694671
170.72128171
240.775063897
333.612659966
198.203324529
114.931986531
242.526686121
178.773359464
279.003093021
237.324792809
201.090115448
241.372671987
214.650934301
171.256568002
309.914219971
218.78604888
168.543816056
183.751448568
188.446300636
232.281406931
173.352954679
185.174032891
133.990048614
264.666204762
238.181959329
171.03746369
220.027433904
402.382791493
162.884662348
196.488459805
225.904989729
151.845557926
148.601064092
158.988537565
199.748639303
506.607126326
212.701381578
181.350894402
176.962898534
502.93473884
133.918659776
505.366198618
160.874145743
219.204615587
101.160501268
294.594750206
151.740939124
168.160330659
142.585643364
142.95957945
228.096551834
202.564792147
154.341272658
232.355166211
350.88036103
512.552412845
176.311041193
146.024795838
188.533058966
146.65965768
256.679091209
305.878348439
98.6385198503
199.407406998
91.776021106
171.038251545
177.514839033
146.476448412
243.565948497
193.041543339
181.436863764
443.084305364
195.500921984
365.366719145
186.875285774
195.112800421
141.214739981
514.750753517
139.347076082
139.869981358
252.010682452
288.561059262
172.796281261
691.977728289
175.83682557
186.669541718
222.941708033
112.165512931
296.564187989
430.927249977
190.623372278
150.872054556
171.398570562
209.945469979
247.83208295
251.489754034
121.43576423
337.874157422
175.018428289
224.720637399
158.395308789
165.317394907
174.701797453
142.294090173
347.124149642
220.006014416
129.80793421
231.834584919
87.7586215559
163.202515074
325.876201689
162.001187584
212.45778198
210.189983743
164.983351989
259.206012
170.412939779
161.079879479
747.196482586
347.799007207
156.014225329
191.054092269
164.118592908
164.5186576
167.337300512
158.6495167
320.525618588
181.633552544
140.811812563
148.480017607
68.9565770248
151.823054908
161.006892451
176.495094713
140.613290971
232.916486211
149.81198295
175.523199936
204.625881543
135.353860985
203.504123465
164.927949466
212.744699166
286.719205119
221.547233747
175.976001733
196.156546724
172.184823885
155.734734909
171.676037268
176.560112523
150.823956711
255.795696711
182.472995086
215.600531154
863.942693677
124.752549519
271.962562542
452.845896312
319.126366559
159.263631598
123.044212288
162.339551674
180.768932933
395.8319255
361.202941173
176.145155483
195.910695784
158.533286442
272.050247309
160.089755433
136.802015632
425.896682098
380.938896329
179.209733667
152.718377069
164.901317288
169.504609653
180.496404714
335.501146295
516.876637165
199.648124742
414.481205973
178.449581431
141.231341576
123.840499374
255.081553148
139.853263663
167.123270728
234.916754694
306.569551614
173.279195883
126.974568108
259.657278539
170.783312805
182.9652369
398.557020094
162.861794178
125.285351511
503.882177139
506.692490935
419.010860033
109.727813704
141.299534237
286.216395001
185.380733039
177.351854545
190.178311045
218.260491328
228.173334412
153.012014953
117.973227258
133.494957702
463.647121069
163.081509788
168.65223678
232.939300928
630.692923039
144.596824611
131.383203242
262.332467564
157.155941215
205.408526977
218.985529188
217.402579917
425.893774083
183.862450126
174.323803327
297.488276375
158.104407977
123.695265406
187.180018907
156.600201953
237.230835824
129.360148739
158.505578296
1306.38083673
127.771252504
153.018529979
130.054934207
123.720534638
184.384871393
159.839177017
183.626910585
192.384949633
293.350267564
178.117218506
152.849566542
171.831685122
133.918135486
155.865195871
276.505172252
136.164835649
184.112856653
161.467457996
634.223889752
655.004591362
129.705405259
178.558174553
116.801362964
119.224966142
194.859048757
173.571992978
142.793867337
152.15085086
138.607948012
242.613859368
131.972218087
210.396953391
434.095607894
73.5870606954
155.056320578
181.993567421
234.737544032
179.23600384
309.038562746
238.244779402
167.056302173
170.396390342
458.140465635
125.758969742
260.425078332
173.35149833
120.164306085
190.403205159
168.849770106
142.913533912
177.410701929
307.912669722
187.014114043
145.676654986
358.470793866
154.035922405
134.745242514
127.641751736
149.595831806
729.07913116
332.214739094
247.136962406
286.398339795
553.358848601
161.016141287
196.815692785
90.4501017881
222.210722689
136.055701293
147.354940331
169.462185433
163.985235989
382.838515626
121.772884385
209.352052871
190.058886681
157.646800894
229.176891375
217.466586338
153.401334674
159.503685599
193.734516718
173.979220861
204.443761109
206.800150576
251.096773491
228.475856923
157.564316389
112.936601448
251.822434433
353.091813604
475.055374871
202.749742283
375.828221575
431.245790768
170.979049968
232.70134717
144.516849602
321.475745565
124.514493768
234.022996093
174.7830584
514.082329955
311.797393724
233.073587754
295.962174531
167.001396253
128.089753827
133.265903478
125.390671844
226.245781184
118.149753305
155.921238705
197.284097523
162.95130577
155.708446603
147.453686144
134.461307699
156.139138929
158.843595499
146.962220025
205.19691314
177.214951208
225.105328403
194.401867161
184.263743916
158.615666556
874.184044626
192.909409168
205.303794461
207.237511478
149.580059977
155.640886987
172.790028514
168.034370855
178.921227076
217.196896908
161.725547792
179.856847556
134.92510924
182.783503954
160.673924942
153.639839787
149.895649385
202.887627126
201.281392424
404.77271931
479.223610678
307.314611328
132.904112046
154.284918349
244.498222973
154.435611876
172.818739229
148.310145177
172.122052016
147.513241402
188.955476853
169.817831341
160.148509658
142.331828872
174.300234856
194.704426782
750.919352993
136.598243701
169.540505967
153.908304579
134.685278214
185.248229502
121.437636206
198.846415798
261.336022314
368.356381123
77.3055881374
224.442613596
171.453148099
171.956500738
95.0871621871
157.098406838
165.755237868
138.591175453
329.28506686
182.143729225
151.749015154
249.421785119
164.256783485
195.834917567
155.082824135
179.256423874
450.450941119
237.111723738
175.598503221
137.008047041
156.088079079
133.045350307
147.737798215
213.253784733
136.630526363
171.135048268
322.120308624
1120.71893978
161.306034635
138.291853924
160.112180668
159.34945423
308.515731059
222.299271523
217.799229402
180.269700955
322.29889659
161.40207032
125.874265472
163.91484899
144.951102067
166.290559091
954.467085135
148.326050203
297.698169469
180.48942773
187.197248791
192.404435562
164.67833074
172.686351682
164.125671017
147.236151247
209.7665512
131.969525396
301.865601495
135.562845787
265.298869082
176.693469773
231.81585292
167.579590818
112.780552722
158.749658958
176.499531206
193.277952527
114.674144275
179.606120969
157.499645038
499.723776781
85.1477150866
169.938494904
199.186335059
161.557678225
152.482943601
179.15771256
120.444890953
145.710492402
145.879961825
149.069920432
162.247286729
155.33687768
179.063920938
283.268539108
144.300563582
166.993605865
226.932591004
175.715826086
121.777442232
392.998601378
215.867556699
166.327450904
182.084078197
155.620855642
569.744792334
163.825091976
160.456715304
128.467635798
174.711097886
221.442440993
158.215857392
104.148150032
432.600298146
214.728859502
173.938026294
188.037759511
200.017741461
164.702595445
140.711212076
163.344476875
203.035638066
358.20412737
495.594462851
423.768915066
125.569265995
171.630652104
245.031080516
181.033770382
150.470317833
172.829671442
295.904499724
285.498223054
371.999255173
160.868272507
220.054687376
157.981022516
155.327556492
130.713551555
183.673557647
207.951415482
203.796394944
249.588665764
141.150868677
185.633890296
152.760234033
176.334164706
238.438653415
253.919975045
173.807269666
179.121820704
259.379815203
195.690742206
183.729030999
514.620957532
146.159605792
520.290157638
238.062481014
240.64327342
174.265547474
247.020868994
143.352147813
172.228505834
189.985454441
260.785592318
162.378869524
303.423770491
191.458029785
284.790518907
266.594631493
108.167482283
170.783714726
187.220183762
297.458741244
138.158539632
161.734523045
148.295734365
104.451955143
441.329991362
167.711662774
140.49339376
140.777496957
182.290979802
154.729589274
160.911335477
214.974122113
205.231956099
398.005419799
276.929669681
209.107299009
178.622409697
157.209433907
136.759526949
232.212030344
108.00944249
149.040121212
380.581343395
186.298338214
247.997753086
208.651435459
241.692863246
291.09404527
238.489548886
190.226393745
164.107360011
401.830560048
160.034630826
150.310259257
126.659247569
141.820331123
193.580281198
142.239501339
147.640676397
169.582229258
188.134185759
250.046869056
259.01881893
193.434029838
140.376470048
132.512698898
238.268835208
129.227961224
242.285207984
205.377843484
101.798181079
529.216363981
406.706824839
145.823226157
183.812842297
199.375094917
161.960549063
373.622994951
135.108865043
166.879734057
351.010962851
57.4214244527
225.625281226
165.61317171
510.593712293
127.969661493
168.180578533
266.952385826
456.916731192
202.608210366
160.640690115
169.520763214
384.200822562
232.757832119
333.913966493
182.141949596
152.612056347
190.143745574
200.578775349
341.579124649
176.160006653
166.611402985
347.04903063
136.99700489
143.592476931
350.933406305
333.132375754
486.139022292
361.869516738
312.810728423
146.552187735
168.755411371
306.91946623
322.256730474
182.516561358
76.378588705
195.91615874
141.045346546
200.177880067
524.586815154
412.203751987
109.446338783
138.908171621
155.472096747
161.642645322
173.514757549
247.683768083
170.1197222
163.966912137
138.92963178
132.778910759
165.271959643
292.453618404
177.425956995
291.520516172
164.285000593
139.996524239
156.04722015
133.115669445
176.514454521
133.156765786
259.916093841
93.7879525106
165.522968973
248.443731768
172.282819245
116.902750789
304.923904257
812.686791764
151.170461205
621.732091411
127.343647528
156.446503984
148.745105764
170.135614616
532.378511872
178.646224122
182.847314777
111.970833563
200.13306081
143.098365699
130.541717824
148.313920287
83.0623473512
289.262142545
214.221809266
149.831157096
310.133129319
126.121191488
233.341882036
189.843872523
235.228331248
188.85487157
274.737779582
171.971446173
167.334155408
241.876450194
200.479522648
189.040273346
129.425700978
138.844440599
193.366369424
298.195549227
168.962126935
202.663625686
237.017427238
157.918470013
113.235544204
192.393607393
149.378523488
145.274461237
335.287839307
179.584907594
155.356924746
150.960601671
159.831730967
343.547207806
528.993129834
185.564413217
172.818361849
151.200901546
175.198666034
151.588823764
167.624129897
236.44676858
196.300428385
109.724849744
146.409356922
185.663089042
238.93373464
436.588250571
122.728760722
311.856406108
95.9763259834
329.095002893
201.084798445
133.652326779
134.381916371
345.913968401
193.975643618
129.847185216
341.737598121
143.856291543
264.287640709
106.465236525
258.515182699
220.824324034
121.474891106
176.706356941
170.678706507
179.359536306
252.092505107
139.813737646
183.591323297
191.927294561
150.005429413
375.414167071
337.284505709
196.275956114
157.293897752
287.727074468
173.820201432
213.383986324
127.25996563
154.781228852
198.159977154
147.701533828
513.193531439
159.239045711
211.044878599
565.327209199
180.897667917
151.891224283
167.350735492
273.191045374
167.001125635
209.627804876
459.24286747
218.274601271
153.03243722
264.569327551
305.613532918
291.514294393
153.677114433
165.72625846
367.55699414
163.253491119
131.058295014
151.72759788
136.291438343
541.612383306
556.084708334
189.492683232
473.42643382
184.519519248
175.199610297
136.035821845
171.838745099
297.22027999
135.580673255
454.174718486
372.789200269
210.78180209
327.826849117
150.430261904
192.110973182
161.994975508
121.827615235
421.567995272
251.744881408
120.98883244
110.169666374
173.668774039
183.340063529
238.237917327
183.672741582
185.272011817
142.358860938
396.088863822
310.569535363
124.227337329
194.545929266
202.924906602
203.49996312
193.146076814
258.002088384
182.489370958
264.932499974
156.301275187
184.192539021
217.096174304
264.76631894
171.781321486
228.869443722
246.409924137
404.330094406
174.82203277
162.530733278
143.721197385
365.323158363
145.855193613
279.493851904
135.871075358
168.611596289
222.467283143
139.870863722
191.955867711
150.048473987
168.674983805
151.808479957
118.799992957
173.946860683
401.29285463
140.572794585
539.464788781
815.892890005
184.094150657
500.662677304
214.416990821
135.250999589
164.14864707
565.439062411
152.97329343
317.080844207
260.748894403
190.621490474
186.999459726
176.828181279
169.683224505
191.543427689
179.064863951
163.007397274
219.318135849
201.143367353
79.656806681
251.910860107
206.402456094
198.608408574
174.198729453
113.272681006
177.758678389
267.53825532
323.925322121
278.679546836
145.316927053
137.499114755
168.557716315
272.374506566
164.182872058
157.586453205
175.961130187
214.513118074
140.845311939
162.057420544
305.68450423
175.259519062
435.226473652
234.670239025
412.708505971
212.460861734
159.515115126
156.530759992
165.683055534
206.563596429
140.151032202
638.373211768
184.489439141
122.688906898
838.707653892
147.631946809
122.621123896
276.049770784
146.36064951
241.463295886
307.367368047
163.817128951
224.706515017
246.333097578
185.550091357
147.440982334
197.619793658
149.384650693
233.506729363
165.468478743
190.702385513
173.725700944
305.069339965
181.618371503
118.135386403
273.878734051
174.352336767
273.735263616
145.509878507
192.164434261
132.534539649
367.923185049
137.15153125
128.178288756
419.577605213
173.964352188
193.927375896
302.228766006
202.814071558
292.641409
241.982063759
110.399792487
479.875113328
398.144323331
166.891998974
187.228591623
158.678095822
172.812547113
182.52654806
673.378581159
107.876167744
130.764604211
333.314571319
153.054679293
168.859392847
170.752589687
155.188901676
141.757332783
197.371809256
202.13025452
367.016406503
147.511943056
203.549965271
185.509932959
156.396700293
153.394372298
141.531868816
181.468943872
148.62249639
427.428825814
202.342021902
485.642235707
176.906533546
201.952975945
176.778285483
184.64702611
110.930126988
264.129815106
159.885831701
184.128025568
192.491715065
276.110819095
161.647289718
144.581363269
215.965704885
176.083867254
430.163849152
284.510431537
184.595911666
260.440941671
181.742590859
169.397546997
142.355143825
136.937395246
195.957245974
179.543059109
392.54301703
242.759013073
170.34375078
178.403812975
338.349107666
180.699663728
168.239468181
154.867377041
495.378795421
190.333078963
163.416498176
204.968327661
277.321479023
171.666315638
155.626284146
229.97655931
164.086563086
196.130935175
170.725959966
136.142408746
267.015369369
170.565191109
310.756569987
142.127558188
125.642671783
430.613870329
371.161157308
119.298005282
135.976780561
136.034784227
137.49604582
169.210879461
181.238911757
163.259628516
128.984878155
139.028036962
593.707698999
197.786621096
170.241204435
122.141793247
167.033872435
197.529118125
164.154245079
155.49245786
202.343201405
171.458967461
193.250246555
235.950917741
178.516935643
182.323069321
479.84727347
374.893257825
219.731583423
381.244363504
317.177544801
267.076150744
87.9561879823
152.315270666
115.72006126
384.545693674
177.802755422
225.270878061
478.56628406
192.260050531
256.985225983
719.542512251
600.001632692
423.41811464
171.138045131
116.859427698
164.621391651
112.023306473
230.467422459
185.175939749
136.893288114
245.927556017
171.703578882
206.510155735
334.847823361
181.654709555
153.171298353
143.008216608
143.163253813
186.167743645
226.909954015
154.967907414
183.532366
188.724927556
239.798517635
145.0730311
198.615213397
173.793873245
118.550858412
281.27255133
584.872640967
166.955626689
155.311813933
160.893873875
151.411936948
283.418344046
527.935082299
181.471983988
165.818669543
85.9527151313
179.305369982
196.854482756
220.754265341
137.940538762
182.79421025
190.254103989
744.534783809
162.472299973
198.787425824
147.534345342
79.7927425886
137.457108324
830.097183958
137.311162243
61.3277825288
226.096952674
126.947053844
186.326409276
467.636046037
217.914693159
170.403572722
150.488591794
176.697421909
210.371110269
352.346618976
173.312793486
193.684135221
163.915036
225.111733739
357.313334553
178.207687278
196.831798223
164.39094311
288.844676266
173.044429183
143.266047573
174.074955529
170.352019956
188.821583099
141.943723226
180.649225211
154.056035599
102.159491816
176.010702112
97.0730806814
166.654266436
667.984951331
225.590589198
146.966279273
130.1031941
272.185726411
270.726537759
165.018637154
268.621988633
178.178403338
171.861304195
216.981757449
268.701348576
152.530482044
145.269346481
150.594125406
210.561355666
149.237935238
170.964897486
181.943289692
263.617289213
390.062139011
162.501869567
211.623430801
160.539651125
290.901007503
141.453317657
179.123172975
335.283768203
432.46656173
277.196222734
273.378027126
150.052075258
130.455166776
246.933206969
614.258725708
149.832532335
139.627507065
169.912124197
355.339833483
255.578819588
799.951837661
159.39728577
322.072347528
213.70081843
173.623047136
169.432460299
154.883389584
173.835624039
161.290022321
662.444145169
157.363502993
172.214946001
213.16090361
161.394136839
185.997478618
258.270692805
556.625836743
176.62510021
172.126617301
382.218768187
151.023672049
138.198773933
121.540362635
145.882413492
188.343652585
407.032282511
154.346561105
170.046336808
130.496160586
105.833177984
158.799656543
154.191275467
210.483038553
195.043534419
143.879326536
232.234360467
204.224782934
350.804859759
382.462552953
171.803130215
156.410080425
131.243192287
164.78071955
132.77545144
553.05916176
141.252291651
199.366252831
238.282017979
190.164302209
188.388916937
170.885435159
260.019980978
160.653276803
205.882799818
159.949703737
215.784368661
130.86860442
181.130445754
654.13964014
572.556963529
199.951919365
157.139002121
173.270091858
155.678828925
243.421017208
171.921117129
147.202930625
