0.546825643074
0.635221690626
3.0321115446
1.35343001263
0.812492939524
3.03678853527
2.68887290163
0.531792098239
1.57226448972
1.03399932899
2.68666460427
2.85652587335
0.170766368243
2.78593617357
1.28536636194
0.513243616105
1.48508036823
0.0362162902021
0.390540962015
1.59967136122
2.16819116437
1.67837958745
3.0051360026
2.16634878969
2.76499496922
0.16750141758
0.858572556258
2.92412179638
1.9654441931
2.0999435946
2.51483045395
2.06003124267
1.9663884285
3.11178004886
2.85628976293
0.473968501057
2.39863796112
2.66623281365
1.56118804185
1.12954839395
0.0237133166973
1.68954750128
1.58613365454
1.07209381658
1.77767106462
0.0397786162173
0.0998359949882
2.79503986586
1.72472402483
1.23869294091
1.8903479116
3.05905472937
2.46450981713
1.99598118793
1.07521738907
0.4627900982
2.85292183329
1.76984020759
2.94050958085
1.26480599476
2.15874971073
0.625170844223
0.408869936735
1.6293629628
0.221997740018
1.09444345709
2.04113122835
2.49011237219
1.82706107457
1.57916777895
2.36469043224
0.0739530786188
0.102917266197
0.199389108114
2.83834276315
0.49532903434
2.63084212733
2.27793377906
0.161318958609
0.121941799704
0.237507812896
1.44759757945
0.131362680808
1.05880255783
2.60159507525
2.73387389739
1.51084299707
3.07599410452
0.265580728388
2.02371532488
2.15620369942
3.02154929872
1.78020366374
2.18838909367
2.80785834779
1.7925017786
0.560661297756
0.132131711322
2.32713046262
0.0821584273711
0.241919101592
0.244151325946
0.743627879803
0.335114721114
1.44329160105
1.75572337032
2.38306827696
0.840750539697
1.23838160756
2.98715590138
3.01430761804
0.312226796662
0.154807274601
0.620936875157
2.36112134832
0.912802449952
0.392246370034
1.70005655595
1.25199038801
2.75841254343
2.5952763953
2.33852584328
2.75204002697
1.23732382907
2.94107128484
1.91818102989
1.81261439548
2.06400262022
1.57549213282
1.67205085129
1.75986274797
0.0991797056797
1.19757960791
1.31867328889
2.57461653105
0.176575729237
1.6324175535
0.695757620576
3.08675557854
2.89723171078
0.41741431785
1.91992613825
0.146307670766
1.87539031907
1.05697664191
2.64390610268
0.652025511283
2.88655544271
2.60164668518
3.12767452789
1.29407318016
1.32934694823
1.85521284838
0.206966564719
2.51847333384
0.301594906787
1.49778872272
2.16463152975
0.205210626721
2.77012103493
2.26882766648
1.55584280986
0.379183931999
2.41156609776
0.900483851395
0.348208686718
1.70430925206
2.29445539963
2.55154415849
0.498945295619
1.8830086126
3.0351737496
2.37689328401
0.835249729986
0.41205325304
1.00448665354
1.25169904822
0.715729529957
0.874851040353
2.5363773281
1.93814319127
3.05813344285
0.875958730194
0.867374344081
0.394978487196
0.0554417236731
0.506139606152
2.49093695394
0.589054571207
1.16287218749
2.10862488697
2.78592810806
0.518503653107
0.496892679494
0.0159142272997
1.17757456385
1.37926695169
1.78348610022
1.08476478474
0.76177676904
1.35842913522
2.68579637913
2.11960620279
2.53356682596
2.6803103738
1.84448870653
1.2680093068
2.84395680287
0.687525327192
1.92086315202
0.227025625944
2.1270716519
0.215128085264
2.84613090538
3.11123357387
0.856413943169
1.69376143073
0.835094285405
2.75785848657
0.541842789678
0.544679045245
0.185575138466
1.48140536034
1.32521049433
1.68502378395
3.0963946618
1.63978246473
1.96218003045
1.64835852356
2.19813319201
0.964943356968
2.78085509949
0.889658206372
2.68628875366
1.9787767999
2.33743590452
1.14957183492
0.637930449294
0.144881042473
2.0169068985
1.96009481679
1.28320615847
0.359135189714
2.18264403859
2.89155319704
1.7322959107
3.0754626153
2.1352768787
2.30739790282
0.815720846771
2.58869456323
2.69891640698
2.36832311513
2.12431031483
2.45288390705
2.53143947924
2.01893479729
1.29176655366
0.851471505246
1.40492954973
1.67773306868
1.858550636
1.37165496468
0.377465764929
1.74628991398
2.50854572057
2.69777344424
0.00998689986158
1.91121606247
0.77301839037
2.53771075372
0.941026325197
0.457118004526
1.46188710394
2.87366068666
1.04827231347
0.130852208165
2.50497743933
0.31252631027
1.34028284639
2.86001908288
1.24553111434
0.933820722062
0.620188061686
1.08187711725
1.99931757987
0.623614792223
0.881246879626
1.23189067677
1.80383701265
0.329193927138
1.50227982074
3.11887382968
2.18020379333
2.44810228409
2.02266759334
1.98778925884
1.07113983337
0.887626733596
1.58487395227
2.25476068001
0.290183504199
0.846939360706
1.3026716566
1.09000219227
0.00923586942217
2.25333051014
1.66671029678
2.47262950369
0.0680863551782
1.05011026062
1.3382949913
0.976363035838
0.351857309319
2.13761707944
2.73872976255
0.0774140136268
1.20246249375
1.53948577365
1.53003849712
0.73262655672
2.28408192926
2.59486752661
2.21248847732
0.709551193764
2.23488782286
0.482012983934
1.36099461565
2.01323763868
0.944691294061
1.13960090838
2.59433278381
0.621787362996
0.14361867473
1.64594795021
1.80145677595
3.09501244905
1.10541586932
0.0547077799946
0.573229418701
2.20184110279
2.6756679968
0.101348648296
1.82475352448
1.93415306065
0.384804226261
0.441106100022
3.00548878291
0.765007572966
1.55924574236
0.43281253337
0.185304738209
1.69827009057
0.342424152153
1.08936286553
2.95570524686
2.32998581961
1.66865771626
2.7665310699
2.72858024229
1.68059024064
1.38337266688
0.578979357041
2.42807817363
1.15305471268
1.48852804048
2.84364265466
3.03116231902
1.20581385257
0.728423995375
2.27809820651
0.185797473151
3.01105204224
1.37615282594
2.88607534349
0.398334718352
2.8711497426
0.316126300262
1.71122593143
2.84032628365
1.06230338657
1.20573138702
2.93079438549
0.289484390468
1.23467862861
1.76728256416
1.92093576661
2.44233169571
0.794750397371
2.28853012916
0.838762848561
2.23425639496
0.531151240408
0.157430849618
1.84615256617
1.76337701412
3.01180294996
0.27195137098
2.13112572143
2.90481527555
0.601410443158
2.686952958
2.00663784661
2.96978946672
1.22915615994
3.00762657292
0.969411661385
0.372000747245
1.33307942628
2.98030608251
3.12989238756
1.40921027731
2.77675910642
0.654385936092
0.327520672581
0.413117238526
0.940915427765
1.43584946173
1.30567080569
1.63486692263
0.963602156255
0.842117570722
1.97506950689
2.11950368223
1.77266797618
0.648899138692
3.10009984289
2.38451095517
2.45729435362
3.13066187281
2.55679653769
1.42257821132
2.28671424533
1.5850706184
2.85565238959
0.392741640936
2.23634395673
2.91729806584
2.69585187508
0.818920639906
2.98919067496
1.42251428519
1.70976170739
2.1948043101
3.1213974416
0.399900239451
0.882602477993
1.51787904404
0.144019545856
2.80870658271
2.3604040727
1.23026320855
1.78069564673
0.711183741041
2.941596754
0.450805232452
1.19321038371
1.39321066826
0.62389593867
3.00108328589
1.13943657312
2.44799850931
2.19989827429
1.36222481274
1.18657805497
2.65572695523
2.5866920332
1.83754325801
0.385056276262
2.4468863947
0.224825418311
0.217765978794
2.43654624369
0.0274239592771
0.583124025761
2.28507753517
0.951724014532
1.19788937473
2.07796424365
1.36090919465
1.46339867468
0.198048572914
1.66580155376
0.44365345691
2.59553790057
1.5288140624
0.0429136015257
0.373859931451
2.41041627812
1.7497513046
2.10210974274
0.804596310962
0.690280820081
0.215736149505
1.66684586862
0.605149164749
0.633211820894
0.409510061711
1.87098013388
2.89053030961
2.5991569833
0.882020730572
2.211795823
2.93288126013
1.99797387147
2.96405193809
0.224466164225
0.722108124266
0.892764800476
2.79312182256
1.93727749993
2.67257426576
0.00418872481974
1.6128029245
0.279126697883
2.41096330016
0.946042771961
1.83223788712
1.09790378725
2.73758615444
2.82603289254
0.30796138958
0.212386387042
1.32748728496
1.7376976089
1.87073768615
1.7612012293
1.07740283523
2.80125360263
0.334353168391
1.30629655991
1.04013970062
0.395193635435
2.3051360035
2.889912839
1.60440927621
2.00569176557
0.588630553214
0.687668020636
0.678196320236
1.23139295206
2.84267584931
0.405259045783
0.646219135857
0.96027883671
2.20352615971
0.436798454743
2.89690126509
1.82140160233
1.80199581448
2.11774403254
2.24492888761
0.934199094054
1.77425104599
1.65659208888
1.21984033746
2.31189031102
2.14314107835
0.661701920371
0.644360828911
2.36246616729
1.42627357594
0.14434377575
1.8152110978
0.746539852944
1.38776790346
2.48691170489
0.705152066191
2.74554521671
2.25254921642
1.42094628735
1.25662143684
0.361284427938
0.280683468184
0.445784039768
0.824881652346
2.32693075433
2.19958682055
1.58615380919
0.321186183818
2.24869122852
2.6456113384
0.212675097073
0.0660210570457
0.346461405131
1.6581432359
2.32874753145
0.530088878727
0.596897664076
1.20613791834
0.780191303961
0.183680708044
2.42581987251
0.704886231959
3.07001977387
2.59155587911
1.75040060441
1.76847735789
2.36265163468
0.215816221676
1.75487949819
2.74111172538
0.253094102136
0.238239480404
2.21983404424
0.629444138264
1.32817933969
0.987562673487
0.224723129157
0.147696126446
0.820782070431
1.9650820024
1.95468853033
1.02522867852
1.28140287639
0.0651386663648
1.36403430879
1.26554854296
2.83079053008
0.299250843028
2.02262297502
1.68300889384
0.0451497363349
1.3446694423
3.06286473745
2.98881891694
0.961156232507
0.179427053015
1.6881313023
1.97984188656
1.26526445346
2.43759800577
1.2652297336
1.26757356517
2.30198272432
0.269298664709
0.401818127217
0.578953248775
2.59265427082
2.86423087306
0.957427292821
1.20130576136
1.14898594265
0.170678048996
2.95333289956
0.864852777951
2.49142835991
0.981214316481
2.84339091853
1.28016531613
1.28478487307
2.97864642782
1.26651657006
0.622731825621
1.37819170038
0.572037784896
1.89918542372
1.67984477173
2.42340872707
1.17998850523
1.72022342405
0.157883172791
0.551935698058
3.02537352087
2.98548492761
0.824605657294
1.49351548484
0.460245303132
0.273251951889
0.224670755954
2.07633568769
0.526074873664
0.940276659778
0.912554029821
2.82730423251
2.04078322012
0.413563084932
0.300989474011
1.15329022292
1.23704888937
2.94444451681
0.690099113086
1.02022908611
1.13536943573
0.477311451474
2.35915306115
0.192494202391
0.886668262889
2.84452956825
3.0475866645
2.8897377976
0.431443592825
0.687744622047
1.48094491228
2.22556544959
0.528743813971
2.94636124177
0.95141611757
0.965884215787
2.92341582561
0.294434782476
1.09103838683
0.90857886145
0.809306699534
0.766048149616
0.0338297138869
1.87731648314
2.24167953163
1.58048502343
1.20375154844
0.240590275212
0.566756318492
3.09255688998
1.00748568492
0.840474606356
0.706267987565
2.9766716104
1.9612489159
2.25160274792
0.916857103305
0.365283365402
1.20171570537
1.39030574499
2.78474998822
0.398339776845
2.66276482872
1.19657400294
0.357449894401
2.71541575458
2.26916781929
0.306759293419
0.860001469956
2.26772566942
2.61478276214
1.41565532249
0.304092828729
3.06304191791
0.960292466369
2.23370877788
2.3685660938
0.152621354121
1.56218232323
1.93396610386
2.9491974741
1.08488095172
3.00223892158
2.71962397015
1.82636902874
1.77357600737
1.03830201827
2.16165923159
0.673465870605
2.20874781968
1.09150274899
0.27312990143
2.69673182029
0.533075593226
0.247569466587
1.58845102087
2.95880663315
2.81085803393
1.56371280672
1.22088399593
0.242654688702
0.331330554364
2.1678763634
1.74190837949
2.14446267837
1.12815137179
1.22153986833
2.37400391221
0.539260725668
1.10270918059
0.0830384273504
2.05714416955
2.04860155351
0.834362360032
2.96384475905
1.83192328964
2.92421772431
1.5067662117
0.63627548027
2.21009507924
1.37669092095
0.619398448207
0.0695625938945
0.923831534556
0.851754296219
0.596771644669
0.955764629553
2.00101994839
1.77671481028
1.72066357074
0.185796512923
0.333364414655
1.41656578709
0.33488369778
0.410364812623
1.77772872305
0.0296065549373
2.75818941049
2.00779698307
0.682537803367
1.44651065184
0.92471278343
0.515479174659
1.66606623739
1.93469785341
0.938671182784
1.62287798528
0.0797494566487
2.41696518395
1.0085717451
0.965274332369
0.886586666947
2.08284905817
0.0802437595078
2.74201911529
2.84165682223
0.799876566633
1.60089687031
0.369188757228
0.693596670614
0.130120461021
1.94201093701
0.395485210191
1.6148019989
0.162822278318
0.886904689498
1.97422249473
1.68571516468
0.173799079897
2.01681889869
3.11619587787
0.686664702905
2.474562159
1.25325100813
2.94531117301
0.183635762425
2.72302753033
0.544263304673
2.27567395023
3.03200571167
1.76083352952
1.75767654195
0.480484731811
2.96584455437
2.30363496228
1.62225278085
0.545695126614
0.117413302795
1.75017131043
2.5705227759
0.182398249212
2.58545445047
3.10382190398
2.78879995716
1.26313029408
0.833161508234
0.201228898116
2.88381500573
2.24603087377
1.42075227124
2.79131519042
2.36554848191
0.718254125492
1.41172813518
0.714520014312
1.13724089522
2.69065943193
0.0683771397754
1.04704944626
0.337105071927
1.56939495142
3.05171249365
0.877043019066
0.403915642361
2.73391389455
3.07896766091
2.34022389471
0.954949261865
2.37814769765
2.35488288109
0.861611977584
1.6690311105
0.7144895031
1.20978242157
1.71960331398
1.95811849743
1.46460902405
2.80128277076
0.352336246977
0.181262474431
1.24556654689
0.86998018757
2.98327224391
1.27614158118
0.286320986973
2.62929175178
2.66861583058
0.717728551604
1.57691369422
1.01950884838
3.07990992912
2.45063807095
3.13543341
0.819007500739
0.0862372734965
0.457698921952
1.11573074764
1.0962327504
0.421644954458
1.98816358203
1.68188945553
0.932116067731
2.62601928474
0.063454870104
2.92872894069
1.3813735187
2.20935070023
0.339578508333
0.0934935045041
1.51350108756
1.34469701688
1.06972897122
0.123373201436
2.82819465414
2.65235359961
1.07600568736
1.69371350463
0.399967005568
1.44200329137
0.720575783138
0.318195428739
0.529087622716
1.28871804609
1.13514042945
3.07337697004
2.20024054035
0.939713925045
0.437431644249
0.100614271555
0.191584629932
1.62507487383
0.138993718225
1.0365650163
0.878236516446
1.4703686451
0.722855897213
2.93023929991
0.699616434559
0.0569985266066
0.084521084581
1.83982321599
2.25337205365
0.00645084671412
2.85219651272
0.348514188194
2.44787046521
1.26708025715
0.364449861893
1.26740842731
1.35343471449
0.0337391072346
0.582606252527
0.287771184162
2.28913744626
0.793390721396
2.81612062637
1.8792829505
2.70959715049
0.316933543129
3.1238754562
0.762333996691
2.99514265849
0.387278490104
1.84125462621
1.53925819358
0.504534373604
2.09163319797
0.344810008342
1.43111178815
0.537309425607
0.935658916844
1.2480858794
2.37999643397
2.10052284926
1.20243385989
2.67724597823
2.37032993672
1.50082370829
0.0253712726825
0.207075857547
2.43368279023
1.49817685432
0.187159859176
1.62895319252
1.98786944923
2.64812993476
2.21196143266
2.83300727362
1.62216451627
1.47614633954
1.76474830249
2.14402165898
3.13756757658
2.82912147935
0.628083401903
2.30596770134
1.995318257
0.316547025637
0.280619576672
1.35710357268
0.101537084645
2.2293744608
2.94464696512
1.43461094717
2.84420255739
1.29449943808
1.74468365332
2.51851156956
0.634136935311
0.973175259529
0.795519837794
1.0310501274
2.54849697348
0.107567011309
1.83544184034
2.04285080718
0.495860672938
1.53197775409
0.81722519779
1.43018305102
1.75159654488
1.47387893976
2.82428938437
2.63759325398
1.93314335418
2.31074725327
2.38147569654
0.0707059598439
1.24078804467
0.457377636246
1.97728213019
1.5415014376
1.73312692942
0.575415399781
2.01226515067
1.51913990886
2.71392093971
1.22470980772
0.235586133661
1.90128941715
2.96842992487
1.49634642588
1.31338389592
3.10678115634
0.554303297384
3.09414325525
0.402225581619
1.48391534237
3.02398086528
1.38289305141
1.96760916956
1.93229668402
2.77359940454
2.65967616357
0.83124524173
0.116910187097
0.205641447206
2.4518197992
0.594015862152
1.7516555601
0.528096291737
2.2176191989
2.13887789145
2.97302447872
0.734308150171
0.0769394867142
0.908124868688
2.43043648306
1.05775583142
1.7686285344
2.19606450393
1.20524126821
1.93624158452
2.51589234732
0.237040120074
2.32620386159
2.89915918881
2.47575582532
2.78475391056
1.27334712799
0.161104374554
1.22677165809
0.793186260606
1.61211234759
1.55631708194
0.635105179484
1.69466456709
0.517054660525
1.3388626945
0.719236912459
1.99497335788
0.268688096102
1.92874474527
1.04665597215
1.09808232698
2.2563817233
1.22993889123
2.08475536926
1.93657587008
0.0972257580832
1.2960463196
0.020051693688
0.0551392439637
1.07655873936
0.0226817176125
2.24985250463
2.10991257167
1.37167928252
1.1090957042
0.524162671483
1.87979030238
0.93381950544
0.918095413386
2.42952523661
1.31839640842
1.01402012032
2.95463332586
1.54609909666
2.9206833575
0.060707456505
1.09577368965
2.61308756909
1.02745622765
1.22922599041
1.28916052392
1.48057610544
2.97377321667
2.54152413376
2.00750527669
1.71258882903
1.37319822851
1.70308012622
2.63319377875
0.809981863694
1.0850671165
1.52823839382
2.97314243381
1.72950291969
0.458073979602
0.965566139608
0.4953729868
1.84543759494
2.92010622043
2.04656553543
3.05289330292
2.3346703064
0.671563817806
3.10868321251
0.071129271241
2.89792778371
0.338050883231
0.45571927927
1.67096164522
0.348883606375
0.584766968283
1.62066148848
1.17922474992
2.00379767463
0.880327986232
2.52536453793
1.36545588233
0.452847955387
0.26414545648
0.131536449177
2.66737254673
1.85696185173
2.27699217149
2.01963376161
0.264512507422
1.17962948981
0.666572639282
2.64356633269
2.73325585381
1.05311305582
1.29735972201
1.80730923474
1.70964905846
1.11726176339
2.48550675492
1.90760027734
3.13470162598
0.408616809246
2.35221249798
0.867208786148
2.69676642955
1.15387399113
2.20324930117
1.5768215064
2.762859267
2.3580004885
2.87316121644
0.326126647006
2.95879258904
2.83257724619
1.37156666067
0.942859916998
1.73773576492
2.14978330788
1.58214674724
2.11478065449
2.36437236645
0.0675379682778
1.52094273034
0.823298822375
2.42853546162
2.40777834159
2.18688171326
0.0405555397779
0.873918094116
2.03325321885
0.0108554584381
0.604739671035
1.15678246461
1.00243739872
1.2068956139
1.40431078565
0.291585307331
2.46865563335
2.49601493112
1.63919289312
2.39540818504
1.1367164365
1.02764759778
0.494511264047
2.61034421938
1.60403157406
1.93035670224
1.59828637187
1.54996764143
0.215875788542
1.40361444781
1.58567257152
2.49312366784
0.326958896895
0.626598331256
2.66124537772
0.0418616905021
2.65193671288
2.13550813874
2.12049784694
1.68245087229
0.431951638348
2.83850122296
3.10873318475
1.12038382509
0.475255531033
3.08471451696
0.522073457648
2.81056593691
2.56744443072
0.68930397087
1.81204276093
1.12110175885
3.10391866412
0.391823135833
1.2511746404
0.989605100832
2.69576690476
3.11975820416
2.8624181339
1.15047818406
1.60125251885
1.52892421997
1.42963962449
0.572523642716
1.84772159236
2.19053092102
1.35797391916
2.37812529833
1.22094442382
1.07128058251
0.0947664978539
2.46721449559
0.214916754162
1.2174240833
1.41702617996
2.29223082011
2.22329768472
0.316581065123
1.62413695058
0.908544986997
3.08300063031
0.500364837561
1.64106804577
1.30762008701
0.344610073607
0.290030145153
2.5294588902
2.15905927346
2.91220554124
2.74361653064
3.13315774082
2.47839517629
0.439239000925
2.95319595317
0.152334913338
2.02527845239
2.20136708562
1.48236026011
1.94540487457
1.85373109629
1.97352776246
0.976842221547
1.1700560937
0.52546338339
1.57550929971
0.158858774123
2.71986560096
0.319008725652
1.04545520596
1.66076066152
3.09918551676
0.566099930637
2.97032504936
1.09263759646
2.54482008274
0.881476445353
0.88638791756
1.11889000111
1.44718185197
2.13808744616
1.87158759467
2.02227118705
2.74646297902
1.18409706222
1.78460689659
0.452545880878
2.20147295148
1.86186618948
0.748848658141
1.6112924919
0.579776102832
1.991232723
2.75395632318
2.38955283347
1.3661772402
1.74277418103
0.84244808368
2.94461149284
1.50184017958
0.0419483692274
0.34332417006
1.97771383548
0.618817395743
2.24454916074
2.85884200538
2.10885002616
1.96811730107
1.42427848403
1.68021048465
2.14306216696
2.13405429289
1.82194882894
1.94897576697
0.431685086721
3.01672577708
1.51310768772
0.163095379052
0.682977795929
1.68842588529
1.38248591855
0.550731455637
2.86982998792
2.42214993873
1.98730084109
0.256983435522
0.447928729472
1.99087597285
0.504449912866
0.923284115387
1.05682273012
0.883625562139
2.71808045478
1.79251032633
2.65527219075
2.23970039394
1.72946708143
2.98080540132
1.21067735806
2.70848453531
2.52879783251
1.70520484938
1.03287392101
0.882938777284
0.458031821097
0.438182603789
0.24115979923
0.125574217287
2.39750030675
1.83087347287
2.66125600525
0.0084183976502
0.0847357825911
2.2365665187
1.07660218557
0.765546945931
1.82622893294
0.530733510681
1.64625920105
1.92805781465
1.37744956848
2.03214488235
0.258523583004
2.95395264829
3.05496397112
0.17782977469
0.609389506446
2.48318291891
0.729759174598
1.14027668655
0.0621384984921
0.0582268117011
0.103228022524
2.45081924083
1.73178393311
1.90036540719
0.824207449759
1.72405140592
1.317011832
1.72991394516
0.375260117883
1.53337106869
0.0876509957758
1.91522229849
1.85583196342
0.976522268646
1.03745861967
1.52361217887
0.366853431437
0.866101061318
1.97032751745
1.4551496475
2.08372167839
0.318655559099
0.216227427333
2.87886476843
1.4383018046
1.82723120125
0.147921193957
1.84997418212
0.216704754853
3.07477289757
2.66167598551
1.29382904289
1.95357637646
0.833320273939
0.788084641711
2.05063141135
1.92453335405
0.442855894637
2.91957169046
2.2503494068
0.90282170757
1.7556901015
1.39630687121
3.11255732291
2.10001559149
0.524830782603
0.188795691908
1.62344186361
2.84946444138
0.0452828578218
2.44834904329
0.230699198681
0.332694964701
2.29436042213
3.09918307448
2.08401808695
0.0465757384255
1.47632756558
0.812649286066
1.09914411995
2.76229595585
2.60535505449
1.72371785425
3.01434108786
3.10368937266
2.62171885457
1.43344853751
2.03592810331
1.94191518291
1.14519444326
0.0423091445532
1.31523516537
2.5155031671
2.34172559374
0.447355420907
2.39178784899
2.68651342392
0.0216873049553
2.74041590295
1.0559726732
0.0187790452829
2.26545673669
0.196717719075
0.291580555987
2.11836671432
0.127910217355
1.9697153419
1.31147415671
2.02719681117
2.63661463648
2.67478141448
1.19488784232
0.886457351862
1.89642951836
0.814220884888
1.49263823989
2.59578439685
1.03187539282
2.59609124706
0.192215327699
1.51623987885
2.98390895707
0.276529252274
2.45130016522
0.0795982465408
0.211114501703
2.68666617127
1.82040111457
0.714163965065
1.77309352513
1.75064167264
1.73895657787
2.60770175131
0.317492418495
2.15427663973
1.37042392732
3.07214844413
2.27123577755
1.08850051109
0.276709801021
3.10371940426
2.08300293023
0.496368570798
0.913464880492
0.792856781219
2.51198155981
1.90783378964
2.83087337156
0.516009944463
2.08699372597
2.50413975645
2.34863296062
0.464094677603
0.0843658974455
1.73418604062
0.0859879217756
1.08829002985
2.34675563974
0.0743661808962
2.43257431662
1.26415831667
2.09359822105
0.83048831113
1.40283448004
2.43085715274
2.07191213718
0.0692359546283
1.88252624477
0.758302867237
1.69716571004
2.03881330986
0.917184243656
3.13736768069
1.19439296738
1.98713388797
2.61244360413
2.36094680777
1.18527743354
1.68304171443
1.85211053774
0.0506456821346
1.70472930597
1.82431052096
2.52972836576
2.35337900923
2.70298396631
1.94843316754
2.08224007506
0.130905900264
2.31781619734
2.53800996624
3.10013523969
2.19700715368
0.961204770687
1.32722319863
2.43427803411
1.75962853178
0.861316120683
0.984413071038
2.17879135134
2.97719807109
2.97949090321
0.712978428072
0.675186010302
2.28790696834
1.79354134037
3.11256681899
1.9454346423
0.566113752122
0.258105860933
1.51409254864
0.881399123704
2.37069151698
1.55997154019
0.412561694898
0.338943143548
3.11005841929
2.29253371105
0.142350103473
2.61681566014
0.657395062632
0.352517957476
1.27492279332
1.06140075292
2.15277319147
1.46285942025
0.798499069814
1.59433295579
3.01428024361
1.84134345231
3.01861748488
2.08251440896
0.342265727563
2.8286472519
0.0950373705596
1.39445746807
0.0398796256653
2.19835376442
0.87551426329
1.83057734574
1.68933365032
1.95233171146
0.100443236463
1.34237884049
1.65812099499
1.79440376355
2.61112242533
2.9631071752
1.71439059585
1.9524978917
0.264566933241
0.0832383121778
2.07527096363
2.10505488263
0.230842559823
1.40032265262
2.68648815774
0.400456731413
1.40012693055
0.0192701200276
0.911184958002
2.07698881408
0.782722659477
1.11051651466
2.40596477803
2.78254650818
3.03198599705
2.74161623215
2.8628409569
0.826175628313
0.0138120047102
0.138895287588
2.28842499381
1.39758971322
0.846664840641
1.36592174749
0.399167939374
1.71650863547
1.39833678825
0.340817623507
1.36026542012
0.505113267919
2.8957528788
3.03965860581
0.240634438279
1.53789518135
1.55118193534
2.32619774038
0.473203335954
0.510671514029
1.19494006368
1.62060894035
2.20918274987
0.271328823198
0.897629422056
2.6324082505
2.12189561688
0.873116055615
1.17402282001
1.88276401867
3.1251206979
0.00333426594144
0.124155523611
2.53132548199
0.326127429433
2.18845650943
2.49624835305
0.117137494604
0.824543097229
0.697194864362
1.79856759557
1.97288540039
1.86973485963
1.80405339564
2.43590292196
0.716355751055
2.39488840668
2.48538033908
0.0196875758673
0.490714934088
0.273370568918
1.44375599472
2.69356469855
1.27630831832
1.48015721279
0.0819343789111
1.17669317997
1.55781293446
0.302381238059
0.146905255516
2.38271243913
1.90761989103
2.78710106365
1.1803129643
2.08768412302
0.631611379682
0.571403023491
1.60598489147
0.417308835968
0.78268387024
0.506407539613
2.68177494937
2.08774943769
0.968688096568
0.950591352343
1.35371050072
0.0955086698656
1.83377482861
0.284701656667
1.1234098396
2.00177786396
2.97083599867
1.71992574216
0.563630592288
2.17494850122
1.89859616115
0.73733612997
0.850268246211
3.04853620285
0.261155050651
2.89562287418
2.73580851722
1.74899980423
0.851836302034
0.45504805795
1.53724761887
2.03122949374
0.588136931821
2.16031133774
0.641608845549
1.25861951028
1.01495316762
0.252837588189
2.86954452528
1.16254479812
2.27697919479
2.16308529418
2.81849133533
3.10114922437
0.593754913116
1.5986209963
2.70962684243
1.31503742925
2.99790245751
2.73195746751
0.400463899905
2.87915019472
1.04591353916
0.422330347228
1.7250924097
1.49025081463
1.7880765203
1.86216328963
1.61891286755
1.17196381259
3.02649378198
0.357054233361
0.695827969219
2.10634274033
2.97017774543
0.323775679825
2.62471489589
0.937065089758
2.24880265805
0.312716666079
0.95309009336
2.86489521541
0.468541644819
3.09623034969
1.8376923554
0.257856923391
1.13540495449
2.76664267709
1.26963134777
1.09883237457
0.515265706109
1.05355153721
1.78645601943
0.507990225212
1.38154886656
1.65143448255
2.77561781149
1.12099665831
1.59521047626
3.11793635343
2.75064156338
2.29644643082
2.59479402753
1.86413987892
0.859232009636
2.30669914379
1.88136841869
0.38765452107
1.4980101361
2.22895116622
1.33492923923
1.82120612254
0.659834530511
2.18572528575
0.269937437397
2.40115468318
3.11954875592
2.73785799724
1.02634921375
1.22500851291
2.3409378151
0.372565990444
0.206576036901
0.238584904444
1.69047492093
0.948257692003
2.24053913952
3.03881859548
2.91146412017
0.382988914339
2.3268879854
1.21664361772
1.34795190863
2.18751959916
1.20370465184
2.60601493945
2.76830844386
1.75016515415
0.796972034739
0.543268915617
0.628122725557
0.867299565278
2.2692486211
2.44888975477
0.816420718862
2.59490060275
1.48000232759
0.382485190722
1.10068969285
2.73853868795
2.22966524618
2.35314796142
2.76405137986
0.544041842954
0.00230982677451
0.836591382036
1.48551208388
1.42787044546
1.13225736615
2.763185848
2.78653880795
0.00681461178547
0.397895362065
2.65428093343
1.70757836907
1.34314953038
3.01699918253
1.58898357288
1.73024127364
2.81101436074
1.14791632076
2.61334324682
2.00335477398
1.2399359438
0.427233445607
2.15008732857
1.98306571786
0.97160359509
2.06593823791
1.8985438931
1.62805798401
1.73330865402
2.83907673331
0.812652950349
1.12233506585
2.81185799572
2.56266185901
0.132170636692
2.66772410258
1.67338534663
0.913445298144
3.08279879726
2.25585549965
1.35265932513
1.94349287632
0.95772276545
1.84437499459
1.58970464003
1.09810914639
0.829020463877
1.29293190176
1.08888177507
2.82097627774
2.48143637875
0.946831492767
2.6378271997
0.0512897474406
2.29318256082
0.147838135673
2.80846225855
2.15547412923
2.43378010489
1.23998302503
2.43867704084
3.10351392997
0.720764403842
0.447061422888
1.89030230237
1.4833049321
2.60091791067
0.89582308189
1.06913396384
2.81977832083
3.10040048503
0.887555278991
1.79537404121
2.24019124793
1.18099595727
2.75346275845
2.5137041639
0.697517381885
1.46650811468
0.116282888475
2.50540664145
0.440722236248
2.65671417178
0.141426732425
1.76041988674
0.800888996033
0.285950518487
2.56235142297
3.10505313583
0.240799631428
0.923830664552
1.51361935096
0.452141640182
0.76307745057
2.55017344465
0.0524287870828
2.95274287942
1.35530607206
2.70878087831
0.0473691178339
2.94527181006
0.467339967622
2.21524853297
1.03788686803
1.63365227337
1.77527668673
0.954925751267
1.59207576572
0.723792406125
1.99016442843
2.9269073953
2.96932476992
0.456999773984
2.49869124036
2.32671803741
1.6999814588
0.12650418484
2.98941964369
0.559183179059
2.59940144719
1.95964688246
2.57839572212
0.591638458457
0.813764728947
0.687287869885
1.24337145179
2.90332472244
1.85780612697
1.01293560016
0.68948573834
1.44015767875
2.02135496304
1.17984683379
0.324079507857
0.89850748386
2.34908021525
0.133769514892
2.7844098196
3.03913862292
0.55901003107
2.26863583752
0.396285050316
2.13203130597
2.01377374888
2.88422982845
1.2860503882
1.81235809432
1.91360676029
0.48697829689
1.64897698453
0.89305041466
3.0678558098
0.773556725701
0.498117242644
2.31148367226
2.10021396467
2.66775412404
2.28676407696
0.0556651335884
1.22037758865
1.77877869027
0.839274039794
0.494965529821
0.586211518162
0.87028998929
2.05402219762
1.08799889489
1.88699543065
2.98090795158
0.784362915703
2.73356155749
1.05160451126
0.580341330105
1.33310345242
0.470096807451
1.0778243531
2.14227427893
0.454201461328
1.22339755617
2.42166560871
0.587277578265
3.00982232203
0.837921723519
1.35059379672
1.28591739313
1.70712034581
0.137233636902
1.34107288061
0.26691355315
2.08855749574
2.68014102391
1.60122738511
1.56952134119
1.73863002042
2.72247092249
2.79441754096
1.18534567942
2.57689018288
1.78658688533
1.96758136147
1.42259185664
0.566594164618
0.893386678887
1.13874108287
1.75760785748
2.15379660804
2.35902459466
2.25560027708
1.23717430896
1.23542858813
2.96838238223
1.64230918278
1.53584094261
2.96967671437
3.04115656268
0.712660384054
0.846192617237
2.75136593927
3.03835517523
