0.533366005001
1.29452161495
2.08328799149
2.02733578014
1.52231770118
2.90534646862
1.57221010337
0.562068146301
0.0519745603947
0.410458847026
2.87920712919
2.81690904802
0.0491615396157
2.95514861927
2.02429657689
0.0940161216745
2.02613474977
1.1466142761
1.56108132329
1.2686606524
1.61120622465
1.05633674601
1.16792023913
1.39422972154
0.0270926332995
0.769375663141
0.592334027138
2.63391776955
0.851564131526
1.31569117455
2.53757785391
1.44418079135
0.700766276655
2.96580573973
2.61170194944
0.382608584162
1.61102890742
0.905355428647
0.713943319121
1.97475892479
0.758733758253
2.99356242935
0.383817598246
2.56208784241
0.0151037341961
0.241051445616
1.20038027258
2.25060981003
2.09860666239
2.55687894991
2.47793704418
2.83112418042
2.88143233001
2.55295249069
1.33460114333
1.36357275066
2.05090006119
0.461962158769
2.37111216569
1.33070230358
2.04132567957
0.631423266763
0.407893638816
0.246410365905
1.54309367679
2.69157836882
1.1401070008
2.37929062801
0.973875046376
2.30055763015
1.40384993095
0.112152775305
1.87775841849
0.340038370946
2.83817176605
1.83156447329
2.69353862473
1.91930221263
0.828323136864
1.1369459349
0.569269364508
1.80715807697
0.671734800379
0.787692992977
2.61419143424
2.88448823074
0.552609791312
2.30429609093
1.18222048844
1.75980451299
2.86962595973
2.21863885945
1.89553854305
2.60445317981
2.80216461331
0.851344679807
1.71010368819
1.65336644738
2.16345100322
0.188392958701
2.33177934946
1.10219661672
0.425247852243
0.0827733849215
0.642418751238
1.2354697771
2.74542874858
0.321234173839
0.32675257776
2.84008225714
2.39085318397
1.91308405729
0.0664243177498
0.627197204804
1.75230754686
1.1322154968
0.312946595751
1.40229176225
1.89812986371
2.95963345557
2.66047368779
1.86472219662
2.43687052096
1.7481642431
1.58081909405
2.77502751726
2.27667049425
1.37998786369
1.75738933727
1.18852211715
1.44553477578
0.161501997693
0.637982006703
2.36923676614
1.81372885646
0.805087195153
2.55321919132
0.375748496936
1.65373656981
2.17711753822
0.607350902061
1.77805449681
1.27588155327
1.10697498785
0.8401235653
1.90201428847
0.577700187389
2.5098359975
2.18286654619
2.28733608123
1.27672063969
1.49069797358
0.897935561446
0.362260745011
2.14579353799
0.12418144816
0.443379549746
3.02776543068
1.82447608718
2.44051413918
2.9681054547
1.72350478757
1.87099426144
2.5958781483
1.23364215965
0.169412467866
2.3003698974
1.66983246917
1.66103069228
0.592667436661
2.51534038803
2.61561850367
2.8583285588
1.48165652116
1.14885931876
0.958617355803
1.69809178034
0.798592563271
1.30398981405
1.55928570669
2.86476844441
2.10849088637
1.03189092217
2.58838054216
1.05199677409
0.103750412165
0.769844259139
1.85406847741
0.00856192902857
1.69778250951
2.79197914625
2.1955836825
0.0414160165428
0.211942410539
0.724560688985
0.387393429992
1.24670416141
1.98676739816
0.357134429481
1.85343725496
2.41858744838
2.65908903643
0.482531182337
2.53291344622
3.00011630482
2.30924916529
2.31988467383
2.36794348948
0.239193819899
1.98036922205
0.598932007741
3.04532086299
2.15585204821
3.03533672593
2.81599098729
0.668506291876
0.0291988008624
2.53370463438
2.85769258902
0.343558529665
0.993061706792
0.372528408161
0.162879597644
1.34534684621
2.89118333066
1.51048060165
1.78381162862
3.04147757874
2.34329662849
2.82625515113
2.6742239037
1.97835184083
1.80445497564
2.04442658488
1.72565153354
2.83988044077
0.625302085147
0.703380374849
0.584028700655
2.84912095206
1.74519811755
0.996122213624
0.681177451843
3.09147091839
1.38889942572
1.19697438195
2.51918821539
2.7527956049
1.09450523801
1.50283953769
2.88015716161
2.33369504007
0.976653321314
1.53719825449
3.00021464541
1.31710546639
1.12841301547
0.399521754098
0.774307374493
0.610678660642
1.80958894347
1.26091725135
2.56187991785
0.031165065008
1.78941452269
3.0143397581
2.11192505571
0.378772884702
2.23024510945
0.351663339803
2.72229849531
1.47146777742
0.5062111928
0.646876665809
2.75612716509
1.56957864049
0.633358292532
2.36108630785
0.154499230405
0.250941969176
2.06618341408
1.71157727657
1.30864660096
1.42212666914
2.67229422883
0.685039437271
0.258165415726
0.316825307659
0.249189608402
0.902165669738
1.79235724986
2.96201659189
2.29611081826
1.62987709474
3.08013072154
1.88438326293
2.03811658856
0.26125683835
2.85319344401
1.36626363681
2.71503545019
0.310427994561
0.1509881843
1.13630968468
2.47129297634
0.0152340016948
1.19917732842
0.669569777424
2.94259882228
0.0526780001608
0.796773601429
0.179677150385
0.873675752203
0.118410281896
1.55538015769
2.87632885836
0.685993523093
1.42467631774
2.58979458912
0.332679745143
0.983951784297
1.85365739076
1.24664055938
0.611929943713
0.950269157192
1.78147135999
0.355541679274
2.76352149851
3.0387637121
0.68054201575
0.816949015753
2.18129192481
0.0255832309119
0.818976082762
0.821356451561
0.902162637601
2.65241828505
1.8660600826
0.220223433353
1.56941746467
3.13027583196
0.879325533396
0.596443986902
1.04655193176
2.14127972649
0.838873529335
0.995028656735
2.46714765574
0.183846686119
0.367717191409
0.0262559895523
0.0888090751344
1.74139511031
0.620495693252
0.617753271155
2.05943189768
2.7842317836
1.54320131987
2.62867012547
2.55623111056
0.558641910567
1.64168066446
1.15512073158
2.67400877561
2.08471658077
0.467502728866
2.86826680968
2.95661362643
0.682064032937
0.842347047903
1.67024953023
0.787430634704
1.74946870857
0.383346880135
2.69021238858
0.356557381724
2.9605753956
0.441529832542
2.20684689697
2.47828627652
0.53973134388
0.426820462383
2.70257425117
0.604589719264
0.766770224645
1.4732879166
2.43572525753
2.14946541874
0.238298046837
2.17992182366
0.0475121250772
1.52295184625
0.660162788875
1.20309030689
2.46516987578
2.15279805755
2.16853608789
1.52585701245
0.990954226413
2.54953045023
1.35404599363
1.72142652637
0.921376419171
2.89843321425
0.972435990458
1.67915877244
2.56168941678
0.797019235648
1.32283962337
2.18351285144
2.1333468384
2.05432120257
2.75123290332
0.523506187359
0.805942952092
1.43517923522
1.47218227254
2.32708191645
1.63073038741
2.83730533959
1.16534010611
0.0490270765538
2.35087066553
1.71097239596
1.22178586684
1.74555695902
2.47204283019
1.89822934549
1.98808572061
3.06145201062
2.85830845115
0.527368021142
1.32872882868
2.6030673679
1.66153036901
0.630796694876
1.86871306265
2.01806481691
2.30158944737
1.25196789342
2.20982571802
1.56772720322
1.06012742387
1.31596768386
2.09095670615
0.162170540955
1.76884047586
0.606280172787
0.509163909056
1.76491251364
2.97944894686
0.83037235784
0.707502814019
0.169288491968
2.12636898651
0.684188353025
1.19904115142
1.07769966648
3.01122924148
3.01470486637
1.81806193447
2.59594579972
2.89681394014
2.1841411645
1.7074303312
1.41290446908
0.932595508874
0.867773708851
0.983381931792
1.90689257736
0.453976806428
2.74955610507
2.81471705081
2.08273547247
1.17343859331
1.26493284396
1.3763157662
0.13096636596
1.67671400674
1.61748666987
1.65320092549
0.506883437108
0.906284964147
0.225838225332
1.5537055959
1.95942041779
0.292152607778
0.0307415841628
1.92875787121
2.34500086327
1.64713933152
0.130199204594
1.85080437846
0.111087374086
1.40195411715
0.541453842107
1.27201893799
0.689296468408
1.26300525955
1.96870322343
1.4161388094
0.331915202026
2.07110252596
2.85907086955
0.95524645901
2.25761246452
2.1096105338
0.607681065447
0.722465435112
3.05433371723
1.33000790363
1.43912594121
0.336044623957
2.31074851179
0.0507043137785
2.78363992472
0.611804458128
2.83811517687
0.38126184433
3.01704836033
2.34588520355
1.29703152304
0.102041869051
0.957511649136
1.50011144899
1.87659342295
1.53206358681
0.939200288681
2.98074235909
1.16824562932
0.851728208626
1.68921052782
0.822192705293
2.48157950133
2.37097826748
2.15090437722
3.0368813672
0.195023698596
0.279579242681
1.19784547678
0.909967617768
1.75752243654
1.0527918625
0.980126859112
0.161587900894
3.07666445636
1.06923119237
2.71728436349
2.53794041045
0.869853955345
2.12125135814
1.3585260475
1.1878437672
0.781650532138
2.79033549513
1.23974547776
1.14163422727
0.73288901726
1.65362176636
0.25249724232
0.56853108328
0.962792358071
0.875192988307
1.36938396973
1.58051917798
2.05378814057
1.48280965715
2.02999792515
1.82831512742
2.68592764041
1.71798322244
0.647726313572
1.62889783853
1.11608670381
0.968092819476
1.58827566476
1.75632222158
1.91781715756
0.758787413278
0.304561783638
1.48431332233
2.6366854383
0.845437472915
0.460580806774
0.272775233928
1.84075004399
0.328311852808
1.11439430703
1.24189283981
1.09117283163
0.358729954782
0.611362188738
2.91003564604
0.175156410364
1.06985698104
0.510047573706
0.761336657326
0.972157927277
2.36829311162
0.837243732787
2.19447719966
2.93212029085
0.303770177371
0.91054478446
1.75094566776
0.631513214842
1.87425433796
0.386822524085
0.395310244121
0.499348863211
1.57054746829
1.3266181087
2.43446322092
0.416811346394
0.144739460712
0.0232058020235
1.1211224813
0.236350439485
2.23240540575
0.348413607746
2.95074674744
0.448056283584
0.27539814397
1.30644693999
1.95589881911
2.59163220874
1.83907741989
0.612138385662
2.3966961506
2.83552248562
0.988195376788
2.30786170113
0.482110909488
1.59624483425
1.63182967072
0.139392813483
0.670078231764
1.43553567393
2.3251123326
2.91669483841
0.0230294967555
0.45069014412
1.87006688209
1.12253583916
2.47176946753
0.279026841447
2.51738722426
0.452397665961
2.93422827485
1.85137754862
0.433169043726
2.47307468901
0.942365189303
0.96580920021
1.19383920102
0.1371201495
0.919052441967
0.597358739376
2.53311323577
0.332032708911
1.55516193198
1.13367955855
0.324010812853
2.30070423984
2.92897236771
0.6542042555
1.78718498585
0.105713555438
0.57781660018
0.087305736811
2.74471535443
2.59505966856
1.63722334616
0.209741706558
3.09565546702
1.47509596622
0.0762378221814
0.218968720433
0.469278469282
2.17822615038
1.84675954046
1.62651118636
1.2070562593
0.890655358529
0.11575507923
2.08611619976
1.24703688655
0.509339133917
2.75706499367
1.52006921275
1.69195625898
1.33190764281
1.18040258142
2.61858774848
2.05461904204
1.60131986004
3.11668589615
0.541513288401
0.800714076341
1.83013583638
0.668615464306
0.25140005679
1.51199328679
1.47702235817
0.155707704207
0.871157086879
2.65546592741
2.69666267733
2.58788376826
2.22384712216
0.263520058568
1.44858145897
2.99967798742
0.21446768907
0.344259430431
1.69013840863
2.5932771485
0.972211000097
1.89028432777
2.16357440033
0.0664198327311
0.202995289798
1.74879462107
2.85841709124
0.0885549940722
1.86639842672
0.0732765080541
2.24825502714
2.57853568207
1.53465570616
0.793786865661
0.358922373536
0.442325940687
1.81122268077
0.564057637989
0.915951870605
1.98266859905
2.50111470423
1.68016470047
2.7778782919
0.389674141216
0.869692341056
2.11321927415
1.83754641283
0.455307829962
2.61247747946
0.0513535131534
0.988837652887
1.41836850164
0.665024191318
3.07658885218
1.06009405739
1.11716464394
2.46403555794
0.775928988645
2.16150915865
1.64814123896
0.154403659942
0.891776232749
2.0878647748
2.3923430188
2.66468078585
0.465209067126
0.0660825378707
0.934922858027
1.32673252728
1.54613648538
3.10581721228
0.708355761747
0.160521144927
2.45129995993
0.0156611275683
1.35941814803
1.41330536453
2.60649045004
2.20775939815
1.89923891882
1.9218242175
2.97805614321
2.80253432584
0.617777874218
1.38499769145
2.68469712694
0.693744559467
1.10343345338
0.426018790617
1.06683813537
1.63974450937
1.84933013028
0.400144619694
0.0513775388754
0.245247451025
1.13367658272
1.26201058605
0.351549720205
0.0452838848082
0.88842922901
0.527437121773
2.38006888308
1.0251815751
3.06440096138
0.0181550095273
0.796922852144
0.138413238118
0.0304530518953
1.9396482421
1.67103502805
1.4152046076
0.349205852367
2.29484425594
0.553849055878
2.48595964313
1.11991885655
0.548121891827
1.72901307223
2.80461534788
0.343158302508
2.52115785802
2.6911450851
1.25948366657
3.01088814321
0.720198361215
0.506145651636
1.32002845548
1.63197531698
0.524963963413
0.726946957935
0.441398362967
1.36615894537
1.65463393946
2.07733932219
0.614313541586
1.37894709324
2.31710127206
1.31457261534
2.38674090844
1.72901675175
2.34204903673
0.164957271389
2.63434556139
0.151785646549
1.68004769268
2.85109014876
1.71547274218
0.792648859387
0.493994569143
2.03609712405
1.59992576846
1.29937505316
0.179437329037
1.2463185979
1.10680459862
1.66005850038
0.0928393694145
2.66659087538
2.58262761105
2.73863100016
0.646020344256
0.845763407846
0.236999359466
1.7562328859
2.54668352368
0.582887415139
1.5582483567
1.83104330802
1.18033069485
2.24495337907
0.123212634804
1.77771713977
1.67790446204
0.81180933289
1.20608211392
0.488010028533
0.640883005516
2.90371652094
0.638190231466
0.404045771719
1.56319128647
2.46565799154
1.61951363503
1.64672827946
2.36151127659
2.93795662204
1.30960369516
2.5947955861
0.0642747688066
0.820383417902
1.3881611662
2.00539705837
1.90796888145
1.98479789796
0.792391466517
0.844255934732
1.37981321357
2.87981946375
1.78985776037
1.34946033717
0.442702576142
2.87278599856
3.07764607838
0.332581748549
1.63835779441
0.850305617141
2.98742913747
1.7543287734
2.00242254854
0.761216332867
0.680225224456
0.808012205426
1.57104205392
0.529702610197
0.977857884272
1.05406271592
0.95606698063
0.1680020018
2.1230511418
0.536264753503
1.82535172109
1.96617571277
1.59558006742
0.471732558831
0.230763434158
2.27779187226
2.79840340196
1.19524045834
0.319098268446
2.48203088554
1.82033913529
0.489821612402
1.54544896273
0.0757334512444
0.0880583185161
1.04308996852
0.625539127817
0.537390213769
0.756156021158
2.29296291416
2.87702573687
1.96718258689
1.61546368855
0.680379472233
0.601703892564
0.425170876164
1.51903377167
0.300654650212
1.81240472855
1.09218716522
1.46222976276
0.172681732023
1.83416791394
1.22526321315
1.50642755094
0.547312870675
2.12088523434
2.40857486812
0.027009212448
2.03067497645
1.09219508851
3.03768473301
0.944188273046
0.0729771596118
0.806322170438
1.18635547074
0.828848071169
0.104577153441
0.746385029713
3.06624453462
0.549131793776
2.96934223742
0.592314081565
3.10479784796
0.10118602926
3.02305957323
1.69508527648
0.624855054854
0.207616996592
2.73344771355
1.69842379076
0.272394984189
2.08694830148
0.905682993616
0.93723478864
0.14695517062
0.174580073307
0.0564040710432
0.945507751588
2.67224017202
2.09693093946
3.0304213715
2.95498909681
1.83457709453
0.248683249983
0.882566113733
1.4751168396
1.27865387947
0.518148348314
2.33259828873
1.43286864753
1.38168731419
2.61886244825
2.31355341513
0.676918244998
3.0677078649
2.32153108266
1.29168274558
1.9407004007
2.29895182128
1.81178155573
0.747487003784
2.76018135504
2.10831701442
0.451024485125
1.1615054007
0.439640363642
2.28247898076
1.27497109893
2.03865863818
1.95457760238
0.786539029935
1.01842163428
2.38217520624
0.704167762753
0.708977897507
0.74414396023
0.135132425302
2.94987295975
0.0600882129668
0.613527116011
2.22977359918
0.386681812921
2.56377955545
0.288749046762
0.225013313258
1.17593560215
2.06913356943
2.73526860129
2.22740721579
1.14919853964
2.26078224227
1.61734404611
0.732119401414
0.610868455929
0.118453891636
1.47739709004
0.196591088975
0.208134275587
3.03672010462
0.00948743626418
1.39198901958
0.888794008723
0.316801707537
1.98586237416
1.38034143422
2.04958727118
0.699470587956
1.65371438822
3.02656853498
1.84965556659
2.79348103545
1.08061912986
1.50578923134
0.864481291351
2.48646881868
1.58808108143
2.7135022787
2.64840857888
1.44136106797
0.697742353271
0.688589726489
1.27035158044
3.04494070636
0.0600908731137
1.77022265813
0.706744892081
1.2904340693
1.96417384899
1.87633654153
1.75230162247
0.114519397973
0.312086515695
2.00186663386
0.406085981728
0.845050363128
1.30875152146
2.23903514046
1.65341401696
3.02808662145
1.26733616657
2.36404135863
2.51683571256
2.87880098751
2.34782951443
2.59025245014
0.36891137023
0.397924534025
1.75623032591
0.828133134468
0.546842975747
1.06824529839
1.30785884201
1.05272970275
2.78518328643
1.23984242238
3.06090926519
1.26313208937
2.57961109301
1.74691552031
0.536378264766
1.34034931288
2.40671667542
1.28040218058
1.98068294026
1.17928838298
0.103589875689
1.55934745554
1.47110887828
1.53573433551
1.72834868069
3.14060456057
2.32093174543
0.863468778385
1.66384774827
0.731984282422
1.36504415365
1.51075293593
0.000534473518745
0.540663304541
2.26010066437
0.571851579656
2.91616149382
2.73883274645
1.46421627179
0.755447987276
2.25088674547
1.65021175444
1.03271999902
1.55868067383
1.18415793842
2.4383025093
2.74656715931
2.48961877051
2.7563349735
1.8049909915
2.69892378914
2.30271305509
3.03437269798
0.524401592674
1.68895554052
1.46489792178
2.22639153309
2.13790961985
0.418628826499
0.524902431894
1.62308294322
2.94707772787
2.37648001089
2.1517253883
2.48019688576
2.665071485
0.381301719036
1.42122577691
0.228549722714
2.13619549432
0.4428211443
0.904525975239
2.61761476357
0.409893201664
0.166831560212
2.08775910928
2.43961304571
0.0592340017972
0.271858935898
1.03902706048
0.351700417302
0.862301273176
0.131910535102
0.50219703092
2.55427168984
2.58950727663
1.5161807753
2.36816898213
0.467986081147
1.12646980705
1.86864400482
2.99987177664
1.82443172187
1.44327986044
0.41211508851
2.01592664678
2.94349674107
0.971664561738
1.19279652437
1.58333135587
1.29824852454
0.34121465643
1.020534246
1.86942547043
2.37656627162
0.870434520665
2.50280341683
1.29026320191
2.56545581206
2.75762546204
3.047327809
0.290471706404
2.75309167492
2.89559543402
1.98043476081
1.64738948471
2.2537987576
2.15526665568
1.67527879694
0.979297589413
3.06268137819
0.243440667977
0.957215143446
1.36179246735
0.431591468588
2.65835915352
2.03223452296
0.919444533076
1.30685548261
3.06874424114
0.827303404895
1.17257693231
2.17254200867
2.14673678927
2.30126436649
0.422615797156
0.115743948257
1.64130498206
2.52784718421
2.4712254584
2.05098927874
1.52885642981
0.117435057189
2.32092952935
1.36909172464
1.25596942949
1.93696845235
1.95657540031
1.97556473324
0.920723683756
1.42295475697
0.415909351091
0.54978114285
0.354871155626
1.50949214453
2.47689612219
0.197237942879
1.148667012
1.43131127828
2.82675377522
0.951540542912
0.06221378507
2.45157041086
2.85305230871
0.100233014562
0.491112412951
2.38991327862
1.44570372349
2.79295642058
3.06608987954
0.00072419347482
1.26434239745
2.66623421143
2.53988309106
1.00289015136
1.99077729543
2.01430699706
0.25576889638
2.19139614277
2.35223420147
0.465215108326
2.02544380314
1.34376890867
0.651636947994
1.26465337918
1.96175534471
1.20881924049
0.56754631499
2.68968784373
1.95122853114
0.326833523783
0.176261973976
1.68546497203
0.508325588681
0.760732563024
1.53778854231
2.20780351342
2.74300677362
0.392236892739
0.87526199104
0.104316382683
2.39068462493
1.23846697521
1.26001462205
0.108893839709
0.384067157714
0.781895017595
2.34898742681
1.14784541812
2.99730334657
2.80644309975
2.84933887071
2.07676564249
1.69445193347
2.93820044102
0.350996250566
2.9407479104
1.6120759865
0.744911129579
3.01979897206
1.50953760011
2.03084576087
0.860543475173
0.762079062619
1.3644051491
2.0114853179
0.60926495752
2.4336698825
1.15581228393
2.03209277043
0.378342516431
3.06074424777
0.439992667356
2.57061277881
1.71790237738
2.88848892846
0.133162851195
0.607570158681
1.99627876743
1.47836769591
2.62395636337
1.48072131876
1.72118643616
2.83627890272
0.907716285553
0.722196737304
0.12469537437
2.85827000109
0.830120962984
1.49821881759
0.124391456638
0.112404647844
0.878543663702
3.00846066691
0.818654833188
1.53676882833
1.26427282538
2.04281272519
2.11518347777
1.52535679263
1.02557064517
0.568475712693
2.1689365079
1.39042552809
1.53412323439
3.00596721778
1.59118501245
2.26326415632
0.936576084344
2.21963577508
2.56411919866
2.98925503871
1.76512555405
2.78112304754
1.15166437263
2.50269438566
2.36816257758
0.04237974141
0.14621395967
1.78274619659
1.61130077011
0.303919316372
2.15525963179
0.108968336974
1.62131445777
0.376430441072
1.11068927971
1.399498322
1.26029776266
0.261696728383
0.438587801687
0.494610523621
3.07653562369
1.01823667393
2.31136826261
2.57352898316
1.99568007943
2.73655079196
1.82242936399
1.57111939386
3.02661686656
0.695022287826
0.43107393846
1.96791276863
0.26747195271
0.415859397405
1.29724546371
1.10402880779
2.67452417605
0.732958594835
2.37958937853
0.169712494729
0.695527946643
2.23133224827
0.787852452293
0.813736633662
1.53453015625
0.896118084915
1.03074030323
2.25446867102
3.05975165857
2.41130928343
0.174687745523
2.17628210217
2.98158106654
1.13472120454
0.0242238009404
1.95790835377
0.414865674745
0.0572871994318
2.0087318619
0.22579899818
1.33703637872
0.19428527808
1.43735239896
2.48544820179
0.813191656324
0.0143727472028
0.267041433591
0.434901413227
0.190606713817
0.447001578508
0.182018043657
1.99690780611
1.59664125872
1.48760123978
0.612575813189
0.694399243265
1.14709131316
0.961699799339
2.27085547267
1.0292623985
1.74763754594
0.170487604444
0.835492875705
2.53251927723
1.9427980723
1.22824547534
1.18696576988
0.1710726246
1.31579613194
2.38907985967
1.11445138551
2.0945019551
2.53783004162
0.440296682752
0.725810005328
2.51912900931
1.66871017728
0.774770021672
2.80737413746
2.49958640284
0.801632002172
0.965430564656
0.0548931725113
2.49031538076
2.4849846525
0.351281332693
0.451630013096
0.123600474287
2.50805085965
0.639149013598
2.79998382777
0.915296330708
0.100301138386
1.33664081887
1.98528834288
2.08995827015
0.105486073061
2.31108583929
0.272711871493
0.0244350766469
1.97323637331
3.1271637951
1.48617501448
2.11533331904
2.10248195964
2.5840196984
0.823055094024
1.32951744943
1.05197901513
0.802713504232
0.971152552063
1.01528842324
2.678103755
1.11171887758
0.53363563007
0.947314185475
1.51661855549
0.720773776952
2.90341656589
0.828077794038
0.705209132421
2.93531270357
0.200381294014
0.894745886166
2.19481538968
0.853838507966
2.77454238865
1.79249989932
2.04531185083
1.73845053554
1.45206671144
1.12471672687
0.119343851229
2.90090296189
0.0615145088701
2.018576442
1.59420301657
0.256880535991
2.4705798311
0.382767702589
2.84383601093
2.14203797537
1.05939145251
1.34101716882
0.316093025755
0.236387152836
3.12099800029
1.47042152503
0.283526473267
1.06822008698
0.904908066603
1.42894714039
2.84900190711
1.60126274068
2.80568699493
2.64976542737
2.29720007032
0.856936369337
0.119634614371
0.339027577534
1.82098893595
2.04772751969
1.59271906554
1.75788682434
2.0009723654
1.55487397881
1.45428727974
2.01107849997
0.706274592665
1.79158516143
3.08648631798
2.78467047704
0.450199196606
0.675620115012
0.624791871781
1.44932329927
1.60444746186
1.76958757713
0.502114041111
2.11355171089
0.953052506699
2.07122531804
0.740226005606
0.943671846394
3.14133812761
1.30988251865
0.496287337175
2.31016026303
0.0583796613267
1.7565258491
2.62459420014
1.82447901931
0.499310786876
0.612759030245
1.49439975342
2.66728239581
2.75196859946
3.064539372
2.11846644333
2.24508224991
0.772436688103
0.797658741139
1.02609181639
0.898266892517
1.72238484068
2.02793191028
2.85563442803
1.88406008685
0.0708394379402
1.88727749522
1.70812648986
2.56398578022
0.56058778312
0.0222170441833
2.18758652961
1.88320342701
1.74782501798
2.30836509915
0.291295415051
2.97557292725
2.39694137563
2.96182433867
0.667639683991
0.0992028405783
2.23361731066
2.52286741232
3.02872225255
1.40137465139
0.84358387759
0.95704796844
2.5479071465
0.184708755666
2.49545361561
1.56412428905
0.283732265431
0.200861541858
2.91401447905
2.97209634756
1.04844701945
2.63193441718
0.512528737868
0.608335023029
0.461570707637
1.54073616087
2.01399982822
1.12652767558
1.67166207688
0.613628742157
1.89722614744
3.03066681352
2.82708605285
1.06110370676
0.528020131295
2.25134471948
0.460492800351
1.35488603488
0.943674014854
2.54447632221
1.4271043328
2.25601845044
0.785193973343
1.4282538829
1.03614240465
2.45560670648
2.97530354068
1.7318757916
3.00933432586
2.15684889039
2.86231651805
2.84369213121
0.961636721015
0.42899914194
0.482982383174
1.4725760745
0.201150396543
2.02231428422
2.93393487227
0.978074812387
0.705060563685
0.23248659598
0.372154886416
1.32798746415
0.425382730797
0.785399778743
2.93181443794
1.50860562199
1.98192208051
1.9806798918
0.143143021529
0.951920871745
0.243749233878
1.3696264708
0.796010123463
1.71136005537
1.15489559957
2.06091633072
0.405904620534
2.81492622837
0.191117255756
0.659482534324
2.96210575274
0.711449059204
3.003343178
2.65141430342
0.942726167689
1.47587868186
1.15207722192
2.72643174112
1.70693004686
1.82235603359
2.34409524633
0.845257380827
1.33351296217
2.59530655196
0.404229779315
2.935129591
1.5052552733
0.471955246282
1.55632719127
2.42748225767
2.66334514414
1.18401098488
0.00624648903188
1.98046547811
0.279579047348
3.0992944305
2.85708278428
0.340786760477
0.221722492796
1.39884839204
1.56154545852
0.257897298853
0.799633974533
1.01296688209
2.77448521359
0.644442047236
2.49372003942
2.28148962814
0.517475395068
0.798342462241
0.215776077619
2.35599507162
3.09819001515
0.560244527258
2.42850083646
0.985414208437
1.97923505835
1.45783666559
0.490780975658
0.28422786557
2.71111619275
0.928590679741
1.8996239948
0.503473674401
2.50437520962
0.713523817026
0.339338202473
0.551318018716
0.220746347629
0.472892061062
0.193306802994
2.6031846672
2.74631179124
0.267937406977
0.107669104878
0.591774612794
0.168981149331
1.59933956016
0.152164962402
2.04240268037
2.24271761884
2.43147580646
2.28534587941
2.04621369279
2.6587996621
1.22628442131
0.941473389432
0.32735154645
2.97365038049
0.653877393396
2.55987252655
2.07601335065
0.658073997883
0.26121378155
1.13049024089
2.51059894831
2.32965978187
0.880387080871
1.50624328456
1.60949501378
0.911789740627
0.256542320755
0.93143186624
1.46546558997
1.55668108729
1.87167027026
2.04511663338
1.58836944394
2.47074599186
1.59198221468
2.06437630972
3.11376498167
1.98458795169
2.40830088245
1.48377940845
0.868455973421
3.03021113343
0.655054275397
1.59554086558
1.58777607563
2.28571247782
0.329017615872
1.0880759588
1.48164646914
0.37514691197
2.76047018844
0.1684474004
0.209892092808
0.042864213935
2.70171808417
2.77696801802
2.23746038788
1.14988324022
2.84985903861
0.0638691828519
1.66105050158
2.04368426086
0.765148488795
1.87941267043
2.55546529123
1.26756757621
2.32532250709
1.73229271194
1.07995529591
2.90460096169
0.8818720477
1.67461066124
0.830308420162
0.229399368894
2.47084607898
1.75809169154
2.15336583143
0.588047214102
0.457790715889
2.0063268189
2.79093098206
2.57615653732
3.01531382523
0.820304751398
0.265153423807
2.92871871577
1.40942651461
0.613476235761
0.984360753875
0.705730345349
0.807818751069
1.18327247189
0.23997541747
2.09910225901
2.22494033449
1.63956082292
2.3838764596
0.649815301866
1.69231025896
3.11042628907
2.67510120953
1.35868128401
0.686399733666
0.0806137499809
1.35226950507
0.813710063624
0.70876635845
1.83617005594
2.12306024697
1.33414766429
2.12556849932
0.49387693209
2.36544055831
2.43717363226
0.293355663196
1.79131113608
2.69921904375
2.22910290516
0.424368083519
1.5976968404
0.262815550282
0.124015472861
0.259094448289
2.73362127401
0.415552881608
1.6836361898
2.50809151498
1.16610711662
0.671860202983
2.16506142263
0.586133106576
2.97429587858
2.93360582324
1.26122239556
0.986849499503
0.962118061733
0.2448054581
1.54557833736
1.91994868172
1.80880850025
2.82325075739
0.0795873842196
0.561528823523
2.54673359072
0.107924997326
2.28763948664
2.36888933335
0.58892707124
0.518598415898
2.02265349719
2.05789146029
2.12041842889
2.05540962546
2.16547574862
0.783935570673
1.6729016591
2.00704973082
0.47334730668
2.44922182694
1.44377546182
0.759531883045
1.10290142629
2.52133199002
1.5664412854
1.76270466144
2.552225045
2.17426104769
0.387374723737
2.35933927091
2.14793512099
1.35145698878
3.05191935819
1.7556840188
2.87702805676
1.71469816624
0.0923336873249
1.79777662897
1.67011896236
0.443798157213
2.29701886822
1.43462853958
1.08166557404
2.96639947532
1.67802521777
2.02937474838
2.26090287658
0.857293277726
0.745262430086
1.2560233785
1.27890758702
1.78134739842
2.64342581888
0.328060754291
2.45513370675
1.8588077518
0.769012438212
1.39939736034
2.60849651594
1.45286120396
3.1149930956
0.357670762242
0.408085691951
2.17704795473
2.57091066115
1.44777487944
1.21301252783
2.68232585363
2.5138094702
1.44466298857
2.92245353501
0.778789227362
3.06277178927
1.21591240432
0.859739255598
0.402038575084
1.78174020968
0.370025982538
2.96581937793
0.285208619779
0.397397871501
3.00676028918
1.95786147541
0.699448512486
1.95478706545
1.12068905899
0.399543415946
1.89310572726
2.52222218243
1.27075921245
2.203860042
2.10875852125
2.85692100671
0.48301623183
2.82489407772
1.06036461669
3.12935464684
1.00127452376
0.58405353241
2.36377035764
0.732246531874
3.11455628762
0.428805731579
0.951891140436
1.53316037781
1.12239298918
1.66394237024
2.96296666378
2.03676381397
0.834432137624
0.112597598061
2.14588675662
0.467179668706
0.597291204865
1.34755012531
2.90408189068
1.39399840469
1.7863143054
0.760765189024
1.07077361452
2.73097836654
0.621089461829
1.84551987744
0.517457831929
1.83946359305
2.21770400099
0.822412937604
0.112880442117
0.488192180541
2.28169105473
0.388345960882
2.5602176854
2.83923086359
1.23182159363
0.811170687107
0.726597429166
1.57502408105
0.990101423291
1.61003903762
1.54607105279
1.55221288919
1.86694332448
0.243741629373
3.01483590199
1.5796761231
1.79006685426
1.13680517096
0.258605531802
2.02264328133
2.11222577977
2.72643539362
2.12131288638
1.80356752532
2.5551896952
0.4481614132
1.51864408305
0.421558016003
1.2154118045
1.5574448775
2.79984415432
1.29751107207
2.9860408517
2.39550322356
0.00327562062748
2.72922107727
1.6370784722
1.19601055746
2.79760373014
1.21434724108
1.77619474961
0.907691799176
1.39487415839
0.185156686193
2.86882381013
0.444447033934
2.61542071668
0.0949519274989
0.353421651734
1.57759601766
2.36726320693
0.836314789215
2.48792927177
1.44080308671
0.505061691961
2.14191454717
0.49852031032
1.6391330328
1.94505911258
1.46519257973
2.11292036235
1.49629439486
3.1193052312
1.61050084913
1.79893595698
0.117453373339
1.25489938378
1.4016523679
0.521459358238
1.62019131269
0.0175918683705
2.11613007805
2.87169301482
2.16942928463
1.33932171845
2.47941282649
0.830659766828
2.54735750709
1.48806501283
2.97338517301
0.0633850602921
1.61593330236
1.58217395398
1.52728901055
