465.229991419
77.23213403
163.698661467
271.871886828
182.68043047
215.137627476
135.201850727
156.419886062
154.431848899
24.4702031303
32.3693726091
174.044289727
128.353156066
59.8426860018
560.526372429
207.291614852
460.451793902
105.112531523
79.6059798396
206.556535989
77.1219934126
612.38304672
304.264284922
182.595899274
141.512405097
137.821239797
65.2093138384
43.8234203323
372.909685887
244.691747733
47.8948442022
188.888914889
99.1721796722
86.2803808689
83.2239284144
194.489331806
85.1366960207
92.1038237979
97.9762388745
404.808514694
307.566866942
267.406683391
70.3249738973
538.857399146
422.507006346
457.317948221
165.56415607
140.513965165
69.5772172482
331.316302345
120.768830681
262.726671465
241.80223896
112.861784901
162.085649914
543.853919665
259.265724542
189.700436707
263.535269624
121.168050151
133.967457532
182.022607259
324.893005767
67.3483121516
319.975550014
140.822368812
101.768493978
78.7643396314
118.607454133
53.3835983008
76.969042803
258.140571021
175.561123542
803.830143601
430.903900755
145.416421121
271.561500961
268.800382376
62.7653768086
133.182298955
59.4995188413
415.640364922
466.764899843
320.742021578
532.911186807
155.392299818
108.569682594
67.5184442594
353.913802844
208.603908414
95.498033234
1143.34852273
114.918581723
162.261175894
99.8164590468
78.4070180178
169.641705551
333.850599474
371.848618272
442.958346818
159.932834083
246.830004985
47.4653501474
335.858940346
26.9873297231
75.8833782162
92.5765830788
135.845192336
59.213450601
60.9580108574
188.940032762
256.535673947
302.10532383
146.434095732
399.627487506
54.4230239285
431.865195982
164.034420882
27.109502382
197.96655332
141.374267049
611.809316772
164.428281565
144.108858581
231.139550657
88.8553372384
410.970071533
357.566774491
247.767796619
133.630648381
89.0883670282
97.108064417
101.978774527
55.1617053093
50.5168299138
137.573443405
74.373546281
230.331058462
38.1548944941
201.492641158
172.210384885
100.727627551
209.926898203
76.2407766141
61.2637511584
108.508987081
35.2101690602
212.735894138
201.356984544
131.026164163
77.3269443972
55.1525188792
252.449654686
323.35327657
168.544593046
160.191002023
189.860261726
60.7460543124
558.402214617
81.7319864121
229.36065009
170.457542227
22.3781212582
59.3526818857
321.928352201
162.965477268
86.0175148502
590.40175256
102.647633315
959.071201981
154.64164267
254.808816072
117.188228438
82.9302034646
485.295510718
34.3918176413
203.596243832
316.481838927
71.8622732107
211.243883972
174.274546063
207.173708311
265.426146912
282.040460184
131.571549199
116.739672721
128.614089204
81.189150693
70.3016316268
89.3538754512
207.793156298
83.5796577952
87.2189576791
344.437001654
179.084756096
133.836926557
145.949534429
255.409102642
317.656994009
81.6593888852
77.6338197017
83.1906611934
168.383430504
402.765066639
557.695358511
648.875369686
62.5683696404
143.350644918
137.461213162
213.959794872
85.9413968525
332.116141844
226.455614184
83.959930454
63.1136549933
128.272617324
237.401955628
125.774067482
539.113217468
31.7427960391
99.0663083238
78.7758018603
140.758276264
1469.04221069
189.92622806
447.241641324
125.474797115
267.455495002
74.3998308701
236.242686936
73.7496554837
135.316580491
173.516120432
266.825256656
44.8644465146
90.8913350074
80.0451928809
513.090113591
282.280581821
188.377860483
450.581618904
315.101390678
85.8074969486
234.777472453
227.650002365
460.008206511
126.199656789
237.779110838
77.3902556519
416.463161437
59.5633358506
312.205238563
105.055823531
94.4604060563
89.870651276
481.740395101
234.828206879
99.2915340135
340.416152807
265.761629136
406.950345661
268.728056134
175.20119704
157.326738851
99.9929801382
128.016587118
703.248162818
82.3213576568
108.50703917
249.547133638
78.5940515504
82.6704371988
111.893930609
123.26084548
1052.91669393
441.061113206
33.8476774
574.692393106
261.486425054
375.289642707
75.7049927774
71.6434837165
145.22513602
266.665572115
84.4724358507
218.281549497
230.230899098
100.756655298
70.9361128378
242.222748785
156.203521737
95.5431183231
565.890220856
310.926609269
66.9774218401
45.8858705717
75.9611843859
146.506075094
302.675043423
197.053876463
152.793705275
66.0884459471
93.0385091394
189.858369043
108.344954553
299.275516726
369.116948926
146.65418569
174.438226157
692.902432592
86.6722349528
343.10232271
112.081913571
106.970487994
112.055882946
245.163945954
429.682075859
172.37741647
87.3470263934
68.5054972649
681.392711411
141.609569458
154.58489462
174.886349455
158.3117302
157.944373356
177.010314841
113.405077809
412.854719095
99.9105047762
123.21619651
71.2656960437
248.143999624
46.0466309345
49.2551081012
72.8396267772
123.876531745
125.809704236
227.175483377
392.96967724
70.2629226896
96.6087681396
86.7878750476
331.548254409
78.6077637461
420.793614639
282.934055651
217.677592832
125.498287887
105.598473134
139.326728833
128.036454731
111.252597534
96.9409598521
107.836726559
194.873095386
83.4611044957
216.286642941
113.214022473
64.9120844467
135.553011633
716.132972162
84.9211830073
135.877033243
78.6987496262
155.798116665
221.741591162
71.0877207274
196.369533001
128.06742585
209.246711531
171.814345752
305.76019262
68.050524706
260.977472251
425.86444579
203.502846623
172.671090086
74.395123372
136.696941512
416.728965705
72.1996596207
78.447405296
280.132786112
385.295936188
121.944898354
475.162743219
61.8062748839
99.1918288255
112.84733818
658.078955874
214.206138331
149.721210762
376.097929066
76.9464289409
158.0557771
103.69284328
79.2621114989
326.034362855
142.613676933
146.467471647
706.056210206
665.755162541
41.7408807362
81.0930158288
57.1341520295
535.17735545
73.844833987
110.137475348
217.628590904
78.7171138506
80.9148654793
65.7319201606
78.8796437221
171.644314168
313.947938597
275.292373941
225.990976135
183.581679752
76.4222510098
200.645374849
77.4876352679
617.013736047
101.901752068
180.56714909
199.623873418
377.225265361
229.200346198
98.6533146075
394.111057556
75.0063909961
402.034088434
134.60607145
266.162518026
207.834093644
326.691935925
171.817346373
280.397671458
95.3793246716
135.399970757
93.5598548963
552.431811847
119.905009481
65.8466647728
124.67835569
166.160168753
94.3459322464
71.7050790871
208.148713106
41.0671525235
63.0248382914
280.856561224
132.061513289
538.091795972
43.4102461577
177.926018754
98.1418359341
439.257239446
202.815578461
631.875091166
170.522674901
90.5198955819
1017.12038869
281.25717509
335.184071154
53.8037481063
58.3665678659
185.39005331
91.0544820201
51.3516239857
87.5511273241
72.7256181371
191.154953688
28.5954662126
220.822871129
100.58629321
230.619115016
123.256640999
51.124226535
104.61868266
81.7735139916
171.090705172
92.2476623746
104.291827554
230.570581646
76.1219990323
310.784490806
194.882366636
137.608522443
27.8435747748
91.9678364221
429.123901088
546.363189718
582.015987075
83.6657060447
260.614657121
83.5997418464
111.785211564
448.553236673
118.42319635
112.507783706
116.98864468
167.304350433
40.5534378496
318.854505809
447.5869129
271.349025616
92.3532107887
483.176292143
459.903392498
157.348115807
31.780656987
369.340007228
492.226389395
98.8041668017
581.672276252
210.529899013
124.356072535
157.609097174
113.966369174
118.12587551
164.78150825
181.814481327
522.45884276
298.898603546
133.011223723
120.982806889
138.045599432
61.2691695817
137.113975985
84.1099371654
120.156067436
308.503136043
99.9041727202
119.754816539
81.8098244031
176.06784546
81.0384305203
204.20156353
146.042120931
54.9231831966
89.9906673169
251.730516475
268.300213408
304.779782268
436.646439199
50.8703993855
227.200252796
347.187695374
159.683409602
159.498384838
104.167871667
78.9477052263
341.053797046
456.197536782
280.518953282
532.805959244
76.0119684151
334.173997722
254.572462094
99.6928150054
378.919795963
146.68816677
225.972188733
93.4929962636
274.098706941
146.91866434
204.496269
220.487032784
227.310471985
159.441481755
297.586124004
469.393302333
107.763929308
59.3234634422
388.894341683
88.0898427965
66.9842089734
64.9264821542
356.25790809
1346.13716029
67.9208769609
110.912864781
135.56161629
112.796232075
81.1981787649
73.4104486062
168.129753188
97.6307523061
262.877023003
110.8765865
136.056281866
202.610384607
335.618781213
51.3337053094
83.8245658803
77.0136525144
62.8227178495
386.633029773
343.524720057
527.061457792
168.530411432
496.116158735
230.240532508
1200.89952091
324.104523009
225.783515452
85.716479768
123.923160184
25.318510006
230.312898148
66.4104693015
206.417223974
186.939268644
67.3046115486
907.907799432
132.412084783
178.773036245
277.428585442
152.523032631
134.039607227
27.6350345682
127.021935836
225.052065401
717.689527587
66.8861248109
89.2086007454
431.128981983
555.689924781
160.067357035
33.6687277618
205.353275662
189.970303613
235.356086288
83.1669403208
194.710842267
118.191650611
120.78227839
173.469776567
36.7902764757
68.9494497697
134.940178602
250.434651397
96.6774679199
692.370535892
29.7123614601
453.413190427
1157.18681598
107.917149426
75.0935708191
70.1642989541
115.001600512
162.468478238
576.730388761
191.617828681
241.056400276
98.6997067184
91.8169389346
47.0590153785
52.423009747
143.611507905
576.871509716
175.412162603
167.147139421
64.2295043719
130.490346499
128.604114981
596.297156033
199.889171804
110.720002652
47.0003638908
180.772843102
127.583362487
236.733983569
48.0873848325
104.676495499
142.029035889
82.4806783323
224.449518935
175.022291705
123.586794273
202.709728754
699.42998823
125.944937623
224.789553666
130.762306338
309.376407802
106.297072499
62.0083311012
62.3789660299
272.851431786
82.4794089566
300.510007086
106.571665486
125.847053955
75.7998912263
220.550116646
670.030843394
83.0547611833
140.608469441
291.84146525
96.9403203166
139.919832885
72.1251542105
128.982029683
229.9239
85.58080102
97.6916564345
57.7569905731
130.13680834
78.4709794775
68.7172797661
199.944100522
400.203915474
221.043524448
102.115642529
80.9302568223
239.096101751
44.8846619602
165.355588291
326.133606527
333.473415346
196.449034572
862.599600142
78.3468607062
187.887213349
248.985422314
58.5884241957
441.157491085
118.526172481
475.528721852
83.3519814791
92.9144843814
130.964060687
153.576063506
167.718925322
186.363256888
177.658487207
231.638649052
157.770295151
85.3981815369
28.5765076359
164.335414748
67.7807840709
85.0078047233
80.6495198139
322.663283758
275.955000098
62.3696290377
239.452001634
111.538356691
360.889675067
112.202254538
96.6853611818
407.22165206
73.694116513
195.000605677
79.0964519787
160.788318056
71.0748918754
82.4939366781
206.38934716
146.548907794
303.389452382
267.666744284
96.1064312931
250.273467157
82.3367887049
45.1278462684
48.7207078037
84.4841369618
83.7460103976
182.164172905
50.7650302785
122.601238331
133.988443738
489.260355769
525.877801521
281.700940128
169.905092776
137.623101667
135.114124067
115.774423868
88.1110170919
82.6156777352
143.50736667
331.701549567
81.2044645758
97.2115326053
237.04330719
37.1291497738
122.334411785
80.0507670394
126.073128418
488.140203917
314.214763789
88.8429516848
92.1502785005
155.770053778
116.669548484
159.246956659
231.474984509
213.792938491
70.3765256968
151.824598256
124.097227866
132.189609243
75.6387832591
73.9680113081
108.692282568
161.964845106
107.266726964
848.292593654
66.9904513841
147.124547426
103.225460021
99.3210072998
59.328671981
60.5421850354
56.721219675
43.1878659433
305.637041805
56.6966662911
304.37354693
278.262761217
105.616439633
296.400976749
409.996166703
52.1825469725
163.313832248
311.507405875
209.753259722
187.193138517
252.008569901
103.765644958
92.6008829793
61.8800239215
93.5715702534
270.465879762
121.410400494
189.294944901
184.773594961
214.906354596
69.9216537444
389.198616808
202.987559971
42.5236549418
79.2774207991
123.81959262
126.231593871
644.048062169
105.985803981
134.365161419
49.1138725053
197.305968138
63.129392017
97.9060412706
108.240611821
72.4730883349
123.195325685
291.181428356
54.9130581248
213.029198986
63.8827657894
375.428305706
883.376149499
79.6682890175
94.6239492247
297.092343045
166.187469849
117.773436793
105.192576186
221.500220498
83.195576317
41.6135363426
259.249037544
668.982169361
158.185543008
138.269573427
238.489626422
529.526688513
379.756130888
259.702686987
201.384051537
203.312184026
75.7426592293
146.597439182
65.6504876423
166.462670961
72.8360828009
67.7734825156
122.336779183
410.915835638
344.427978461
259.023755791
85.1858880566
27.1814290074
200.284519601
206.375755062
256.305770169
79.9543287829
124.702144001
148.023067082
95.5876280052
352.479724594
86.3231252114
132.95736241
140.842946752
1041.35968464
139.198094017
81.691983337
75.2483132215
57.8724504302
433.642854158
549.9633933
221.282059504
645.231956413
225.939231752
85.4898812106
156.170573116
180.496818881
274.616835826
350.588609226
150.769835028
123.184646375
315.243060927
599.694860426
92.4973465099
79.0175454327
219.891788835
90.8385560764
893.492443155
138.428077879
140.588987133
107.686664539
192.294149253
544.735372898
148.114907938
260.361045219
205.420199378
151.119944702
486.198156662
81.388686084
367.947332296
139.963825992
137.893290432
95.7097092243
178.47979043
97.790507282
259.647327654
57.5044030511
124.813490925
345.91124874
265.892086432
151.218624017
258.597698152
145.590602354
189.719150889
429.429401692
112.169835771
147.73627008
144.960991759
139.906287105
421.082787322
157.201396763
184.585030157
210.559338646
71.1798344696
106.313120013
366.557049495
185.315882814
127.552112295
216.127277996
56.8546240645
189.292350549
125.966073884
280.502077969
137.036618382
89.0297220672
128.476335662
73.0073618653
68.2772400792
38.7100186624
39.8964354191
334.335153241
45.1855263116
87.9248778736
110.996753557
212.037319883
317.435336123
130.261688474
246.66931261
38.3835068432
77.9606198113
414.173570847
234.527607998
74.6221053719
82.9591884476
53.9168597395
64.5103268309
344.144275226
299.471825579
129.922342461
146.510303535
368.874102647
60.2354554446
121.21873109
374.202291034
55.854568285
88.5362510871
455.342964414
66.1086408465
215.204144147
83.4382848762
212.392051905
145.973619605
773.146260405
76.4065790807
94.5863356212
135.866858305
32.1757057151
76.7913687984
525.380387552
60.6358672223
164.852141824
144.3565047
93.1580709724
107.717172714
153.935703696
417.484807806
577.275389584
121.775675407
81.6643125614
148.537903925
53.258610872
68.9762871618
99.552367963
81.1819849652
464.300350051
68.2346386486
117.134735582
95.1387926061
245.08693844
192.948722484
90.4838254665
329.292977614
298.758444162
50.9914027356
42.8356634885
223.617777908
134.79044989
271.570062079
54.8391705552
272.03961608
136.712583358
392.086253068
1299.22338716
229.057241946
288.761046254
80.9959791715
182.436013428
112.368516818
47.4999974215
87.0787402531
169.389365773
387.928650403
70.3765024079
176.218250603
227.443772682
175.616834191
254.338261741
237.536205181
255.677190861
74.1708672397
185.803777332
800.140672007
217.597578808
226.881494627
312.372536923
134.577898575
108.630401929
246.390214821
60.7011150568
213.081057629
138.586504653
276.264732685
95.4016197753
61.0689296658
125.737571031
107.372181272
170.50106656
136.075190006
63.9608891432
92.0421543709
148.633511164
173.970415393
89.4710873763
240.963846762
75.6612380625
89.4855317361
143.215633961
177.647312663
106.556407879
543.288016463
384.801457444
363.759940271
157.04195003
241.476739745
68.3925201035
92.2890843685
233.909947805
153.58715607
131.024090621
249.914335746
220.172480591
832.270062419
820.79857506
278.647870807
144.940185483
215.870158935
291.180783482
22.0481270024
653.614263793
169.95437162
141.370752965
71.804393923
81.9758787038
277.439655952
403.357541803
118.556293705
92.8044974833
155.296114746
82.4017258367
61.207147398
507.266773122
899.80120609
138.873785695
212.846077507
94.3304982122
61.5601086619
65.766517662
154.949266371
154.308236182
112.954493812
85.3472867215
89.8449389356
162.866536704
160.816635978
364.305909535
47.378105065
129.196768855
84.4273842669
131.839766965
362.132582092
73.0064101526
97.5741615943
82.6617632294
251.632218867
302.162126227
582.764501588
110.68405029
142.40724749
383.136343729
926.57960649
207.257357395
214.082638136
211.633449091
115.620934518
211.745104686
128.873736245
82.2430793989
167.639664157
128.995730146
650.650415416
196.867631635
187.566868866
96.1097811031
188.336607605
101.181445089
117.536337408
115.586678204
92.8193660334
506.847118241
287.064281801
44.7092894388
166.070931364
1196.16084724
152.38424694
509.465222345
101.07134961
68.5851339014
75.5246596798
78.576105448
101.101478934
48.7175852099
77.5718561715
274.105025254
353.427722406
131.141485922
165.471651595
69.4560601477
69.6226654217
1190.54775946
228.955027971
90.0036187401
426.38455003
149.02135049
364.369631727
433.905768672
45.7610339134
398.026945438
1046.80627837
56.7500483838
179.85009655
170.624181203
67.6388313161
101.857696447
52.737141848
79.3790295305
232.832823749
52.8580920669
93.9411047903
68.7664163014
130.597988924
121.756123525
196.48617135
440.487773126
159.796819204
194.875823372
97.5340865061
470.127635505
203.173148172
170.648540447
58.9023892522
54.7123637656
167.444124061
46.5313184048
70.4144650413
307.807896608
39.9240082876
103.752639706
62.3145231579
136.798502097
100.220782567
616.506711292
130.728263706
395.364574979
82.1264847992
109.147969803
199.248908699
43.4803333778
86.8920725507
234.563548816
80.9551696248
352.382719253
246.197722027
81.29379683
986.255279106
112.80803788
64.0444955353
158.77089612
139.915895521
130.844740346
173.726482608
184.047421226
102.393940459
89.5296185859
83.619810095
33.8280006388
804.513830681
71.4027086489
103.616302454
40.5279016059
111.543698096
222.584709927
77.4811320722
152.951791659
608.096993823
246.745892121
109.258041803
192.783305245
87.9419685176
227.333203576
127.671557987
224.036762182
182.611054231
74.723060685
60.2433319404
647.802467485
841.695907054
145.578077429
211.557554547
97.2301228588
192.162276811
65.9959786991
93.8021981
128.67707791
976.148525581
236.008204537
75.9786448927
302.379300817
91.8446773987
255.720246128
628.427541561
229.659915866
375.790210193
64.6656098724
52.3742841784
309.496510954
367.351319195
121.45555066
63.4791226807
47.3513148611
132.727323786
248.487954475
146.949722957
220.688512129
70.2633529363
480.513361094
166.390912098
103.243134029
177.214417972
167.323641898
116.184046823
801.43480977
149.14556723
99.028571153
464.618752428
145.90116762
477.877600092
115.252001581
29.914873933
162.031566395
149.012746503
141.384395241
230.275338508
227.193961112
94.2634025628
111.665338989
84.4406043164
117.004634893
476.074293963
113.760340669
166.84454576
103.248528042
158.310637148
161.482219157
110.313386525
216.972111526
399.533377583
38.6963174855
572.206542721
93.0193446276
98.4155530384
366.163378351
325.613836643
250.883616232
967.466724525
119.527203438
98.7653668866
44.7347117561
295.936651393
47.1474132289
100.290050851
179.973412962
248.785965005
248.334742926
186.699565835
75.409379627
275.503518931
35.676314401
91.9314840181
140.286448181
48.0824832797
79.9169971556
88.2034974026
231.311940086
104.319668163
249.510460655
250.4013318
511.674831317
101.006942404
79.8853433337
157.450130707
83.5403430891
47.0535514844
258.496118837
83.397683839
43.6984569685
102.62931663
293.240493376
158.561499136
162.61935533
86.5461207868
201.379415532
266.076813524
263.660094433
84.1720231015
108.14099022
505.754178343
124.613636273
138.999277396
391.923198305
863.222604327
141.4680934
319.231026818
89.5741024128
314.603721766
127.255601976
100.94183872
352.637258045
196.026687778
277.475447458
260.38549446
62.3429820003
80.1751682074
466.588553984
100.723243527
100.722281846
841.13478494
248.470471402
137.563514438
124.227406017
146.102019325
212.72523677
99.1589630361
54.5367090494
247.153340694
299.062963674
133.652640754
225.800731716
74.3751226393
129.631964494
514.623824939
399.830376585
200.61526589
50.6226249434
176.762766665
198.33763683
734.687392007
99.7495594032
96.3443337875
80.6697851638
75.8284952606
164.504530228
108.928419295
58.0598857673
66.7892250528
109.133703222
98.7151595534
106.242548075
116.588698363
569.948332436
108.616215166
238.760756076
98.1714169187
406.944435681
89.0705665585
159.561953514
91.1618220629
256.900161157
71.2150350273
197.786344887
155.854544807
51.9768992386
223.582695828
70.3853468548
97.5786157709
129.074568862
37.211745613
154.350554992
135.159040092
292.813956749
253.847000411
493.25884593
129.501936862
197.964066444
541.31009334
204.01969947
90.4251561912
100.805688276
93.0456442592
418.275565017
104.7652733
121.403803382
383.489531621
406.128073961
91.6058719292
408.672396496
414.678211817
181.910926216
82.2942822516
285.490799932
94.4290799804
73.084002601
195.576676127
114.202851329
81.5768875647
192.319374388
466.082014932
49.1036461793
79.0038347673
130.68376774
130.74195387
646.442028138
42.3430043423
193.384733961
170.251423562
116.169513009
227.525063978
196.654106564
613.16192726
97.831934982
92.4849818719
304.479573864
227.33586698
130.127756711
151.064568018
90.7727774927
75.5851510303
97.2131705073
226.468147957
137.051671575
66.0538453943
404.030923036
114.11335909
41.5857485858
426.681459766
90.8891161575
138.371969502
107.635354473
104.371707211
260.999911161
84.6153910576
50.2901973367
81.1169877021
294.460211915
162.980645185
147.283432353
92.5747379912
118.60799571
318.286057285
45.079988673
760.541754009
114.384218493
106.932534051
121.121483561
519.383633614
180.260507662
113.654672325
189.4404397
334.300335012
489.371296829
177.988092168
104.402664117
102.683063873
542.061294247
424.992786581
415.500303368
481.06761454
73.7559079931
1049.32345962
101.221871545
186.579766908
65.0089938462
72.8602603067
48.2653005619
232.6386137
103.172449297
128.904523475
92.5730173478
218.585565502
235.445246312
116.745439937
425.62441411
122.795432755
274.332210612
56.6921238372
126.517314002
203.599066357
455.328089702
978.127335148
71.4786841427
305.743034836
139.20077786
354.032286009
228.395839701
104.369153661
64.8841311661
202.58986243
548.389103193
76.3823680768
73.9906517553
98.311926125
102.966907085
48.6627412302
190.494746931
325.479364686
391.836710546
86.7863855761
105.771346193
36.0014514708
196.099222313
355.574732213
161.659260597
338.154699194
745.873748702
100.349925563
86.8969863
273.799514827
238.876359576
168.638745415
175.957659068
173.342920591
260.606644607
176.238252827
98.0309948898
119.017855781
83.3824095273
624.932943765
574.78704272
336.472643307
928.892992518
114.062276378
81.5108305306
135.996273843
14.4102015318
280.880507694
192.410496539
103.483357825
96.8485240156
204.367493822
325.290361418
99.1464382216
549.475184016
400.662705565
91.3953028106
138.464502563
296.965981614
49.0880374631
192.228563203
41.9469948681
29.4524619876
212.737055613
78.9137064707
121.922220322
53.2638833549
104.457267632
185.790947004
472.087721612
240.231385305
61.922197586
94.1283093995
93.9260257861
40.2933586942
322.361444004
62.9718027888
220.531457145
112.404880259
75.6053294746
136.416559746
104.236765847
140.651956275
265.694614705
215.424740029
423.459874587
212.925481296
50.2852217469
78.1470013578
67.4342270372
68.4837120304
143.8678657
216.901243028
61.7025816075
277.065229688
119.45381602
277.616830761
151.933064205
256.754421985
55.5046683827
594.265393916
63.3397459285
68.9710349431
606.621939978
42.7187834293
171.693972814
65.324154118
470.154380413
126.312756079
79.6541040518
91.2507712888
141.94053062
181.408203663
81.8354109067
84.3548510362
115.976203396
251.636964008
290.580129027
25.568996903
142.617147449
328.976910856
126.310785473
57.6492146166
168.294397716
282.491406362
95.2321849411
63.058697844
187.326785802
281.234628955
521.856053618
40.0433827511
365.278692757
367.724153551
150.50256812
75.2564254997
640.573970332
113.961285827
30.1005781196
66.843494364
185.465055204
224.265635914
96.6971627586
123.536211405
856.233659186
296.563795961
299.566911089
293.973504379
115.528471952
137.554868473
424.650308719
260.058812066
73.7251260989
42.4101785049
98.799195987
463.836657009
142.398222457
62.5115306543
977.751217608
154.234234453
157.50073379
118.457613549
247.18536417
71.5262272663
1075.53712639
233.225142971
939.713574514
38.5936859223
46.8385415263
66.8723602558
674.298819868
47.7617659209
236.184277391
136.373391064
65.4198141418
240.570555366
96.0902755704
494.148784315
752.265192345
67.2858614443
501.119064878
111.250110129
107.871551201
123.402027329
71.894400521
103.528544504
83.8045903564
71.9240068894
96.4760160475
198.530631882
345.863433518
353.856210531
261.092599764
339.406799128
210.64602524
98.207401752
141.012849353
107.318752298
167.411556806
60.8465751231
70.6932903081
321.186980632
157.965828001
193.427788633
492.402337711
198.961654184
95.1583350613
407.436675758
105.345897611
39.4050793699
184.810075554
169.04800538
75.5628449805
78.7468462035
157.379463381
251.558205598
272.345038357
72.0859781524
170.248463836
47.5224107856
115.118364215
513.425475257
191.608119877
85.6313896745
157.8940768
90.0763411324
146.47916055
173.346088643
80.2648554069
547.690596434
115.282053779
149.682338033
461.70338224
41.6021508747
91.1668904724
104.391196325
78.423296419
128.119818473
195.419438912
167.83856017
520.303338812
163.349908745
239.171037771
161.619781143
225.885134872
637.85466902
258.016648231
60.5763651082
488.247712929
266.363303768
393.194244947
157.195324698
267.177426641
64.5941797189
406.649842303
123.040757599
65.6019692176
384.262961345
119.449251154
668.340478513
55.0380133295
75.7338809029
378.976403142
64.0701401518
112.710877413
64.1753952981
92.8448563988
76.3031970511
82.3527986794
264.424884235
24.7711840563
587.309838547
47.764543414
315.317473133
128.656346835
111.790067684
584.346418937
110.926510552
595.22968113
620.133345259
85.3999171565
47.4924781404
207.990173396
82.0802471899
72.0891759964
102.592478365
115.342725874
215.490759811
191.216828859
404.207613164
171.039974942
58.1829784386
86.1149483086
190.60609803
120.039438453
180.843870009
82.2638587961
92.6618209904
258.198279202
68.6385107158
321.349742791
1016.86133168
115.604471408
230.112572507
124.243252754
142.031882737
411.604451889
241.769505782
56.5877255241
142.352027748
151.896370905
138.089113666
234.17725054
35.0082088752
584.254970211
32.4479437523
174.96167314
130.572472076
56.9250912197
113.764949094
77.5532432938
363.194618798
122.944255708
223.998174517
390.216568232
124.493217136
81.102223376
250.891184925
57.4510447181
166.522537069
93.2992133057
593.629479985
87.4518997032
121.102197738
217.201669875
171.83910333
809.283763399
284.49064212
312.97026579
67.3584652429
92.603558913
128.582303603
125.664514776
42.6492443573
146.023945068
79.5762079937
305.874104216
278.669115033
298.816114961
236.145634543
46.1029054558
191.219757324
96.8238935251
237.308816473
39.2802529965
320.079065507
44.2556253606
49.2232054433
93.0187618271
170.713743365
47.0056668781
521.705958457
286.963467211
292.96930523
129.384460118
186.315913663
70.2449185539
72.3746014053
418.441531903
120.229091533
104.187620198
273.686120555
197.591928199
96.3146712876
252.891352099
227.456395196
101.728365691
95.4177301107
512.58441656
54.5265985112
841.95397304
183.959495742
124.179279001
119.902312713
103.043323585
180.927573706
867.524904776
78.0570233795
149.81015029
143.151712388
95.2205150722
436.115648282
77.4804373268
505.391932509
57.8263352135
111.874827286
71.4117734494
126.034060393
164.355540984
56.4324012228
49.8561496351
173.581946528
425.590762343
160.06101138
309.05803057
128.888096987
172.292093584
150.00788347
111.311073174
211.625332708
581.074537545
185.20083134
256.661127656
39.1640951031
304.348866395
281.026216778
187.505363569
175.766945794
59.7149892191
75.8895497747
368.036656941
54.1945772875
151.996956307
193.592009333
326.53779085
94.5426846988
61.8295843977
313.941965507
414.275108092
374.236156916
180.840775866
182.712212384
386.162759788
87.5970268635
2100.06665306
145.602650146
149.330626467
394.249464955
279.578687458
119.675342335
61.0007230051
62.4135454471
168.336225241
282.630149949
125.875757129
380.128918354
237.035744404
156.233592568
148.90885892
219.329834427
274.360529886
243.577324201
156.504659056
275.797101005
527.799516272
96.9094237121
330.973341277
408.335823245
67.028488022
48.2753265229
71.2771348071
65.6474360281
193.82163644
87.4196260633
455.242382409
251.366985699
221.278293689
126.111496678
65.4113173704
175.659523824
71.3800431795
459.505373982
101.92565913
111.997130866
86.2192880679
843.673189331
162.49329623
81.5151827128
530.479624819
329.610361029
59.7774368193
170.785764145
137.540847142
135.719481886
365.261387391
61.7272333587
238.05262612
299.808140657
119.266971422
224.653279686
85.9243323396
116.050592464
80.5959837658
224.812684252
100.831627055
219.022340105
208.366264696
388.375294468
203.437702348
159.790166887
84.3023138062
310.697986755
47.331983184
161.42689557
120.396566374
94.9811513006
196.589633267
65.0535204275
330.095516972
44.817132108
133.832873594
172.125137858
96.0910574354
75.0139265403
113.404789864
76.6788175044
383.82653206
250.907015519
455.250319952
202.141277685
160.885620622
174.07626798
89.8347162375
