66.0275651228
56.65858114
114.397915715
141.538756392
140.248919041
97.3189552825
112.544424793
34.3841516958
126.622988266
29.4770425456
82.25110305
45.1328855062
73.5229042505
31.9217813414
151.479907729
34.3530341174
40.1342034212
120.209143809
495.496109014
83.9725072237
111.404579917
136.212234722
86.7496141348
109.44041561
106.742268967
118.074879573
28.0726680016
53.0863691271
77.4891116177
369.741403285
68.3338711921
82.4372785287
91.3664830954
75.3761127659
53.0516303369
66.916006145
82.6791201117
71.025913779
81.0649761922
136.876350747
238.067166065
58.5785883245
106.982734546
78.9221163929
179.155842481
319.832881607
80.6960784344
70.9924986245
100.038523163
165.918792716
79.3431670897
121.660138921
80.8285657082
58.5833938501
184.548367329
85.2977038727
49.1083940525
101.508919621
82.0844473971
65.4471205156
120.978211142
78.0388581012
68.9538957938
195.555530388
129.675909877
107.673472799
83.2045825248
126.964366924
92.7482060735
21.5746313059
77.3204839897
113.751219317
115.299910907
73.6173635292
138.023279256
84.8381848016
124.123496148
132.137977772
76.3869962351
69.6353278181
24.8098478502
76.0000296694
76.5019031987
63.1877952916
92.3359844471
28.0688638446
148.437879781
23.7923902778
126.211629469
145.967034513
90.7661437479
64.3568966361
122.638320055
55.9630299305
87.4521465606
65.8605721962
50.34518479
173.911075615
75.4583417776
205.407052404
266.755690181
39.297132638
39.3098811267
83.1366360297
61.839864294
31.2678465261
101.416232564
80.2152941165
114.279520386
35.5725718321
73.7196932351
86.6159601127
88.2808987412
87.4533884594
79.3904903582
13.4786161871
443.69527563
238.721606099
29.925161749
70.9166773045
90.8123567665
38.3187402312
61.9234700152
34.182906098
130.576579808
45.1048792699
102.129533749
128.163706938
53.0866566268
122.175451388
119.776468709
48.1464865977
190.556994216
54.4777945807
32.0992312225
102.211202312
77.963196439
192.21497715
29.7303759459
34.4648819047
86.5817129851
57.2058877127
188.214539823
57.9538537645
58.8241069847
82.9811975943
84.1435337559
102.100499707
66.0961886136
163.77450643
100.434462001
44.8076635142
126.450204589
93.2080607248
59.0000661394
170.44131861
53.4170518379
114.10427185
125.532419142
46.5865121097
82.6962859332
126.035764813
69.1186110712
77.8899831412
252.22137876
125.572411549
28.5745865309
96.655116256
89.8999970956
56.4442328847
81.1114156245
62.7966964512
87.330461794
85.6546391044
75.1879381592
42.9303386146
155.368739343
27.9964483544
33.756508638
158.838337998
76.8471115173
56.4056807155
71.209627086
74.6953189306
226.571685356
106.009243212
69.3535075434
60.7953158872
81.2666637425
59.39315093
74.5217808268
95.2563789425
72.0733664089
321.456003811
18.6854234733
186.659740672
85.3681118997
51.4853286285
119.764507593
122.884590236
76.0346463546
57.9939176049
186.728749121
95.0980615586
77.2191903348
128.97432987
42.6547284681
40.2596948602
153.32978319
104.742873535
93.8040742377
136.85961803
88.6257975528
34.5117616132
129.537564563
94.3261914263
113.882647629
137.81775078
413.93950986
45.6647783556
257.342541147
79.5416456006
80.9388482488
121.553778904
90.6766976516
92.8331199553
77.6129108402
42.5667088109
278.508180338
217.706264602
155.946131916
102.960217872
107.495882203
62.8872424493
17.1826001307
32.694255814
94.0860513056
17.1831677755
108.621817511
81.4228475153
77.5830059479
130.461568883
57.5072039319
50.1113818955
72.6967911871
147.964690845
30.1380545327
94.3847729108
110.322567601
106.879245182
61.5883055681
46.7250612578
98.2752555496
85.3008689206
81.8993195826
49.0296494484
159.235393721
73.4126993883
40.1596067007
141.930939041
341.766767173
73.2983844887
100.710667742
63.0406785419
143.248420603
61.7576415757
148.683854513
45.5940096844
141.808930752
150.229485641
46.8879052325
117.149536588
80.5899787999
231.333583008
605.735965449
43.6977765013
90.1427897891
39.0227192054
162.305564259
76.5096103084
81.233967761
123.256066018
40.2745639525
65.8066950833
63.2977667545
79.3596445789
108.898045185
45.6162253651
74.6973346849
29.4965263678
272.513398038
74.8941857348
66.0371258856
354.009463403
72.6900815346
78.1990533013
128.728742225
96.9981899629
44.8864375828
81.8090288928
119.356730842
87.1981161004
61.5590696588
27.0400842547
91.7018300531
43.9805605145
73.9539598268
176.125860497
85.0252723478
119.330842669
44.594832513
193.151412706
116.151474551
136.347680639
124.093931482
121.193425149
103.27876725
22.8648814356
59.4588434869
224.27117886
136.951211637
103.17957241
78.3896963624
68.2310477176
45.0182259273
61.0043698421
40.1181986274
106.57810147
38.8832138434
335.566031757
111.211449411
86.764231685
68.3911209261
41.4429819803
65.5140656819
75.1466814489
80.889756077
100.463722161
278.530253763
91.1283128031
107.317439244
79.947674586
72.3390191642
69.3692998289
119.098128235
517.537343697
41.6236000309
94.6860277235
104.851657722
272.801822747
46.252209912
125.256651035
70.3045581163
77.7594513302
64.3206800488
58.205488216
100.963981857
153.043477084
116.677520301
51.8409610175
82.1386296181
241.763140574
90.5513975633
71.5121478348
90.954643152
831.037918451
46.9344948845
69.4122399355
239.275399571
41.4616006758
81.0705760758
60.3629232475
57.2829043093
72.6402255331
204.641567153
126.080736009
40.695258063
70.8865165684
59.7058929024
183.325493488
93.5518846173
105.833629479
92.026624761
117.96095817
90.9546117415
531.488742214
24.9377986613
54.9687370355
69.4470448315
86.600875462
65.9086698764
106.668623877
130.879072688
97.2695911244
364.286789064
82.7607932048
65.827723357
159.243330648
65.9819533352
131.357473126
69.4232115754
277.81288587
144.579883729
101.234322649
41.1733243965
56.660269471
188.902723723
68.9789936561
68.0641223087
143.146339535
71.563778316
235.289897766
82.0075859928
59.7193195182
104.036456057
90.9950151669
65.2939306049
77.4328222847
117.580886135
123.929526952
104.321779642
56.0991625009
226.915312264
125.069393145
129.071894395
45.4855627681
78.942548836
249.10715655
78.3335130591
53.5430475035
78.6314089128
184.833426638
156.555398117
106.141760161
89.8826808339
81.3560148936
170.036296747
64.3962478015
41.577871107
44.4584352413
112.124530329
61.9029170056
109.531214412
89.3609443298
66.5866879227
71.9178905528
43.7726306676
87.8669696102
71.9950795603
88.8863758895
48.4190092421
32.1463133986
58.1185040345
318.256433538
28.1228202501
97.0842704402
69.7316917007
90.9042244838
51.769607558
79.2405570334
51.2417710011
104.697385009
254.478846956
99.5809467924
72.5450769068
122.915151152
62.8144024282
77.405954559
55.4143082674
132.205343944
34.8829764004
89.7669293493
107.065259271
82.2706586035
32.3942151036
97.5285210261
56.9580814905
60.8732065456
40.5773884407
134.442072569
80.5391553745
173.02407322
83.1457429043
145.435809391
74.7538744872
35.7093774315
71.0278688498
167.219156068
38.981474011
73.6595045971
108.136324966
86.5000950655
94.8701706922
320.651749578
36.6590446262
47.4626120201
65.3083344799
78.5339701902
71.2859454746
70.3531535159
72.3475265745
75.5002358039
96.0715069219
32.3936279572
57.398278501
84.2979998768
87.8026405031
358.605988744
250.841626588
85.8255360635
66.6130709369
49.1859415432
64.1448854023
47.1958044294
42.6297183625
43.882102254
502.682675194
37.416923649
47.9965550722
69.700476369
42.6090466224
220.704816685
444.810831493
123.860109308
61.3670290727
35.9821266552
15.1495363668
72.7201561235
84.8889393627
84.3861050159
39.8295341831
50.0781168735
102.350463942
136.357614533
43.3217916585
50.112241013
91.7515667844
951.399086642
189.030741544
78.9014929934
35.3282890839
43.0890265742
23.3159103319
91.4528812007
108.095425445
140.979126724
47.3794848982
49.8218535448
48.0176322476
172.693330683
64.4365296768
91.2138876843
46.4279332109
37.2130838347
120.665130647
125.579819113
259.654480739
193.883529864
78.2132964172
81.4023839112
208.997477971
43.3756145413
41.2210666555
135.955377607
302.309202495
74.0336556293
59.1081234922
150.302895536
116.340802916
32.2067510789
91.8993509794
238.888984339
222.410687294
67.8679201593
43.1400617626
193.884615172
45.9384546373
67.979350224
121.873373087
190.386631292
130.805270708
47.2569093143
99.345829813
45.2145103287
106.805330384
58.4988573887
47.7127344318
41.9604345018
43.9524136117
33.6436721394
82.1234457125
224.749885752
151.760202851
136.818152582
55.0304955558
105.336388575
76.7534022756
41.5739906552
76.9716716543
369.048121787
68.105721014
86.1095496497
323.935370125
96.8130342753
70.6710805292
95.8751012139
81.3448039349
102.437380005
43.4167598792
30.2569304391
42.9838233003
42.3145277341
22.3732927794
25.5381914388
55.2495672663
175.836919426
79.1695147598
26.3817863963
54.2058840136
191.405665789
70.7673074776
54.5706381771
96.2476810219
70.3147238218
84.9171123077
91.6555304177
119.480268275
26.4052793314
115.482776326
43.7617849224
58.847692287
133.911402951
178.428746822
105.910401065
262.540936157
75.7076456656
98.2958965168
47.394693479
33.1730351429
49.9611833383
77.8098564534
138.703281131
74.5055018705
83.1264325523
51.3628144617
47.5536266192
80.3141953809
234.92445922
86.3603444273
33.9909376993
60.2765152641
29.7897453336
77.4350059598
155.39530259
163.346646818
153.320583598
63.3795926437
76.7953926736
68.113878034
35.1293086248
152.599767111
152.320481656
86.4724528424
66.0261637422
55.1924557943
80.9387882167
72.0252629953
134.630459265
286.127960515
58.5934637268
61.634566227
199.848303528
57.0827052259
50.9271938518
85.2227584537
111.500888575
244.404590506
45.0555380242
84.4230058176
71.9047345928
151.932267377
75.7578410531
85.5241677182
55.6361417014
141.154971934
193.777816446
52.2800734465
35.2089319146
28.2572883698
66.2206317091
83.0335666628
45.8172076787
21.37496869
86.6705206095
190.906843108
194.787338127
150.522119177
192.912593281
139.05288684
55.970670647
109.57379536
89.2843718147
40.4971445062
78.4977458212
45.0369303348
97.5706799822
116.647254359
114.039008931
53.2850672986
36.4812997963
64.2950964761
37.7596894156
79.3354065877
40.4234408603
435.448527968
33.931238101
159.280560119
110.219384766
71.866222808
71.8493898343
76.3210689543
104.455321484
40.6726771008
50.1647718118
76.238164819
52.3021141462
98.3633396669
72.9286610088
113.449027175
79.1886457028
176.007236419
84.6531888364
127.426997944
107.618285194
115.97057698
114.036335241
97.2634470748
81.9714687763
70.3284475286
36.5179715309
57.8478606529
30.3319054054
202.226457831
41.5272283942
52.0176364746
56.8498711479
127.304195519
107.983428769
155.885096973
122.602341038
68.1090842069
48.1491852881
141.562699585
111.277149695
168.037509046
52.1507549729
72.5567020517
15.3880912912
96.0812638786
34.5070703967
95.9961784851
67.3702117224
23.8208872055
128.015386258
217.314727662
134.034069803
165.641550716
35.9319894733
83.8705253638
51.2974225409
52.6043941442
87.0178240549
277.7755647
43.0014785369
105.506875006
43.0348101661
191.753455651
111.960752233
187.881181295
54.9431568715
108.452927412
74.0701089003
50.0761910966
69.3151515337
82.4902662304
75.4109894659
95.1906984845
79.6610797563
88.0787615285
57.0825943297
103.883723095
379.582534007
29.1992680911
34.3617189098
36.1274516247
141.813466022
38.0830664771
86.3174263347
87.0715221804
89.2939778838
38.8556958556
99.7802646418
94.8758792274
112.429531767
76.9148966843
44.9193679819
129.169855335
65.376442085
75.9422933249
79.2369030571
340.662752165
48.2373666864
76.6857925651
85.9524139191
98.4552553814
68.964916478
77.5288898239
130.712178229
41.8916220337
36.6923795813
92.3753497988
68.5474896442
116.780674003
232.397313357
165.307779453
256.683227255
80.0261998013
215.616862898
87.2568144785
61.0111799526
151.816167937
54.6485291815
28.8631177508
50.3391087004
99.9612548825
130.050587075
115.475262006
33.7786362813
115.365952096
253.984347739
80.2704727784
81.3598337376
40.1768708981
52.7884944162
71.1304865877
95.1216053011
125.962093839
61.628344608
270.732038437
62.6703267265
105.954761421
48.0087172703
225.904721681
296.568258325
141.795672737
32.2053840672
34.6473796569
72.2887917167
41.4177632076
163.300995212
82.2002511841
91.0367244293
105.566311832
54.8438343011
75.8409540641
97.9821014508
146.68508595
68.7774088945
110.553819722
116.540743401
94.7882525581
91.32432312
58.235047786
59.41275377
125.218006042
72.2473863673
95.2872172723
74.8538624821
69.5445577395
65.6487575547
33.067889069
33.4974324404
84.9991901271
82.867800018
147.290225673
135.495312997
39.6035989222
150.143155304
37.937254423
30.5052914396
87.2967707068
141.950820632
80.3917588963
45.8006588876
93.6650730282
71.9279190301
75.1110496843
51.3855662784
48.0798999771
61.1250089414
70.941204443
43.1703349503
55.8436809097
103.178680267
83.2897152361
72.8178750986
59.4324682018
61.4237810225
119.74992819
89.5140743907
24.7829167626
70.6179262283
51.9192771446
161.609041897
137.396229869
44.1056556363
206.783199279
133.628814314
75.9004260222
70.4226651996
59.9865734669
145.825083352
138.999596453
80.1907118079
58.0700291835
156.007553747
433.926087033
73.4813947976
121.536619983
46.3742448119
155.545267392
94.1673934745
175.490443667
50.1622972246
55.7185320232
71.0742097516
63.8575877213
53.8554786664
63.9244120019
57.0973080996
215.77164662
567.739214852
125.200660833
102.213753022
104.118130994
64.9433398528
162.874134082
52.4261431176
121.769359133
107.497741986
32.3535614877
117.954082956
36.0360485205
39.6093208196
34.1497642838
161.556604534
92.5803666598
80.938065732
41.304549752
188.646346617
85.8529209984
35.1103480891
15.196156349
101.257550526
41.581021019
135.905063245
79.9898020752
69.9633259465
188.324462798
54.7472274708
59.4004725278
51.1882965125
87.3072709645
100.734216456
57.9912150191
92.872398314
53.3444937305
47.6306946215
40.0724006659
56.0355182239
47.8031337816
64.5021488228
106.46675366
88.9568890381
78.9963584129
151.150759002
48.7856437326
144.810834042
235.608800991
51.6457588041
80.6143611509
37.9082484661
79.1391833874
89.8915307941
125.680860938
98.9408975299
50.0947799117
50.0847496618
80.2537281068
34.7593200388
172.669323787
92.9360904996
146.521784772
82.8505805548
87.5105234303
173.485148721
90.2395468703
37.357124726
41.8598036565
163.128786953
104.244107494
186.529422993
335.215901595
40.7591013661
34.4930133229
80.6876190347
31.9047865542
60.8791714912
108.364330933
136.489575033
76.3406752295
94.5621136538
128.905667121
60.5376717262
139.37229936
192.932591308
87.3785282194
38.7602110456
48.980059986
66.0850209667
80.9979654475
417.001635799
100.41360426
95.858452574
81.2271325069
83.9535652594
51.5048445324
86.5241898245
139.828356578
78.7029581356
64.2948874135
62.7138966637
33.528973313
152.385313893
103.693723342
106.023617611
73.0377154881
57.7858548172
91.903522367
178.047337999
103.28177281
102.160333204
95.5220558865
81.1311290649
70.5912379436
183.110862974
46.2154647501
205.379850968
68.6790894407
68.5912534355
153.176867516
58.7415797784
47.0498528022
53.5853383926
63.3587959923
178.381500948
143.488367717
51.4765947436
51.0204062087
95.037975801
56.5347220268
61.1316784533
73.1664889423
117.029888423
19.9486064581
111.644994333
49.7569114089
51.1882237448
30.9710772948
23.8966800438
99.8281833907
74.5286613935
78.3797559452
32.0317402636
132.189691422
52.9712845856
89.474343468
70.1830679904
42.8002951563
67.8155164683
91.2444177147
72.4287014045
98.7054551755
53.4848079989
66.3550085009
105.710309392
94.0005029649
141.923210253
93.9799236891
58.4282165258
135.093589535
83.4302203917
21.03936122
137.536522909
109.406901633
331.303670015
369.048058843
195.262825969
49.3035934943
92.2450535421
80.2028450533
32.3246166013
95.173981975
29.4284049136
69.4774266214
55.827133898
69.9095634119
101.911649006
130.383383659
93.9702276968
237.298116366
62.5596180022
86.5533334214
80.943064844
88.6095577846
85.2655430025
150.766407851
193.535007285
59.9042119884
62.6828693509
90.0055564604
112.578355408
68.0136852077
110.076409477
132.837134037
111.883349144
76.305382085
84.6688133384
101.009846477
41.2074797597
55.4535508375
26.8177800826
60.3013313655
96.1903869281
123.697812357
82.1183260656
59.159057848
86.0233490177
80.1718304976
80.1528979515
64.9787042715
76.6034590243
181.565571335
102.707496737
61.2839080467
55.9964267354
78.7287955477
119.527740987
196.813218878
98.027190081
96.5109357499
38.8004596173
139.857838481
67.6776982807
74.3163163777
61.6680854357
49.556606227
44.6034578296
50.8027717437
75.7931898991
98.8118353679
100.739005712
94.061135575
93.2837926839
70.7345861774
104.955829612
41.2814204943
200.421212057
57.1182939913
52.8566172379
86.7542314336
103.778282887
188.79548783
171.699965574
72.5332319589
129.571929619
97.6084311846
201.844848576
249.556995553
93.0664910419
80.6232549032
67.2321379548
148.694822466
77.2989206537
58.3254162417
75.6641586477
195.418887103
84.4623995419
74.4169347295
242.648922069
31.7440208799
82.2009807687
213.334157758
54.5664408929
137.150523747
22.449284875
142.470510251
90.4374012892
57.0095648826
42.7260029345
125.719331993
43.9643769729
112.674677054
19.4924669519
106.653950865
46.158898407
68.7488806171
75.6602869712
81.3247944276
75.1795522551
36.3048415264
83.8436705303
189.819245008
87.7223269477
127.545529519
81.033158755
78.718504713
111.302428782
59.8637779408
23.7342431218
140.583799815
49.25892446
34.7509893974
98.4069741393
34.195545841
108.287851815
72.3650789039
50.5749452418
34.2813491716
67.381670698
77.1741548515
67.7066143348
44.8785477859
200.024686331
45.3517179468
126.841102241
93.5230807338
72.1432055681
80.731052495
57.0568524949
47.6441945317
173.205680102
68.3770840028
62.0313054712
89.18705409
70.4070965362
69.7267017167
258.712886139
149.12042943
98.9585038616
81.7432444079
83.0412265777
232.367609054
199.494104492
103.890444487
79.8708410272
238.835616959
53.8019623401
51.9950926425
121.323100443
127.697335081
73.2282022727
128.149380404
75.1883761852
48.4757102198
57.0637749234
153.758953808
277.724636284
53.1875238972
108.673407584
52.9843647614
103.266477336
106.795445358
61.8083404876
84.9091604309
111.044921785
73.6859065456
57.0726868278
41.044281746
76.6782211475
122.796083463
65.9493388006
237.653708059
186.575747306
59.9912077715
50.9499471634
90.2015521811
96.0184626874
104.090652009
90.1446242401
142.085845289
106.159097851
86.5908095251
101.034767759
22.5040332023
71.235732309
66.6676308873
73.397035933
124.383537803
194.357347995
179.46179182
99.5625103997
163.19148618
29.7447131689
57.4990251896
82.6925099064
73.2176391992
41.986452048
75.0537350465
166.515502932
11.9455936231
156.570347534
110.438817356
64.8324169211
125.877183155
218.297311128
169.623324181
56.5246044306
150.390860315
121.946062604
88.3898538593
22.8686557647
117.217706654
63.5006229392
149.339366101
253.980412913
79.6085410144
48.7815883114
160.550671897
48.2563563192
58.0675275472
56.5743949517
43.1557462941
115.434956816
46.1807930207
66.9662708773
104.178112553
120.193458517
193.326190467
132.181832357
29.481132088
61.9527201275
52.8228558928
158.069633914
667.128440676
84.2992207492
103.439367289
178.350243281
73.0732224665
34.3752392772
106.129649722
60.4942260216
61.8431946417
116.419119527
73.4138098169
38.2893224813
78.9430298039
68.1411590536
30.6306221871
67.320652621
147.412138893
150.288395772
51.0613695121
59.5844922728
72.0648056203
40.0200604515
48.7451718934
43.182825887
60.2592326586
97.7232048877
60.7415827815
87.5840141618
83.4129243143
76.9521592376
22.6460848208
89.7183808333
80.1536342235
78.8457326665
105.415198949
132.379577804
22.3493559504
73.6725762377
62.9012285709
72.4981451718
115.49292965
117.42998954
112.418920912
56.5008541718
96.5447996733
136.695584951
37.7481115486
84.0418438962
150.332455551
192.198793732
66.1958748893
53.9381139419
112.491162118
81.6320131429
91.8199864755
62.5127549574
87.3430370881
84.8531718857
131.740894287
72.1795854478
29.5751529347
34.1784308233
154.035920307
30.4508624541
87.0882610233
162.217707905
61.8774141565
92.292625228
144.025755329
555.71406874
37.3987649088
64.4610828196
75.4343362279
428.92867203
73.5425958313
51.5330912483
64.9384083176
98.2752740927
94.946977932
80.0316263763
98.4429406817
134.73265932
75.0102285191
430.988743379
208.554355234
19.8274733119
74.2925008239
76.9526659686
40.6776686213
68.0407485537
35.7230417903
69.5168593477
76.0989872843
99.7540600085
66.4196127395
240.738215758
50.9762164355
55.0335301165
244.125142939
101.376470192
254.044584584
63.9969021243
61.3263471676
38.4016826773
147.312075794
141.18099185
53.1867109407
89.2618572851
165.594782467
57.0802989754
84.53746653
36.6885817699
74.4383131089
108.091116959
77.2330974635
44.126244143
55.3610147706
162.886033619
113.118809308
74.3153058045
65.0215439093
160.068496203
64.6686065804
63.3370099846
68.9082187905
73.562396768
48.1241793831
421.557286155
112.741630633
213.698424773
463.097087378
28.8631305713
46.8575090214
32.1505335733
86.9660083691
187.501103342
124.229830799
229.894242901
123.558608146
47.0747070554
557.262246262
81.071365185
333.600876935
52.2955053668
90.2634440314
129.987584034
72.5038940008
202.129759247
66.0535174351
29.5920549369
78.9209340563
55.8768409136
182.633220305
50.2643524446
98.1668221418
228.835075304
66.9701493363
136.503132095
93.9498895061
45.9028703474
84.4971515882
81.6389713227
148.612272599
68.0771530846
77.5991404268
61.3464631018
195.296078673
281.286828659
159.235352705
47.0187597401
87.8359901998
37.5902160785
62.0281754234
84.9486071756
63.6017564061
72.181206403
56.7039504839
25.336666746
361.379963637
56.6835589439
57.301661084
65.7882532774
64.0184394394
50.5947786811
369.384701653
67.1798343751
64.19024418
62.1331797482
36.9236330735
230.368392298
98.8690133872
119.082565376
100.585678396
34.8204826511
97.6964499852
48.4252943468
79.6852165472
47.323072207
107.097927072
60.5075292241
54.3228643477
112.082042349
213.386762984
131.390093649
67.7497416734
57.082880138
47.9549172562
47.8012857025
33.9157822596
117.154392629
40.4571649952
47.8241395294
52.7258398626
119.359871246
61.1084530015
80.5152789161
76.95912244
42.8827050697
50.6157042924
185.031005059
77.0402295201
34.3739601496
78.4891353861
65.5118867802
47.2952853189
64.4371174987
168.150730818
66.8302256041
52.3980825391
73.4628108373
74.4425868402
62.2070683607
46.4853963383
53.1336537869
105.107690079
74.0912668436
102.53018038
95.8697172559
258.601975732
85.6828030491
102.011633297
52.0071103848
173.789448222
56.293472729
81.2746966061
191.92914009
192.654822611
36.4581189422
87.5930458215
111.058038681
56.1190471229
62.6164953959
54.3716997751
218.688214562
36.1251238053
130.641975302
73.621575361
90.6911616403
21.6727564541
180.068809609
47.0690556779
317.427318286
134.466652027
75.3720048615
61.8630342724
87.2545334449
233.509030777
68.1123756571
169.523738285
111.151207017
37.594655604
69.5928978734
75.5428141261
132.905712151
74.8741107388
34.4922401181
79.2854250122
234.806535498
136.693449261
108.261593076
61.6422652863
21.1661445567
92.6490530413
80.988077713
102.866395731
31.7545737678
106.454898914
72.8778203942
75.3741489891
29.0187040251
88.9495813806
122.520185776
92.4644716172
271.82668698
171.044625367
56.9496808987
83.2369210569
69.7715421569
57.8868707868
56.3752015348
77.694740524
52.1031331882
48.4078385851
55.2206328315
219.104409515
80.0322205095
56.1288884161
120.060271907
49.302131181
144.092078762
330.051745019
139.898748833
73.6443689072
89.505243307
31.1995523525
41.4561406733
53.6241128026
97.3878483339
54.1619547643
92.0010741735
547.032366524
275.701770649
93.2512448906
104.739988529
77.0207081536
56.1148045157
63.6364938858
101.063493365
37.8258825569
91.4088628999
42.8945133152
109.118337728
73.2436227946
261.874545019
59.3132072046
145.5565803
27.088448482
48.5342543345
10.3071848641
75.2191173367
128.053708567
84.4304329742
102.448760701
114.001781595
99.6151998207
67.2394688629
39.8814218612
54.8932986348
98.2179755882
142.180087265
55.7790055902
60.1524575705
49.6028375124
67.0159129872
100.729264023
91.3961836173
101.385781126
56.2296113069
88.8972904124
179.255058996
59.5628845876
468.782595804
84.9872603337
65.4601173289
56.175719666
121.021551085
156.619801493
122.229473617
40.087150334
40.1190219804
92.4429157813
197.275589393
42.333489128
90.0614550855
57.693341908
65.1371546456
57.1171283282
128.63458302
33.5146932745
93.9103882745
60.2638885465
112.645753263
70.3791538314
106.451748793
43.162281093
44.0089898678
45.5610384051
776.808009503
63.7446030666
94.1832728311
270.975142647
115.642030885
51.9249177551
78.3077158648
234.436425605
68.9052022022
58.7006463069
84.511632725
50.384141906
151.680204258
206.360813141
82.0035636841
43.0542269438
63.942012959
112.898953714
231.198318826
101.35196195
203.308232364
71.5938666784
40.626417618
67.4609598899
75.5069769613
89.5626300736
146.764275036
122.753087607
147.289242511
73.7343787729
45.691057345
48.8655339994
168.717231172
45.8537528954
230.623795906
654.850718637
54.4167512264
74.4363458631
75.4816614897
128.098590861
82.5033184607
114.46577677
34.9105920853
116.364673783
39.3281414297
120.722545697
63.5468809205
114.023523728
73.2380574169
97.1701929034
23.8869428254
68.8244950531
379.05769517
15.3862944324
77.026788764
77.3658930042
56.0541043863
30.1002277592
109.864431069
115.201821539
119.221577591
292.542419283
160.20738483
44.9274976719
98.1620689456
22.9333210873
100.109387778
98.2188800523
93.6309820316
201.102696339
83.4216562305
33.1201633295
93.9249196801
41.981980957
61.3462119853
78.8928715991
58.1616234189
317.051175071
47.4421885062
256.878849477
34.3481856042
76.9419018091
117.09984267
167.578077897
61.382585086
285.211707928
284.205906352
272.227863795
97.9338990333
118.889999061
33.6743691964
79.3374148438
190.375893704
53.4660372168
77.710493106
141.564530174
165.633981063
81.0100397264
92.2615541226
80.9957440639
51.6610546594
50.4117881138
60.9502684257
164.54920654
76.6312763237
58.8245379181
148.078164092
49.1665823844
67.9873925794
34.1028805211
20.9112783412
79.4097111107
74.178613048
22.9613951528
102.852505581
269.419745298
116.775983764
163.5782873
52.7813489681
76.009501217
40.2174878192
18.1865091614
145.227268303
87.0552807505
70.149310843
195.112448725
60.6153170931
85.7479981236
140.817688273
79.616293792
134.529951048
86.9029505099
36.8754074032
43.6661218523
90.6246526594
138.674311595
53.1365409235
218.103381287
102.475051983
161.681140197
19.1699528681
96.610633688
76.996005846
41.1051583592
287.676415135
97.040499429
213.107833108
71.8933436893
46.9515040973
141.99990496
75.3829835513
109.466392579
82.647164009
40.6752532292
158.468373127
90.760960419
147.266277822
104.082503698
71.5126141192
61.4389899948
105.879352472
77.9794704819
121.748084316
31.1395817494
44.1797716785
66.0407700522
34.6180195523
40.148584452
76.9093987774
72.5325940097
82.0049040555
126.885721086
77.7873086807
53.9331638407
136.658808658
75.9887219883
130.533765382
155.132787766
33.7436778377
239.970346675
70.4029093667
71.4796971829
75.7499661011
35.8493103015
53.5796820218
121.233323805
173.789051203
52.1808828988
142.601520169
46.2103645871
73.044984211
440.108768339
25.1271719835
454.627944073
75.9174223015
39.6099864856
33.6732284416
95.6790912995
148.913982626
200.373672151
66.5096330442
35.9707230255
42.868489757
64.8155416403
89.848140984
33.6751210599
96.4259373596
62.9640383404
93.5121795753
88.4315215219
86.1525421451
63.2125489335
132.412041989
71.2745813181
79.3303209352
49.8006663493
144.655829832
91.1447790334
116.801381101
90.4965713863
107.840879068
98.0903641701
172.765737542
110.900265444
96.8600566907
29.5090261265
99.7704633642
18.6116559116
62.0241953267
85.7792915036
102.232860745
242.556154978
227.764918936
32.6922046779
177.291429508
151.751768956
334.555252536
36.7327967252
116.801212239
81.1004582704
83.0017741128
91.6732549104
47.6178069291
190.513787852
120.96784587
55.6644244741
36.3078471298
64.1792640535
84.9780180343
63.3092585776
65.6813256065
21.5857136598
55.0161457041
48.5555597651
61.1126061235
102.097236926
44.0225640676
92.9606441418
97.3051368679
44.7291754628
97.6653482265
75.8967015684
75.2841012931
71.0443352919
95.5737313379
64.0888077015
144.607159563
101.573005139
140.231426428
53.7177616949
98.9314960813
48.4540649114
81.5123908839
65.6499820651
141.248929104
54.8487382688
117.955229777
121.420753968
26.7746794735
154.251926333
49.5806364013
30.4325174177
109.542892148
54.9896328798
68.6417098282
100.468210455
148.260225989
105.865672888
38.2603206859
59.6292617313
149.125404514
165.129733428
39.2616917475
59.4504712494
50.9138178675
95.7988309848
195.847054145
88.1169702849
71.3792253334
34.7199183978
75.7041289884
72.9492862276
41.3672232132
68.3260033205
70.3254874891
74.8004775829
76.5853125294
77.1327724135
91.4243732511
111.665136144
151.906532189
85.1883619503
34.7081528313
67.7079976727
137.978815079
300.69188657
45.4635718234
164.913603203
69.2792556557
114.69314486
112.673727673
125.585911744
159.127517449
57.1533920473
122.550836095
123.589338056
35.6994301367
79.0996308994
62.2532054354
69.5608629729
38.9626513738
162.229637595
103.892883563
225.810264474
118.532953914
78.884952447
47.6439917443
102.483598582
62.3310544386
75.1010182624
38.7374407035
116.247633234
105.186106074
102.284431513
84.0854229539
58.2165597717
126.998780347
399.789010559
65.0201549736
55.0875550616
101.121478146
219.529439241
61.9171684274
244.911405911
73.659039852
1001.82377414
85.2018325599
86.0246148437
56.7931741095
72.8196184433
170.94641448
