2.51098510603
0.210939046544
0.106125152317
0.430216026509
0.7404068574
1.0380936019
1.7426002521
1.94242212334
2.90798885465
0.391401358285
2.09689574406
2.85413473526
2.91764974248
2.37258461044
3.07797063322
2.89490094598
1.50808914044
1.64933331306
0.288508454951
2.156149436
0.679769330974
0.649490807107
0.539442311986
2.21018530967
2.50576638534
2.21238282302
1.82516847847
0.354396036961
1.74594995695
1.76251291205
1.15501497214
0.77682345442
1.82767406189
0.375298014039
1.39047063822
2.28839147513
1.49745003436
2.23382500538
0.109664344858
0.91695618997
2.28769009797
1.46652915523
2.50358020134
0.457320928206
1.7638636547
1.78814759052
2.39149069517
2.5493693824
1.54584423519
2.92403242289
1.89697355354
0.000956425799153
1.6594638363
0.253522581046
1.01758110879
1.81114092585
2.74554835273
0.0680278845554
2.18009988569
1.34992590871
0.417207195136
0.615598692877
0.47600667209
2.83007034073
1.55538881934
0.514046806588
2.98689377141
2.78287747348
2.43915042462
1.37386623239
0.846133714005
2.89542541015
1.55624518343
0.482634350879
3.10619411429
1.6597154193
2.60738536117
1.41101825272
1.89675891323
1.61465229064
1.04495165426
1.32835519635
2.62147799269
0.360859491531
0.668441790803
1.71458141213
1.31638843136
0.117615721929
2.39955147765
3.1313533638
0.318602187832
0.769219214927
1.69661027483
2.38383022796
0.78926344629
2.54009493484
2.21081592295
2.82759401592
1.41758352956
1.4465244961
1.53118327421
0.89580408434
1.73034654755
0.839242960263
0.577565110362
0.991478174432
0.115986286311
0.506384359762
1.77083619472
1.61448747048
0.82263748413
1.61590241988
1.90358610217
2.13252220369
0.0246038835066
0.128155180159
2.94832164984
1.5376541718
2.97433288284
1.27547236726
2.32726310685
1.88427457626
0.275222886994
2.92775285137
2.34864410575
0.283373461574
1.38361359391
3.06865600594
1.41874676291
1.17980174568
1.10311739222
1.21738692832
2.3045039975
0.585419161836
2.50443334897
3.03955909343
0.438008517961
2.56931433162
2.13950777405
0.510145753656
1.58138855475
1.5902683171
2.14927990488
0.920025432743
2.65973576957
2.99759136229
2.09887086219
2.29747823415
1.5968591142
1.84516576021
2.12163097676
1.68205966626
3.09294043932
2.96847576007
2.24055413469
1.53439101667
0.753399984833
0.543076221082
3.02641594222
1.13055811913
0.76479670941
0.549643385857
1.15485055094
0.926765183324
2.61208513648
1.22136920192
2.4881977229
3.12529623246
1.74773097387
2.26937006183
1.02468118191
1.82020427367
1.9665974489
0.854942833675
1.36805545814
2.92020842861
2.3925418964
2.37474720117
1.41587936497
1.80292974458
3.10422174099
0.199480201412
2.71941412423
0.961226827826
0.40465758158
0.40363671903
1.56821667338
1.0956110429
2.05302217908
1.87900512651
0.389788624111
1.61084789041
0.0837791501541
0.680449453306
2.26231132754
1.69578792292
1.06463906931
1.15958839162
2.56675711282
1.76354817208
1.47574175526
1.16684785827
0.442199816091
2.39976206351
0.409294512982
1.13984313338
2.02393124251
3.09444479767
0.147203382786
0.846528628669
1.45768543363
0.221649167387
1.58537050712
2.30400031102
1.09349794498
1.66591497605
0.849386546214
1.5670626192
2.12783921401
0.287779212706
2.60501335535
0.253733558796
1.33680817637
2.11373324164
2.72484729573
1.65816117739
0.2382650361
0.429818397989
2.93571532609
1.95507204017
0.0285623050227
1.15225040835
1.74865763181
2.81943243476
1.4073137676
2.98500766253
1.45104391689
0.0544486122147
0.879031303365
1.95753630067
2.13093630519
1.21048197665
2.50473546733
1.38686948837
3.06487958198
2.11737862162
0.394739285736
1.53533700353
1.4852170052
2.79324559569
0.2144021658
2.46970185468
0.34675273998
1.29182127087
2.7436103676
0.478279606191
2.00656715191
0.498549761562
2.80716319303
1.60060362908
1.07724535452
3.07314287094
1.96327696208
2.9920344385
2.44052386302
2.25862767101
1.22862835421
0.980046401074
0.183017209466
0.233402115561
0.910380001204
2.22947377834
2.37084695698
1.54685739749
0.266846056612
2.94559151665
2.78975304411
0.488669888746
1.82141580013
1.4192024466
0.799748694936
1.85126437036
3.13442500044
1.2865850257
2.91783129704
1.34003323651
0.143660575794
1.53606788368
2.94652146345
1.81570558846
1.93506926484
2.64383505184
1.21803832484
2.89470822065
2.95420803579
1.44087891247
2.13282759282
2.51421899556
1.32605095518
0.638783948301
0.323366201546
0.856300959207
1.04267841446
0.659473319615
0.98565626282
0.195198492198
0.19398469429
0.352307408828
2.799560977
0.1733880928
3.10794856108
2.2086486623
2.29403799761
2.78051868881
2.11405557846
1.99545341156
2.18683551271
2.5226381237
1.14100440075
0.337717128148
0.177158366472
2.48000528731
1.58464681343
0.181732520975
1.07019255062
1.11564633767
2.03643954633
2.14566396306
1.22190722282
3.12388498855
2.21479835297
0.371577080207
2.99362990037
1.34191861247
1.72869966354
2.93648519889
2.20558293583
2.72081334355
1.22771484163
2.18989521451
0.916170069187
1.7561953715
1.75805832859
2.0214927495
2.56631170941
1.78564471246
2.60089843192
0.572193626697
0.545508155737
1.12091432012
1.04481607569
2.15529519337
1.61030047182
1.28155221338
1.24140367446
0.573686457669
0.332749971964
2.57034549669
0.82079948979
0.359466612604
2.17157621579
2.53988622279
0.700702659201
0.682595263236
0.819746621984
2.56391124443
2.85926400299
1.77763562247
0.758049631231
1.33018895665
2.19936323935
0.599250098952
0.517272229021
1.38297772963
2.51123172331
0.384985807104
0.182160364456
2.98307117987
0.176896082605
0.247405945095
0.709929018851
1.63924446746
3.03116892323
0.93518824012
1.42710014492
3.1202962162
2.22094394755
0.631240348182
0.675307027009
2.12499051118
2.30121229899
1.97964498971
3.07945327647
0.314636672872
0.14773800616
2.77822062644
1.10997364595
2.47224653036
2.78597465264
1.0723753379
2.97723118001
1.82939843165
1.69809765931
0.657908212438
2.11064657659
3.00914587402
1.34168359303
2.08767100711
2.37855554244
1.44777504877
2.31297068968
0.65393528884
1.42421729747
0.112761603146
2.42819370464
2.06103652115
2.66468589447
0.439420875778
1.95257793581
1.46697328996
0.505214695798
2.63134943994
2.84387811605
2.44213076163
0.15041666097
0.288233774192
1.09220801928
0.544529086743
1.42061225206
2.57640890854
2.5231877321
3.07042145117
2.11267276562
2.26573341874
0.535530986515
0.294700796088
1.54921959268
0.299939971252
2.35614664861
0.289795730126
0.409438356078
0.580529408426
2.40722849628
2.4528292021
0.863522565939
2.31587229825
2.82593891825
0.701568543113
0.124782286653
1.90173493497
2.36064301906
2.24191169904
0.874235050911
1.02279147082
0.560732595039
2.50123938985
2.26266114717
0.333794890446
2.60576800077
1.68625823087
0.0629504203062
1.89259203015
2.4127917385
1.71953342227
1.34016785726
2.40415830008
0.173376258044
3.02271394626
1.75198677505
1.58541531127
2.19537259719
0.510346976376
1.95481006243
1.1711959166
0.521243947722
2.57572338621
2.0519315878
0.258628627228
3.04215161733
2.11429097757
0.850891801704
2.92165057047
2.71170705947
0.465158585257
2.64936086895
2.23533017525
2.95255790027
0.992820710267
2.27087432008
2.40477476182
1.07361162178
1.65392226446
0.425107953066
2.3485146464
2.49971036503
2.86106762467
0.548352662951
1.40843320724
3.12952958243
2.3332708274
1.66266140431
1.46206693646
0.591627077997
0.961636845119
0.0987446455266
1.03638939753
2.36781311
1.38559622509
2.74271535975
1.17559173097
0.0536575103395
1.8009033674
1.6603157632
2.49980228
1.53557679442
1.14564464082
0.5787801741
2.62735590242
2.81350453782
0.89505537854
0.985670045676
0.752052502454
1.09620741781
1.6351744692
0.680412844282
2.14332160343
2.82506342591
3.01263901325
1.27185176295
1.03277587672
1.7137173369
2.4205260253
0.151305815562
2.97257508232
1.94128395559
2.15328645429
3.12336986516
3.03799683251
1.45058527388
0.166395430805
1.56192719811
1.79445461921
2.48535593605
0.0490795278708
2.39153817233
3.00497602885
0.652747928993
2.47273296417
2.29879296098
1.6748032937
1.41967119421
0.310979720757
0.151573789722
0.565431639038
2.67011136341
2.51119028654
0.693681009991
0.210105473182
0.440361471689
2.59755313047
1.00588991346
2.20736350021
0.0472645611234
1.62428439959
1.38386303585
3.11284802571
1.04314418989
1.20251290393
1.40001544365
2.86681698883
0.81133541583
2.76340852604
2.38834009018
1.20723948306
1.79746318971
1.08686206859
3.07657735642
1.22944727243
2.38934007123
2.7459678367
0.593411320735
0.306252976463
0.545326285243
1.07406449831
1.60450796624
2.5202248014
1.56575094981
1.76699342422
0.462555871085
0.492408537275
1.57408439741
0.222115541064
0.845944437776
0.675411462089
2.61105008916
2.98673368768
2.21682958241
2.97971943965
1.52362067639
2.69942372108
1.56459452732
0.395173948898
1.90189269186
0.112045283393
2.04707720323
0.668532366517
2.02842587494
0.0500763301852
1.52592217345
2.15289328793
3.0927356614
0.116737082032
0.586497245423
0.866443082818
0.27997945848
1.24518934234
2.65075922443
0.698479162253
0.568870728307
2.15785204954
0.434527392465
1.00751544942
0.169108128894
2.51216060125
0.928090317591
3.13566970773
0.675477372309
1.21477133526
2.59528758401
2.31495736229
1.97987253807
2.69113372603
0.0365764215837
0.306771707944
1.11268353758
1.03923971066
1.42216099755
2.02872204237
1.85484168248
0.253218508848
0.929163926022
2.29937463976
1.44449166696
1.42793468033
0.932276081619
2.14434156824
2.54748332425
0.879391314446
1.14187464685
0.600561402508
0.751401495599
1.66720539998
1.00223821218
1.58225947584
1.07135155459
0.787418481272
1.85171077618
2.928106194
3.11607993761
2.21506692334
1.65438077276
2.16565705099
0.564629575285
1.67259449766
1.25604498389
2.59334996285
1.12088170857
0.0471246208137
1.64187027385
1.59246403151
2.6744864733
1.36973461229
0.413670252992
0.703783395183
1.16966027061
1.53959197555
1.51649394784
1.25819024457
1.58062028667
2.99005432418
0.7435528159
1.82920035993
0.936860379779
2.88649821894
3.00900405039
0.240790453862
2.2988629873
1.74489863665
0.934545442945
1.04405006213
2.83278738634
1.14352792388
2.38089403836
1.00360780998
0.0562534534488
0.818350945877
2.95485544635
1.50549755984
2.49359563749
0.43918629098
2.85364945179
1.47874688901
2.28451301824
2.78824085418
1.29437663942
0.385017153207
2.13518137422
0.170209682544
2.68166381396
0.861893789901
0.700600707916
0.344993381774
2.91156627054
3.02461644944
1.14232114331
0.0202737801164
3.1326314342
3.01660346049
1.59457874655
0.59236285535
1.71415212777
1.63629956909
0.272049382937
0.944915885126
1.75175968929
1.89313229145
1.83520378858
2.04737562878
0.00752056822189
1.08987385229
1.19465464949
2.30893362896
3.08834022115
2.43206909965
0.829459987186
0.0216309539984
1.04883733981
3.03621260594
1.60642128441
1.60937037121
1.32869135933
0.0719435974045
0.466541879992
1.07142737208
0.848360629692
2.79896494075
0.854715169398
0.230716899499
0.0727601644045
2.34491126421
0.513996498389
1.54870509229
2.62508432932
2.87763001728
0.456726404689
2.52050132533
1.3425669807
1.88132921722
1.53503213408
1.04855746116
1.85019029087
2.83455731859
0.322612237364
1.96044649529
1.17426476527
2.08889321141
2.68483720101
0.497202739076
1.51046448913
1.69232010203
0.599391582063
0.497096735999
3.02274137494
2.02929639941
1.39423757362
1.31129057382
1.24146801016
2.24728311936
2.43773347484
1.04684484418
3.03859001635
2.60818727347
0.717269658004
1.40241264155
2.5490858343
0.672970698771
2.24706276564
1.72858300719
1.7913505855
2.03962155229
1.1447324607
1.85786981416
1.63288779749
0.765006526441
1.91722510648
0.0790093963657
2.81013765404
1.92052962889
0.76048328088
0.528380352169
0.0224496527717
2.95492181531
2.61680133589
1.33322197146
2.11748757678
2.83292501633
0.79464096675
0.503235578079
1.24358092442
1.95479204438
1.31035024196
2.70378599934
2.89157693472
2.77191699343
1.7313225646
2.65344135562
2.33681115342
0.826070849155
1.70021716846
1.09037869408
0.564932211567
2.47356101629
2.76777125627
0.725347344652
1.34948515909
3.05394392163
1.43435699481
2.69190786277
2.19344947123
1.61224210725
0.517847219942
0.287224580684
1.05091872226
0.737018514998
2.51959755739
2.27502133711
0.650976125467
0.437922638808
1.61465336073
1.09338802142
2.40565504269
1.14604837785
0.673709280276
2.83356605858
2.31498506606
0.915136041124
1.64495569073
1.7410184507
0.641928269227
1.30944703611
3.06153473378
0.815541115816
2.33791701387
0.702890965369
2.29451391961
1.86466728304
2.07200169916
1.86329533005
2.7793381852
0.179300383719
0.205736054095
1.8852973008
0.176449127461
2.37453091711
0.507827521309
1.03926391506
2.89087819223
1.75493858938
0.864222090792
2.7870717322
0.54621608231
0.914787182884
2.74267576337
1.12613342206
1.97915205589
0.677805232957
0.107352394613
0.566402121108
1.98814911072
2.26689986292
0.924762945383
1.35130268911
1.31038867031
2.50121273512
2.74276198839
0.52269325686
2.9731478678
3.02556853837
2.97161158715
2.41907832259
1.67617464208
1.54801129493
2.19163390122
2.81360113594
0.965021111254
2.92026126913
0.151792353586
1.91666870676
1.58441964678
0.517524999378
1.65441075403
1.94126243698
1.97844328736
2.59962063535
2.50501646587
0.448141353945
2.06120785206
1.99243060569
0.0559384247795
0.00829231397888
2.10209501053
1.11077337763
1.39855459925
1.96115108272
2.51214472083
0.581332398499
0.0337436521681
0.241181965795
1.59480866887
0.351876353092
0.235503976204
0.733759078951
1.13671049188
0.349668422461
1.44703611348
1.62187850753
2.34048186047
1.7978622125
1.50990000032
1.8512374031
2.94369279269
1.48597313322
1.68743410872
3.06145022863
1.92653227371
2.30957245529
0.0220626896902
1.73504751782
0.188831034277
2.42627958765
2.06891183075
3.03565606093
2.32084155966
3.07726037233
2.71779252109
2.005082077
2.8763920409
0.958824404807
0.78518188483
1.80544948354
2.77681337316
0.982218362592
1.57789899199
0.128710610216
2.00746782614
0.842045260359
2.61684289851
1.49222682925
1.73654288145
1.42840435155
0.527671907806
0.725959258988
1.34772088523
0.0448735919098
2.53533407817
2.71126376742
0.953925505145
2.85988377211
2.26693363358
2.21720488049
0.226906574445
0.21631783576
2.07566211081
2.56153459831
1.62349706062
0.749516273085
2.44992325405
1.5242180759
2.04588541251
1.16800277766
2.53807055846
1.42453710368
2.76939405243
0.458576524257
0.388939736277
1.83521807717
0.222638329637
2.26843184573
0.99758345984
2.24381553586
1.6557982969
2.30484198576
0.574781486137
0.30211517083
0.0956298195574
1.60533862054
0.16056037985
2.04386977959
0.732715434077
0.643932068994
0.692934159209
1.07811723459
0.434376267803
1.44055755107
0.818037864902
0.298226347081
1.7093855641
1.19943463728
2.52998545631
1.32796363155
2.20090403042
1.62463076391
2.60160628158
2.61317812782
2.82148230613
0.410740688764
2.594986114
3.05482255608
1.14211843116
0.941292166556
3.06824979551
2.63242250871
0.186897057827
1.23353162214
1.43427945553
1.65269905916
0.954474023902
2.08932683151
0.0664182720039
1.55566725102
2.95277076535
1.08421757854
1.06779931699
2.56451296768
1.71515508698
1.0061172601
0.48066699383
0.805051161191
1.78957117821
2.46429966727
1.44035463328
2.46311536537
2.45906060459
2.7803725568
2.60274832775
2.51740026042
0.415279431511
0.858273490007
2.11460199871
2.6898963961
2.47919612595
2.96607347604
2.24364002005
0.087504340548
1.8307767734
2.72982732752
1.94627409735
3.02226134468
0.113129857565
1.87545000059
1.04183868052
2.70805690657
1.44619002344
2.70792727032
0.279582075903
0.187464158031
2.13146085962
0.0524238446194
0.727627158849
0.533788425645
1.59319881718
2.49849877173
1.08913344911
1.34247575762
1.88252848255
1.82233885383
1.67523919725
2.68701944806
1.03551953113
2.80668941481
2.0252119469
1.03560353044
1.45367690558
2.35892018582
2.56060804918
1.12745606756
1.21505378868
2.42988255701
0.764680229099
2.31300611055
2.58036970621
2.31738413293
1.54149167397
0.896551841809
2.1618626439
1.53379004121
1.56472701231
0.725973259346
2.28969322686
1.12798783321
0.0108810002497
2.86374412474
0.562406820157
2.75103330522
0.490829550827
1.90774005522
1.64565958408
2.7688779795
1.55968326042
0.321678887247
1.70392884812
2.1710348446
0.30450613477
1.79637208645
0.326991346302
0.78040068212
1.04299823145
0.917339532793
2.37119641945
1.87627976462
2.17973087457
1.30146923009
1.29275155328
2.73329987545
2.15918445719
1.66333785483
0.211718918564
2.84379077067
1.00940773042
1.01362765606
2.51293609698
1.01851960567
2.85907340558
2.16095236551
1.61463429716
2.55943646982
0.303621818587
0.588501992136
1.67306914125
1.290043443
2.61889715054
2.63323968409
1.4401939669
2.42231179123
0.434017099951
2.06293050303
1.44888799971
0.717088586396
3.07720781011
0.509748991218
1.11032883029
2.37991712683
2.92018554725
3.12053051571
0.216304075748
0.634097647629
2.80351059002
2.04824201589
0.717077924804
2.77694060852
1.49113820027
1.24698121656
2.65918555244
2.00509104409
2.048484847
1.56769332675
1.71090833343
0.592710169631
2.44506770606
1.50579325351
1.78886991009
0.212965960662
0.605531576819
0.153871715513
2.20731830233
2.68312672535
2.10717928362
1.42948745517
2.14242780563
1.08134878141
2.34500360391
1.41440310875
0.400021870285
2.96805067102
0.82804572099
0.0493478325629
2.13318340419
2.03419110268
2.01082847929
1.59617770233
2.86758020118
3.13811078344
1.53329253487
2.47069122433
2.16874374442
1.54924039311
2.23825627375
2.829927529
3.04676738519
0.837314138874
0.0676803449533
2.6116576475
0.332314520762
0.438534843599
1.27581838256
1.23810118311
0.597687907194
3.00504498528
1.93983264423
0.770923152573
3.01311588391
2.38056709955
2.03228692547
1.85582602762
3.0556058359
2.15710811218
2.7351883371
2.95782772069
1.34754603357
2.42532787108
0.557160319433
0.705615513286
0.663730090292
2.18292475924
1.32147611189
1.71680557543
1.88398803457
0.745457923769
2.38526986861
2.36493120068
0.605056840379
2.87363623902
0.0538898556824
2.72231620673
1.92845572429
3.00917475372
2.95117365229
2.78331292103
2.09455762373
2.25588543848
3.12898115336
0.591163864875
0.230497045993
0.300377584953
1.69489140828
0.813272302498
2.24517760797
0.377303170397
2.68113015494
1.52858529165
0.869730611706
1.68998760459
3.06126823606
2.69684418461
2.77754097207
1.51577142247
1.73508008017
2.89729693063
2.83901469606
0.506795987511
0.276124262949
1.15796680964
1.70087550077
0.167761485483
1.36049368029
1.98590564633
2.40193235998
0.204240316246
1.13920068584
1.42371656723
2.69111574332
0.155990649467
0.342747308959
2.8987623298
1.28400697679
0.718804535422
1.7016162677
0.297243746393
1.46643587958
1.836134648
1.49561179045
0.685612335141
1.03129271672
1.28001837596
1.62401694634
1.65567512925
1.421285605
1.77782929813
1.82099657236
0.916245685644
2.91246728639
1.39737967553
0.250317108416
2.43249053034
0.852972942818
1.08285553092
2.37140826782
2.16678689008
1.93674831381
2.57251897786
0.278864598835
1.0289327153
2.69973265397
2.83368611989
1.52227533656
1.97220996901
1.80555878056
2.46384707131
1.2169200184
2.52771377708
0.208362253903
2.12387442626
2.28819310248
2.85915746151
0.313997807022
2.16329953941
0.0964311928865
0.638194216637
0.0830796162713
2.58881907395
2.56444399208
1.06402810345
0.267456754066
1.33774351312
1.50637483211
2.47994288578
3.07600923588
1.53799395328
1.22417366298
2.56095164834
1.83362067102
1.15292777312
2.95183719984
2.65120534811
0.0220284686451
0.737875934261
2.23495412754
2.849134672
1.63661252356
1.70316263199
2.12750332125
2.8571086018
1.02874485342
0.227245068463
2.81145708876
0.195678239442
0.00711236864753
2.26338664806
0.677585109975
1.13140479292
2.07318033765
1.29439411443
3.04852337194
0.283499210142
3.06607296943
2.90206084481
2.3534684383
1.99130983099
1.87307414121
0.208868171308
3.03502305645
0.525314649407
0.763639147807
0.472997951703
0.334701338338
2.96468179693
2.70473941863
0.275010738771
0.601341957566
2.86770863621
2.05863507948
0.73464597732
0.62455687808
0.438309135486
0.44460641433
1.22096625311
2.54651952126
3.07578174415
1.00145990476
1.03736196121
2.90413167302
0.260432014196
1.85777292139
0.497113659712
0.677686420841
2.26216350655
0.995699146695
0.228701500458
1.84159138651
1.20434229904
1.33078187921
0.897746075828
1.9695046366
2.77106544558
2.85778033043
2.56074677786
0.0403836673024
2.18562840295
0.720393035423
2.67890137793
2.71861392748
1.08473490297
2.83845314952
1.98968008782
0.944190887075
1.66801150346
1.66682830494
1.99669585209
2.77309736934
2.26919655373
0.172535834878
0.134171115429
1.99775183291
2.28169429117
0.706391124731
1.25419593063
2.8555013627
1.00767242326
0.582714246183
1.96079322509
1.08062001793
2.7960784965
0.747859664242
2.33462316357
0.508694739886
0.99761860665
0.419614002215
2.14399800519
1.36039627779
2.93455558117
1.09881968626
2.45820937205
1.15684151989
0.397755530877
2.97470101916
0.595018168931
2.53671992168
1.44399185015
0.313237861586
1.73989344073
2.42087878558
2.1939410373
2.23048159035
3.05939947986
2.06974463989
0.678631767494
2.97564319234
0.32666232946
2.22051355553
2.34316961923
2.04395208345
2.83172289802
0.961881289967
2.33540663991
2.56232312823
0.577066165453
1.19723587214
3.0969452565
0.853095283401
1.54123298151
2.59086410879
1.27936862644
2.42071754929
0.65817817489
0.508139546806
2.22517244348
2.74570547598
1.52141202535
0.120472580235
1.07562238275
2.7120262404
3.0513585867
1.87462391737
1.87522481745
2.01421840842
2.08677129348
0.102040523652
1.94778688013
0.90470674432
0.176730378272
2.18859936011
3.06448396824
0.0706239805617
0.754932426481
2.04765745113
1.50626098081
1.40581239469
1.97483536989
1.13374048687
1.16430953043
2.90994401509
0.924837886238
2.08914018537
2.37629177911
1.52600766696
0.337092776559
1.79243268968
1.97262026101
0.344853350838
0.82242616963
0.809670912963
2.72609589011
1.57065762044
1.15901431505
1.07731171452
0.724571436498
1.58540982206
0.731619484283
2.09597407629
0.582111769279
1.42080022116
0.87256976236
1.39971905782
2.43702512946
1.62981789837
0.00730089261891
1.75384587964
2.8397129177
0.0921447537188
2.34601822865
2.86571890228
1.77661976728
0.280387467939
1.79760313531
2.43287668586
0.562647478258
1.60040942095
1.44942505147
0.481344975441
3.05354535253
2.94864404146
2.50506578845
0.185627514969
2.82911359694
2.90790982479
1.69012927605
1.62313641511
0.782940158528
0.546853932234
0.35489121981
2.44571845133
3.07389634053
3.04513248244
2.57083793308
1.79597670301
1.26502616155
0.823570885888
2.95173252648
3.05436260709
0.859878996202
2.7365452973
0.585131539297
1.21383424987
2.13911856805
1.45727589286
2.90030487322
0.505786554702
0.619289093332
2.07601578939
1.33756422564
2.30790677726
0.655429151114
2.50405094603
2.49526942208
1.98916456628
3.03720373962
2.15534554867
0.986958447621
2.87730072882
1.88593041468
0.567880007439
0.314216445936
0.457707901484
3.05608781579
1.86488021165
2.87783532917
3.05119257159
0.248906017378
2.22006814672
0.589796727868
1.30241262234
2.45395737711
2.55805695565
0.301740514672
1.01744557028
2.02555561284
1.39394228278
1.6243350183
0.616425636001
2.35790407372
2.54082850307
3.0706965203
1.72188139548
0.368131222175
1.5166156984
2.82964008223
2.9573692616
2.11890502354
1.93342979395
1.91748551688
1.33722748507
1.37924567344
2.75344091684
2.33336321251
2.771546364
0.778627643172
2.46949445845
3.11939364963
0.426594436904
2.07309732539
0.671080918715
2.7217278799
1.15949452332
1.9298897065
0.983526175529
2.22510389865
1.78345971904
2.29678803783
1.44201479004
0.50675564567
2.94971749175
0.026893844617
2.13063230193
1.01295477959
2.48556080105
1.46630962476
1.86286707178
1.6143936933
2.77332192907
0.936235922989
3.12078765191
2.36483512333
0.558698438239
1.18040419761
3.10552456939
2.422964321
2.85305571547
0.329503970595
0.0257859727587
1.55370000602
2.66908834282
2.16151218851
0.947969978733
1.47932602821
2.61670867385
1.89278062083
1.36929015601
2.57917964578
1.93081891557
2.40573748373
0.87648148401
1.89502626065
3.02107760513
2.65854612533
1.22916070272
1.55386681555
0.733025979766
2.93777722051
1.31901700549
0.845072678106
2.61194507931
1.28250176879
1.75816638642
2.02363418693
2.85329874576
0.881960145675
2.5155893845
2.90747126379
0.637769864222
1.70078290932
1.9884926663
0.645163746604
2.66958458623
2.34008463875
1.52288404341
3.02239645849
2.78846526943
2.11812361308
1.04546305194
2.31115287122
0.43635326553
0.252298599053
2.98875821796
1.37728335723
2.29284410128
1.81950655766
0.402359623958
2.94983512564
0.558655979694
1.13115910855
0.86244797398
1.81815493515
2.09480066689
0.731874097513
1.25075319664
1.48491547606
2.06335472974
2.6157472117
2.27873613757
0.556079445023
1.2345422839
1.88541578882
3.09795843557
2.11467247807
0.71045377975
0.390680594587
1.92871094315
0.914118580974
1.01439642788
2.33114699328
2.76067720852
0.0713754711061
1.30208735337
0.155806882284
1.1636350825
1.95023368152
3.12280062121
1.17071601088
0.24430819809
3.08808647804
2.28096192226
2.93786502389
0.623392186007
1.16370746936
2.01999172196
2.52753721726
2.80121303085
1.39852391843
0.658767846998
2.39272132276
1.96355719891
2.6480704916
2.29790376984
2.13629991116
2.88998239145
2.79945113336
1.35333961353
2.86533131978
0.131856610148
1.96712561478
1.89549889885
2.22758763214
0.417116392242
1.36836959456
2.60735530523
1.06111900308
1.69492223575
2.18774142728
0.604062978968
1.75472830121
1.35411663673
2.732701361
2.6180560236
1.16334196463
2.45105617036
1.89232638031
2.24079987251
1.94303235501
0.800195387135
1.1454681406
1.00191887067
2.21920454612
2.63858226877
2.17682468196
3.05371009601
1.10797710709
0.267343786196
1.25723874456
0.477619149853
1.78164842469
1.57599799438
0.0877992560234
1.90733989561
0.274702963591
1.86624725856
1.85412282523
1.03434894867
1.22059531332
0.922400758517
1.64000530381
0.157883587176
0.158103900399
0.749054955363
0.00995867873582
1.64835147947
1.32729294582
0.360825835508
1.55365832849
0.373201168655
0.291598876629
2.20958971489
1.61132623579
0.963777205051
1.44892513795
2.1394819263
0.566197403491
2.4073866162
1.50913571097
0.218614352874
2.01177463335
1.79082242004
0.415542818953
0.89821830996
2.64901696754
0.324090991372
0.191569268066
3.02353954525
2.15571032797
1.61826339333
0.774725205325
2.95899739427
2.25796337736
1.0132592121
1.44577552084
0.773895949137
2.40335564476
1.81812778767
0.0469420976737
2.33329880248
1.86223160064
2.12611181704
0.758897475033
1.32214330403
2.15120948838
1.56564813751
0.100620878869
2.98595556067
0.695713318434
0.0599062558953
3.11897071318
1.99954845074
1.92098332321
1.63021973192
0.768666320002
0.692695628954
2.83433289826
1.15539343252
2.57620170317
0.257128995522
2.77859073431
1.59272307836
1.92993167464
2.41654831934
1.92476763555
0.682017879964
1.38665644621
2.7892676823
2.3416417724
0.0326557866609
1.67042850639
1.96483879283
0.47128415336
0.898565338031
0.886231659707
0.259454342658
0.150881361599
3.02280717162
3.06915871595
0.364378778488
1.42299636266
1.551460617
0.423136520298
0.238985606952
0.144536527263
1.43616492149
0.685560222458
0.972466076686
2.94276679648
0.275857085494
1.23045417774
1.52177576033
1.52663597487
0.751802946326
0.0972842352377
2.04336364463
2.76685717254
1.6767903366
0.762234346723
1.56692338315
1.27157507805
0.412598918891
1.54602698616
1.74683854658
3.05023839709
0.577679831358
1.7808692997
1.41236786116
0.0483899675896
1.61347826137
0.39964254306
0.585224196598
2.8639470836
0.927905415429
1.2416831143
0.639705796984
0.00568680207464
1.31036386359
0.672809964788
0.847707490685
2.04730500361
0.956372885682
1.81815238887
1.10063900358
1.62481584432
0.180735108301
1.86998908861
0.990583829361
2.71036363226
0.872009467283
0.644930707805
0.616882804487
1.1174867408
2.79036848783
2.51311462809
2.19661823277
0.219935277189
0.509443934487
2.33360787437
1.73933518426
1.44395469413
1.02599657664
0.682684815595
2.88636952331
2.50245290936
1.47768550924
0.14709782332
0.657635389599
3.05473208995
2.3503790837
1.54089907936
0.283001280663
0.253698127218
3.12052196074
1.23252568498
1.77455869689
2.99278732651
2.55853716793
1.94182658106
1.93376403772
0.092376549155
0.0838553555475
2.2461245287
3.05336390475
1.29507601658
2.46174270096
1.64401467825
1.451472849
2.59591060439
2.09680660009
1.10425941368
1.2419889449
2.09506375081
1.65761474038
1.85121453477
1.82298384565
2.28486028688
1.26512303344
0.486219315533
3.00585401998
0.500913069004
1.39809371772
1.68663722083
2.93874039597
3.07142412317
0.406351782323
1.48626630596
1.79719835811
1.35790226139
0.6602234595
0.629910836374
1.27348324302
1.87149720254
0.757438170392
1.70721172932
2.56613337751
1.19516224936
2.59455767246
0.258303457244
2.69110995771
2.76923113929
2.90079803581
1.7764842426
2.32441993132
0.889830185245
1.83430061628
2.69829266319
0.272848352115
2.69098307095
2.60398291646
1.1404079324
1.66211309488
0.273937631193
0.890004485544
1.88813785168
1.35617564226
1.16384386438
0.259808125345
1.4018137926
0.797685315569
1.12234930637
2.26931132038
1.58322347093
2.25622101755
1.49983455432
1.99792050163
0.71938748486
2.85857475525
1.05990662177
2.78466169317
2.12635414627
1.0260300394
1.82154474854
0.251428969095
2.61790074788
0.924725109632
2.32403989531
2.14525185899
2.31711064073
0.600284477045
0.699913544998
2.59256033979
2.86768491218
0.349560312213
1.69746247319
1.06585133424
0.475552707817
3.05690458596
1.83745681413
0.156842903521
1.18678085222
0.994956913552
3.1035797173
1.55573670217
1.59492997189
0.0149936795382
0.0596586008082
1.85162889598
1.81099517666
0.00153775353894
0.710832245436
1.39066404661
2.56115294625
0.462230559675
0.451119013648
0.345317338546
0.897978731862
0.629209045534
2.88493692938
3.13044170284
1.08427716317
2.10609056637
0.372768560974
1.25883032098
0.617467688779
2.00968680096
1.51337895232
2.20133367968
1.24694213186
2.62043820566
0.884976941194
2.73017349473
1.18942136565
2.27268325006
0.985058547381
0.2168034562
1.77357375875
2.08226866385
1.59999484477
3.00452495493
0.623689894098
1.87987447692
0.686211033166
2.17305800313
0.254949458931
0.0742144133434
1.27824821034
2.03200276227
1.73026060366
0.745173447546
2.0561924602
0.561070276994
2.7176498839
1.48797709285
0.380059225076
3.034496933
2.07600338009
2.92566790133
0.21936235494
1.74670988525
2.09417590464
1.09638402805
2.68774517144
2.09171531771
2.80146941534
1.56351399967
0.802183040061
2.93388659895
0.331775590344
2.48748902851
0.499902634995
0.728646945835
0.964512831473
1.9195419749
1.70834667132
0.917356532949
1.2405976594
0.693260988938
1.81576142195
1.25487648845
2.16044009539
2.70673536932
3.00290304131
2.67779600529
1.93558347048
1.28874714927
2.4120539214
2.56077571245
2.88337080847
1.22595229883
2.06556842531
0.325439694324
2.69775220537
2.98090670464
2.70970029948
2.61448880518
2.54348659936
0.380949758039
1.81175478206
0.3857702295
1.97851294061
2.28068206514
2.65475650293
3.04656789168
2.16923928004
1.13602440805
1.85745251983
2.37828504643
2.3396117845
2.04850202433
0.710462229645
0.482327154438
0.386079208273
0.731780558116
0.399548290526
3.12969011614
0.502122000894
1.88838211697
0.81514329641
1.38115926413
0.36677832759
0.554993619074
1.58819176188
0.0179272350525
2.41067000139
3.11600275259
0.511870005736
1.32732177157
0.589386806768
3.05136918941
1.5495141125
1.48055414845
0.175019020225
1.05363969406
2.26411702985
0.536709712906
1.43912060943
0.662161098649
1.51302295403
1.63951495574
0.394218365802
0.321386698429
2.22324853173
2.28078585451
3.00055503725
0.870404472218
1.97525910233
2.14217620143
0.117734618752
0.262090975883
1.3694809155
1.8648952823
1.12183784698
3.04986351291
0.468121281272
0.788244539606
1.43098227524
2.10625463745
1.0475035306
0.573238833932
2.73142329441
0.988176434366
0.603731569219
0.0425853347476
0.509698043309
1.95457595361
0.818032748497
1.44978864547
1.59740439919
0.30570356672
0.248204125708
0.234696156265
2.38469080274
1.48733244823
0.843294677113
2.30937997061
1.94188040058
2.90071725601
2.3079874997
2.54207374403
1.21640087051
0.551446656811
2.80287661518
1.92709839593
1.40867324786
0.907016195371
1.36575288978
0.713984804767
0.3394053803
2.28637988301
2.35634308497
1.40835824623
0.785690174957
1.23717085413
1.08522649967
0.596416113462
1.72900389307
0.653809075547
1.5306112288
2.29902426461
2.42933871342
0.525824004494
1.95097329845
1.92912626118
1.61653565513
2.06155605404
1.50659396888
0.780967326751
1.85858084807
0.823764720546
1.7542947497
3.10899495274
2.22388183417
1.73704258393
0.909669593462
1.37737633297
1.35864494772
2.82373134505
1.16001644943
0.169873719428
2.56430573819
1.1219620408
0.124946864145
1.23749397828
1.15682877729
0.0922159530421
2.89953047087
2.77016365466
2.97248334845
0.605680775647
1.13470725659
0.746760973335
2.49382729193
0.282159641298
0.890314772727
0.278505219839
2.99500392898
0.923081229531
2.12035716101
1.35061902494
0.798158964262
1.12021764588
1.17317411847
2.84764222037
1.14135931968
3.01858401031
1.34103172778
1.50334602102
1.01512503282
1.48599721773
2.71380001563
2.19844968685
0.240535195667
0.0664826196963
2.56888653312
0.222471280717
0.696747549278
2.65254349039
0.630330313499
2.33530523293
3.0687840145
1.10974751527
2.926728008
1.14774182256
2.32710004423
2.29828232969
1.41267089728
1.38005999492
0.081522792363
1.13121143305
0.889375695229
2.68920535328
1.51520388619
2.28194868952
2.04899203442
1.9646212143
2.13317645012
0.546094451452
0.586974020546
1.91849704358
0.447163708049
0.76465270926
2.02485348862
1.40843141573
1.48879011861
1.01728150574
1.13174337224
2.68818682024
0.529647015201
2.84206068635
2.79960486636
1.71187188406
0.524765744576
2.93842266268
2.70610085062
1.91659434799
0.0316512775531
1.90874984153
0.524017445138
2.81480724888
3.01434106147
1.92226614581
0.789959902959
3.00746376302
1.95925707133
0.699241622616
0.372576346189
0.467593323962
1.73791043088
1.57792318095
1.56901429234
1.01875606603
0.700539037632
2.73713907234
2.5628465918
2.43687899288
0.311807172148
0.856806591478
2.77447486063
1.6178802791
0.129029714804
1.69008254915
2.05670094326
0.0762210699464
1.57366218838
0.166155069087
1.58852666775
2.20898933575
1.90246386932
1.68004801018
1.32142620511
2.80751744789
0.561587264412
3.02833183744
0.933362581767
0.0699068522826
3.13067289447
1.67537896245
0.832380267321
0.901932370476
0.698723355178
2.50970455601
0.0307212066795
1.10156008753
1.40198144287
1.43788235377
0.216903839343
1.00968524283
1.87128757342
1.43043299487
1.86361397433
2.04568480261
2.98251795388
2.24947685247
2.77917498633
2.00534934206
2.57434796889
1.41454382043
2.40792708679
2.9199437078
2.09989045103
0.750103701811
0.913311836113
1.26598281962
2.66512826874
1.36008457045
1.13270904826
2.93038437018
1.57199764549
0.740225205127
1.38422618017
2.37694570084
2.6042014397
0.506329904195
2.69165515388
1.7766084859
1.26895164942
1.0808623278
0.6436015344
2.47321363847
1.48085585986
0.762751392358
2.06296687524
2.64043767867
0.24540509041
2.48386096759
2.77089156293
2.25985867568
3.10450383554
0.596302227643
0.940751397041
3.05466001615
2.02249760545
0.862120367915
0.984259711288
2.51896290361
0.135704387825
2.22281274179
0.589452814104
2.73082278889
1.2902085519
2.57156271245
0.977063986952
0.88642975518
2.11153911615
2.04072219829
0.748157699408
1.71249500809
2.7290029377
0.0129550739905
2.23461065975
0.39026373715
1.78841079019
2.21395913292
1.5079663908
1.96719545717
2.26501869822
2.59734925065
2.78404073836
1.91512378877
1.61339288657
2.21350885949
1.68709007427
0.569853989661
1.27078086834
1.1963977069
0.491388943774
2.67991101782
0.396657838187
0.192951952337
0.637260874657
0.125580429058
0.726034050124
0.989954388159
1.10936320841
3.09704605537
1.51352803361
0.886100084314
1.83995549584
2.61872271825
0.511481964299
3.00805111765
2.28410609723
2.76927225177
0.0608465249216
0.866047735462
1.95833573715
2.91703626205
1.73112036878
0.864048957638
1.87394171513
1.58987574294
2.13813787298
2.14029485415
0.440757435475
2.70247611653
2.85136827416
3.08600010847
2.2486850529
1.21872795468
0.416324508309
1.73523286576
2.91320910528
0.49316126142
1.02907896751
2.50541747517
2.73722933182
3.08733575402
0.719189256639
2.44460298957
0.168886851095
3.04613222645
2.24656607299
2.73455175853
2.45940800723
0.860220315073
1.71505938612
0.188826239856
0.885150665275
2.99640443815
0.068901028185
2.01026652067
2.27319740274
1.41385051669
0.639077113256
2.56625456307
2.31541341057
0.33946236944
1.89324755832
1.97108906852
2.15024474472
2.00178320067
2.64342471841
0.513015511652
2.65867139596
1.1296420865
2.81937538607
0.462751936364
0.339084282531
2.00496473374
0.172334134947
2.27479145233
2.77918616167
0.447429434
3.01880027563
2.05190438778
2.1760226302
0.560098663641
1.6369929717
1.94750111315
1.07484857193
2.05672577057
1.43305450779
0.262144769216
1.25164881187
0.018437814039
1.16379391588
2.45059603567
1.62352637836
2.37554191236
0.881016496115
1.77030921601
0.769402818772
0.400860108897
2.95273288804
0.247406403138
1.34799891022
0.328656710068
2.84025336676
0.95586679029
1.52423339923
1.1130284307
2.12331106844
2.24579759748
1.33441726123
0.237851183831
0.272619786412
2.85190913179
0.485628618929
2.5447437445
1.47820660677
2.46515232809
0.308401309547
0.322873374589
2.54346220548
0.727936780638
1.31099751621
0.0927412194107
1.83086049738
2.89302127283
2.40053018624
1.98104911018
2.7738994996
2.75098337345
1.7674836295
1.78118661919
0.606391770249
0.429434466624
2.5890980331
2.65220827914
0.27148012264
1.96060976258
3.13333025905
2.5603639693
2.67866432679
1.48401568509
1.57661714669
1.81719812148
0.745858950892
3.02131220811
1.37380408006
0.0181032467822
3.11704063505
0.628159928515
2.01401743189
1.24898751589
1.16420216926
2.13694355989
1.65203688614
1.31493307133
0.367616698701
1.92213632194
2.26696634742
2.41001140569
2.50132424694
2.11915557043
2.8972365505
0.0433854922407
0.8272546199
2.52280246335
2.59702663967
0.736504071184
0.867127592877
0.96195673426
1.4158567397
0.99319656887
2.97018444172
1.35354369512
1.84494979689
0.175441945903
1.05544088668
2.31033903728
0.427066670406
2.3894945544
0.305091908112
2.50381767467
2.47834446675
2.32096107208
1.68314937773
2.87248989566
0.333946364721
2.87734954787
0.973895807787
0.829145122892
1.9762813223
2.70934872472
0.727499269024
2.65338850326
3.06519617316
2.01016165124
2.29686890153
2.02511277972
0.444860818018
1.71621985616
2.19714391047
0.562771418611
2.51274023243
2.91979521262
0.845736035404
0.490536152005
2.67290797155
1.73239090004
0.0723706065466
0.452786441016
2.13829178466
2.06413939465
2.75252051086
2.98807561878
1.49476038607
1.3500514163
2.81588139276
1.10527128052
1.14687413844
0.700732142391
2.28530557516
0.24951041993
1.95566833474
0.639107120734
1.79802203072
0.732315864673
2.40706734316
0.372664688767
0.992005788645
0.307877985318
1.88138089455
0.387408210214
1.01425902008
0.93772480601
1.10765535855
0.162730880175
1.7841363854
0.767587736399
0.69837897609
0.109313046611
1.73465426195
0.72513395249
1.97620203299
0.236635916483
1.45818881816
2.70614051946
0.0918674898708
1.02303716411
1.61376562814
2.37968129661
0.386551846564
2.58589239105
0.131438643708
1.41859908102
2.01467123431
2.51685753886
0.713366530033
0.121845072284
0.534833545891
1.04171387208
0.144750973474
1.74581228231
0.493200554997
0.564862826805
0.865008883602
0.0103229034362
1.73306823452
3.08486440662
2.62152692466
0.032236587105
1.11944629075
2.9470700483
1.16579971181
1.41797305299
2.47792646169
0.30064029264
2.99719730185
0.831390621768
0.755955541309
2.50818356219
1.7847504394
2.97896753341
0.442480137169
2.79240949276
2.04369963435
1.52676870368
1.82280598388
0.790366174059
1.11763367239
2.83077398704
0.612544512483
1.04831304904
1.9686264348
2.50644370848
2.38562056866
2.34653675504
2.6004539628
0.803413908363
2.20020932647
0.330610252901
2.53862400484
2.8467175754
2.03172560525
2.81960326365
2.52110533997
2.30204691604
0.487377544469
0.396597195492
0.261214630954
1.7692243863
1.7346208969
1.58481038827
2.92281937808
2.54792976633
2.28851040872
2.45943862855
0.163262869711
2.4221417591
1.60154017441
2.90833212788
2.11718669057
0.32812736383
1.93542896549
1.6465437466
1.49445559241
0.335507003187
1.96029487696
1.32019774822
1.72596432582
2.26216311585
1.55528155023
1.23885769142
1.29063882467
1.72805734949
1.74988168937
3.07650029789
1.35457036704
0.395651835588
1.54834443569
1.1755661228
0.0306259656
1.49011372595
2.73204623334
2.52991897109
0.101444992661
1.22366143544
2.3593314644
0.322459932006
2.09952024062
3.01719208698
2.87185029819
2.54460535311
0.76555169352
1.68654227262
1.35712862705
2.00805717814
0.880794553045
1.56616281622
1.15374244692
3.12012646188
0.949955025162
2.43779603802
3.02881924859
2.53155997454
2.74840677882
2.06430363615
3.11250838649
2.73878663724
1.93305048289
2.16054688089
0.183388616075
2.34090115976
3.10171327545
2.0315761628
2.47018209316
0.0867901310344
1.76972557949
1.55207473097
1.18773653606
0.228885326121
2.60638776896
0.000736263644103
2.2102634294
3.04969984642
2.8745806068
1.69670744728
1.44397867126
3.05667068181
1.09843953351
0.691102498138
0.824876580548
2.62121193118
1.3635709152
1.69552593713
2.09440756233
2.781445047
0.562020505337
1.36568085067
2.49033393891
0.786012195753
3.07731135004
2.38327166491
1.02769591357
0.0781145561787
0.468166233715
2.19428104464
0.396139285998
2.60852807956
1.46196570054
0.34577591983
0.917191368496
1.91187372801
2.21577884913
2.52322312342
1.12918825962
0.370251164406
2.78915398371
1.59998385442
1.08537427108
0.509742560878
3.05446393291
1.71646984864
2.87169292775
1.37841801285
0.743139806947
2.8888260513
0.461856840974
0.579010985927
0.72090658102
0.78943373512
0.990035599364
1.19723435302
0.246201915606
0.132144554344
0.454770131495
2.42953515659
1.73532091698
1.52904741674
1.73637184626
2.76839981072
1.83663128621
0.639022896923
0.150793847096
0.711425509562
2.87173237862
0.78876375997
2.65194090453
0.0706716586709
0.382849859284
0.0388569964553
1.77496572005
3.11092665863
1.08541972891
1.10313174654
0.0364478664181
2.56879071552
1.17617454408
0.0739513841273
2.15144809298
3.0425027561
2.2077736594
1.83480235224
2.17034344866
2.64869869563
1.45491861559
1.15775354562
0.250541521876
2.32740382613
1.30343888328
0.0647061141762
2.32932365433
3.02234366503
0.322113765465
0.153921413506
2.87274767819
1.02946984586
1.8665330346
2.87408999603
0.505164954729
1.98806914649
1.11079446089
1.84492224347
1.88792368686
2.91537400021
1.82335269448
2.18952079175
2.98223958987
1.70326684787
2.17769441489
0.651664778364
1.29562304846
2.26370917029
2.04790751575
1.65811542314
0.475230935194
1.47869776296
1.673548887
3.01253623194
0.0610486432508
0.867843324201
3.11211625733
0.236078515627
0.916808240138
1.52470680077
2.9242128965
1.21351767531
0.377297249116
2.89261860946
1.11385721121
2.40954399601
1.43869731158
2.69917397123
1.98864004099
0.45549895424
1.16232964487
1.77348896765
3.09344152629
2.56301619106
0.410622413204
0.994065641331
3.05764919366
0.584803603504
1.67671074175
2.52398760084
3.04277578392
2.95349538882
0.633835579659
1.24730055956
2.2051520991
0.186882532248
0.891908574768
2.77377889797
0.581508665429
0.663183721392
0.66912770532
0.252464467742
1.63483982994
0.315077593286
1.71161203093
1.71300661053
2.84625347894
0.477866692978
2.16877901954
1.88474129499
1.41272943719
2.17180685136
1.33064707616
2.98185379283
2.26430475036
0.165179404859
2.51030133184
2.7710941196
2.62066067423
0.666280602534
0.984288558267
2.62125153574
2.3602102493
2.49700216392
1.12832312267
0.549064548331
2.57187589421
0.750956995178
1.8068518167
2.86132226861
1.09316910037
2.72070301172
1.8842485552
3.0659534985
1.82164733515
0.17210257571
2.16640576622
1.06343232863
1.80135524433
1.89211688464
0.201179566228
0.339204940868
0.309135016083
1.04816890441
2.47888338086
2.63100255644
1.78830136049
0.813448950934
0.279994548958
1.23139145344
0.262385622521
2.88620587262
1.42575328392
1.59598649918
1.22063205476
1.42214765555
1.69675274935
3.06198724027
1.54442450552
2.52643538009
1.13606321388
0.596274592553
2.70659806333
0.900628101336
1.35571244732
1.7143922932
0.927195104159
1.14178409198
1.28440153101
1.04758572727
2.99395075282
2.23743020662
1.99813538455
0.740051044483
2.11130429421
0.66922629785
1.76260612037
3.11611779621
1.79081393325
2.56682595517
0.689027697281
2.45818728249
1.02514690302
1.31468834758
2.49017268529
2.3449822994
1.2219256358
0.318164682996
1.57595243727
1.50642566797
0.185093172806
1.32572359242
2.18609291361
0.913821940349
0.7333705683
1.46104099503
2.95774161527
0.982619122198
2.56205231971
2.23592278435
1.28097009416
0.192859869931
2.16757075905
1.99888093861
1.56448106864
1.75356016387
2.15400706135
2.77073972821
0.942715685301
2.52667957665
0.937579825536
2.28137968712
2.72521601708
2.3844610481
2.53044362335
2.0079672378
3.00389163053
2.9529323569
2.91715646053
1.7185999175
1.65263076399
2.35596875756
0.995855391868
0.521284730138
1.8689371841
0.639132898886
2.17019097481
0.868530970614
1.51971976482
2.19738015359
2.41152016726
2.82396432099
1.94668009008
2.38288382318
1.00165688818
2.12360148023
2.42510575213
1.34455395606
0.878904501707
1.22294309073
0.757242100584
0.579103634248
1.08043392113
2.189060743
0.330596745912
1.23092551169
1.75829083083
3.06429652888
0.377683992883
1.44050940203
1.90139506671
1.22483045219
0.0791457424271
1.7987633243
1.8341938332
0.897468556883
2.44942620405
2.45082530192
2.81951666942
0.29332954817
0.498107927602
0.345455499818
2.05583536523
0.946726149628
1.19099998368
0.921770875769
1.81998308832
0.845103875727
1.83021126558
0.935466772559
3.06129349293
2.3445829463
2.47252523067
0.539245603137
2.06466208424
2.98482031965
1.29431805945
2.16753861505
1.14575694842
2.54167451881
2.06993065479
0.120161160162
1.12265231037
0.858616574892
2.23471055125
1.13737219337
2.24160062918
2.88317640581
1.97337766874
0.862019613868
0.966154111881
0.378563695972
2.67614778447
0.459563034004
0.658604041347
1.1958773637
1.02426838823
0.488672394834
2.45111376989
2.39336513221
2.08908717204
0.021382277049
2.68361418139
1.65969490524
1.98483659949
2.67385667388
0.763080516611
1.97512254857
1.55887800182
0.158495566951
2.71919244581
0.700733794533
1.66687890506
0.897734386261
0.236854270037
1.73111158951
1.2656048761
1.09460894613
0.414695199522
2.35475784753
1.36307291517
1.26565197952
1.82009042129
0.306431895417
1.70850683604
1.73443543583
0.926666641079
3.13863943607
0.772389360646
1.22661545334
0.322108423399
0.116080937438
0.633835029768
2.99996057384
1.88197658846
0.261304845415
0.333197988049
0.802296809575
1.67491662326
0.877612008739
1.64577914809
0.0649207234914
0.564315609114
2.73664114235
0.988458001964
2.72485517866
1.89934465243
1.05245764174
1.07583203917
2.81337735633
1.56805101799
2.5723448186
2.67529589184
1.24998591171
2.31908693626
1.19105364968
1.96811179863
1.43711641469
2.41968909809
2.56840462809
1.26099367367
0.135263852072
3.11047848598
2.25922993775
0.525661676193
2.51144105909
2.57153390555
0.0589577176267
2.63044405004
1.46445017374
1.75576497184
1.32636833493
1.74958203977
2.0012492645
0.0904178258894
0.694250903535
1.54037181187
2.67843878129
0.0516848565721
2.88029768365
2.35121387689
0.753449743387
0.418398811874
0.885122782784
0.154212280062
3.02646964133
0.00958710969531
1.39191588796
1.11860269525
3.04414709928
2.41342409412
2.41977769402
0.546256978019
1.52375457238
2.00845787728
0.343983534142
0.545994729368
1.82267942327
2.06141020272
3.04463793912
1.66350205889
2.30713410362
2.09476143117
1.79366865965
2.24193025106
2.65466996697
0.496409475056
3.1241935712
2.93045326219
1.01179129845
1.80642929683
0.520544329122
0.852763943328
0.228655076925
2.60022139236
1.64407436116
1.27981068834
3.10191166911
1.87167054717
2.33782703594
1.48290386516
1.22078750447
1.03602380348
0.113982240106
2.29334135141
1.36479930341
1.519805629
2.65392248305
2.88162968899
2.0935226238
3.10323907888
3.13102378516
1.09229874373
1.04790328449
2.81754230835
1.28514740118
0.117387654186
0.173592757613
1.78335590417
0.707790111247
2.94134163677
0.387852875881
0.512494375922
2.68429676103
1.1220466218
0.57100980206
1.75234846953
0.305135901276
2.35411212744
2.85562955272
1.18312130527
0.208755791815
3.02780300836
0.425738225207
0.948818275248
0.319198863022
1.20526560841
1.13583756017
0.107093496104
0.949950875821
0.159666168573
1.80422312149
0.456415876978
2.41895662406
2.66165600905
2.00270719411
0.994718798296
0.409375262062
0.680106313059
1.28878399958
1.92129376481
0.56853800471
1.26649270931
0.99998871037
2.87852121478
0.282859372827
1.91691056274
1.45134475899
3.1027942058
1.49189876987
2.26378437581
2.43102788164
0.907919133103
0.45971920209
2.88223347021
0.965430680093
0.968905072231
0.88592103548
0.42369550292
2.92942517124
0.728373940605
0.704946818702
2.35086605856
2.22292957514
0.173325905334
2.3031162479
0.0707499641718
1.55475384198
2.99929351216
1.44710000648
1.77550249362
2.67473794378
1.14520894173
3.02100898205
0.015705584283
1.00855332477
0.0135033591183
2.67015412805
0.805197386025
2.71440557463
2.55702834778
2.34058288853
2.5993238391
3.11460795831
1.88978825193
2.92724053361
1.68652444791
1.1792461792
1.59733524076
0.452368294528
1.07769321148
2.14851759507
1.52059311183
2.72717872151
2.86725479867
2.84291666693
1.63384360915
1.83136361513
2.86353451382
0.717438009465
2.53829910058
1.61278372555
2.7975753361
0.551246692092
2.32528411415
2.74120506895
0.557630686888
0.88182593238
2.2790480357
0.872192553071
1.83445972862
2.93206459609
2.83891879807
0.327247280042
0.497054717146
2.54014672153
1.03487967776
1.35414172669
0.855922018826
2.72215362633
2.42036938571
1.47622096924
2.76201494985
2.26254786425
2.78111392548
2.62118623982
1.66688010675
1.54328609118
1.93192163701
2.46965347826
2.99988003324
2.16758885328
1.16220272263
2.92156740991
0.549808917734
2.77229005007
0.544486485163
1.83463193998
2.22140635081
2.10524270225
2.07052795088
2.01780076834
2.16891332802
1.29818634977
0.606743404463
2.57546457461
1.07298361062
0.995922338084
1.94207355113
1.52809151371
0.67380067973
0.97082624564
1.74556189421
2.34048417975
2.21777754706
1.72671833356
2.17255038043
0.285477873926
0.787822671323
0.45065447287
2.44911673954
0.331140277416
1.63106797629
1.65102544412
2.82692704281
2.96582924361
2.63289881075
0.800967378849
0.573152643036
1.35409743292
0.184090195939
0.671866434325
2.63852120837
1.280003462
1.106660992
0.993633267943
1.68343229879
1.36179692667
2.84819891027
2.5699526371
0.623904778959
0.0730465703158
1.41354974566
2.30630430866
0.677476324284
1.05060842911
0.52458487115
0.0584652925058
2.467381049
2.67340191411
1.5304091247
2.0001396858
1.11618402547
1.84850122285
1.89097343588
2.56442186731
0.950500765294
1.54716175798
1.97339766208
0.22759598934
1.1973427256
3.01137085182
1.13951572121
2.62965225356
0.0212068040884
0.0993465674368
0.353158820938
0.570911182503
0.599134763107
1.60418749776
1.45530639464
2.00395836608
2.87341496692
0.909935666288
2.88680372859
1.92069530778
2.28407530776
0.516351104275
2.56930954793
1.52218430315
0.536901872626
0.165642031454
2.0532367224
0.570480896603
2.9490458341
1.11722137268
0.188742936536
0.58222599658
2.55812469097
2.4302032723
0.587723583903
0.948819535343
1.74465048275
0.954859149775
0.222853045825
3.12667123179
1.26744247356
2.54840586884
0.386979026427
1.82753874246
2.67782284686
1.98846494228
2.66878026996
0.861899856014
1.06407773609
2.88246768759
0.473688745009
2.86677921646
1.05119904426
0.0366897924376
0.960286909873
0.158202413849
1.22095606051
1.72954419279
1.79698912534
2.46338237521
1.3560436596
2.18634826581
2.95486216078
0.788780982928
2.21041919608
1.00078550892
1.53952725237
1.61738992558
0.984628753075
2.64050253306
1.71832607772
2.1097620224
2.43948670114
2.1139905605
2.72923016311
0.905759150097
2.38791331557
1.13966280168
1.16351996439
1.20914956517
1.31773517234
1.13519765448
2.74992711779
0.932788150047
2.99906823019
2.90854545665
1.79104382935
0.943529589496
1.37239665551
1.77339510552
2.02520835733
1.78214655619
1.19477224715
1.64390196732
1.27241296464
2.6098710245
0.771080933089
2.67073996245
0.649169374409
0.330275590282
0.935707437472
0.121123226471
1.28156857997
1.3122942077
1.39903028498
0.63605288901
1.60184720969
2.63019764105
2.65461913214
0.767423608812
1.42920181598
0.972176821306
0.931083507772
2.00075940068
1.9790157565
2.84863200888
0.175827567174
2.61985926823
2.1342454087
2.1617715417
1.53246737247
0.83362408714
1.94715064763
1.64138887808
0.833834165776
0.0143766641283
1.04788936174
2.12098283487
1.83141333223
1.42641077036
0.772517673854
1.36806325781
1.36785986103
0.547037687655
0.853210976
2.12562072466
1.42556094243
1.29051541302
2.51790423012
0.403764581891
2.87289861891
0.759542141915
2.71816498303
0.956623312228
2.20230231817
2.07935110431
1.47204016679
0.4283351836
2.60108612661
2.85059366288
1.89480532933
0.356012667823
2.24369979004
1.11625520035
0.774584948007
2.64154962887
0.157492996212
0.445952473096
2.58365697167
1.28134355931
2.27205275426
1.88802742855
0.405839806855
1.74259399976
0.975860636195
1.67958655363
1.34448832358
1.83688959179
0.567633666821
1.4281093566
2.97477535821
2.53646255914
2.20332816151
1.9583072142
0.227140563707
1.65279390645
1.22037854695
1.82660775057
0.320497436077
2.15127871868
3.05354036436
1.72339345795
2.06430170815
1.36923589797
0.0996520144709
0.892520652435
0.0745576499933
2.31744785085
0.156826786814
0.0924901866881
2.3087389792
2.65504312981
1.63362087062
0.954372994614
0.580218062505
2.7800338617
0.879643554568
0.258973095287
2.25372749896
0.975905860249
2.48033389463
2.84255298015
0.947020860438
3.04501500968
2.197632087
0.880864056192
1.78489727896
0.0880706590304
2.63893527599
2.37964394442
1.6519683085
2.73875804822
1.32134109899
1.74464537019
1.29384674561
1.31925908093
1.3915098103
1.0887031751
1.90978632365
1.24215843274
2.97485231179
1.75601529124
1.97616281143
2.72976977669
0.169027398049
1.35597651869
2.41037358631
2.59699482129
1.19909801477
1.29669740523
0.60141849444
1.38378875484
1.20868409443
1.84834626984
2.09735845192
1.3720298728
2.59939435385
3.12170335401
2.93550194834
2.51532559997
2.33427058229
1.62429589696
1.40089377144
1.91329301378
1.97712880691
1.93858875116
2.24602711571
1.99423822047
2.56414599357
1.34541748548
1.77566352509
0.540121550416
2.55338419537
2.26477783767
1.24861443631
0.107748419087
1.14456924042
2.00344604534
1.64621888913
0.284477307775
0.128026755548
2.06706592849
1.26238542836
1.78458979947
0.834372049651
1.5519188805
1.56188599936
2.19104678381
1.80196046602
0.309662025433
2.17148142905
2.19747519093
0.296429542812
2.32797898929
1.93187654375
1.66863274245
2.73172024681
1.09296381189
2.9683348729
1.59784426429
0.585047556531
2.39469027734
2.28563215778
0.501146426394
2.41243618106
1.09459568261
2.87989906845
2.83189400102
2.0360784054
2.31651184523
2.54637794864
1.79627040662
0.860066981167
2.06072741978
2.90840306819
2.61879229256
1.81714558666
2.46795577093
0.286756863229
0.234491111885
2.92005929357
1.48952497944
2.7458918099
2.65484040802
0.306251590876
0.551910350308
3.04877053951
2.68882321749
1.2948199754
2.73886889583
2.99391845319
1.08709258001
1.76800381243
0.36314716439
3.0582625266
2.03108152503
2.50828684107
2.95413903228
2.79370795507
2.12349317864
0.173853136457
0.909362682693
0.944332167007
2.40170813713
2.77796964758
2.1823808162
0.461263042075
2.73272463273
0.373632506578
1.7259937844
2.41058758913
2.87815112002
0.263424442041
1.12999682393
0.693942458371
1.73850956893
1.69228365362
1.80424855355
0.0974466111313
0.868571540776
2.56878885359
0.0969168242021
1.50959723923
0.0788474275005
2.48148196088
0.148562263654
1.05446690404
2.32918292319
1.0916960443
0.942891009502
0.905316704994
0.742707374996
1.47798330999
0.382680117518
2.32180929379
0.661804556629
0.236627502543
2.03634912191
0.518271983386
0.856626277905
1.95899152035
0.748022424212
3.13588184386
1.63391048852
2.85840354661
0.380294826098
1.75123829606
1.79396012561
0.376948654865
0.701238199437
2.13179638458
2.53045333725
2.1153608339
1.74982164348
0.788292809636
1.69096486138
0.111074049982
0.867153355018
0.818944719346
0.880404874555
2.44273501368
1.60444213651
1.7714205312
1.56183105922
0.0303051901954
1.85971717679
1.29765790177
0.700759327027
1.10206235576
0.0781272930168
2.41097583052
0.469690855379
0.0249695094713
0.940729563282
1.99112884083
1.00891671968
0.0494137687601
2.33166141962
1.86026743235
1.23265617709
0.0806944132209
1.56289406828
2.43507260853
2.20316704791
1.10691924141
1.01933959891
0.498799472026
0.792759968865
0.524071212283
0.557250017517
0.12632970475
1.2974253777
2.55807562586
2.13880841093
0.835095195027
0.0182681584367
0.19533373963
1.48321653746
2.1173002184
0.213719881921
0.7131536162
3.03191058714
0.889938285624
2.19319861756
2.85129441135
1.49988772197
2.11223808103
1.17518696107
3.05961876098
0.669933742691
1.71099928872
0.216335123289
2.60459758774
2.52677933757
0.822845953235
2.31566433054
2.61687369064
1.3456789
2.83790731647
0.537541663553
2.28492892558
2.49758386272
0.550071543496
1.72022078542
1.97160725011
1.47772044482
0.379713774397
1.48647414695
1.31578270512
1.26911719704
2.24116445771
1.07800196988
0.739555841324
1.06747138597
2.06558287974
1.49819223175
1.39179625487
1.46179743081
2.3695844085
2.0874572536
2.2770206308
2.38545895099
1.72372767584
3.11114385922
1.23556047862
1.18326566927
0.890757955461
2.32665057321
2.23724902517
2.46546311423
0.0212740357826
1.73981234194
1.50991878231
1.37892331134
1.04766747122
1.40634790428
2.33949894889
0.273327790233
2.15421710524
0.608695539948
0.517130358968
0.373464275901
2.64358229013
1.42145584123
0.562190762336
2.7809741284
1.97858501258
0.623037156731
0.614687065012
1.89650993064
3.05870695087
3.09098143049
0.880946624176
2.55840178049
2.53084689569
1.77746397087
0.0591968078792
1.63752072208
1.8001735591
1.31434243173
2.03364962481
0.653874384504
1.38623673626
2.75988883491
2.60654438848
1.54218240806
0.869924338693
3.0027944392
2.32134147019
1.01154452329
2.61860136794
2.71900558946
2.54971641326
0.294256479132
1.26277357497
2.85116564446
0.701579078038
0.331658301489
2.276556273
2.48033900858
0.274391839155
2.92940778725
2.4502589016
1.44787973034
3.03488977496
0.837635636761
1.2865588632
2.70706917005
2.98703883536
1.96362214068
1.85651741705
1.87680570514
0.438432926902
1.16751602981
2.93143204025
1.05262303278
1.92756723599
0.0314000781291
2.7310346608
3.12515736187
3.05254808753
2.70548310612
1.05136110393
2.42716159871
1.11555620598
0.638706624292
1.10675343525
1.55245105471
1.3046962223
0.961179833595
1.58401610687
1.58883210619
1.03916971222
1.70607308371
1.57726964955
0.545936174055
0.0186119856764
0.158125678731
1.82475176897
0.888059393094
2.68147162868
2.82690735626
3.06124269398
2.55563784639
0.976817960774
1.3646578421
2.45441176742
2.7563025321
2.06892945023
2.82540464493
0.783116412527
0.441857769519
0.427010355923
1.87304147764
0.336887665167
2.87138516525
0.623222035296
2.79842468295
2.85420621206
1.57289603745
1.55358195716
2.34448222195
2.75393623641
0.355270280825
2.23768648291
2.92498021315
0.432726558943
0.535195863876
0.497156742067
3.03011772833
1.80748486065
2.67293554094
2.68829620925
1.04703091365
2.28416751448
1.43020913689
0.872123707801
2.39707689678
1.31572234581
2.00781399336
2.27708466499
0.582238323779
0.8338898959
2.05314703631
0.575899585289
2.03295160626
1.67394999181
1.13813467531
2.88807698968
0.989453675135
0.309049668687
0.385573151472
0.75462019306
0.81323259828
2.29560087762
0.599389756131
1.23873528381
1.01514225845
2.69568795239
1.20267272298
1.57294644562
2.78001001846
2.40617822856
2.25008335195
1.24191282329
1.94622885645
1.93686692327
3.06732429871
2.01248497881
1.7533178859
1.75298785911
0.53970381123
1.37656343142
2.28958123565
2.20603628752
3.09597597301
2.4898834538
0.118807274803
1.94770428961
1.17232027662
3.11578827123
1.40872199769
0.574614278856
1.74079112024
1.75171239395
1.98509413042
1.89256329658
1.84117506949
2.75825296662
3.11567301624
0.986753774183
2.07666404173
0.159152157178
1.6159038252
2.15894688098
2.60144444638
2.69158792103
1.74022083067
0.624000281627
1.90448807651
2.89069682633
1.99960323233
0.230196083716
2.64988050358
1.49809184956
1.97143275904
0.690219959986
2.9453430038
1.44899163113
2.0714673122
2.43570556955
0.820037617072
1.02464735884
2.49553186162
1.48831158133
2.05455852995
2.50228007067
1.49195885819
1.49222187373
0.0659216970079
0.650149946247
0.428203450573
0.797410038363
0.754186957866
2.86814220752
0.902992327861
1.82486120724
1.48073982938
2.76465012701
1.47742056053
1.52438285076
0.887632444442
1.62070508712
2.81208578278
0.479279839653
2.3100332805
2.49689976135
3.12267354463
0.784336842906
2.8828405309
1.48430938909
0.519369754687
1.87698121349
0.0840499512457
0.588096626882
2.11346422186
2.44416830617
0.833522398422
0.736512780641
0.300489900536
3.09623594771
0.128834579874
0.980001814897
0.212970828499
1.40955776508
3.02220081588
2.25175097164
1.53934059415
2.32627126889
0.755953099219
3.06307055733
2.2640190141
0.50070475274
2.31631837843
0.620915707681
1.65173769665
1.58206944277
0.0355837108492
0.850721190574
1.22015452745
0.0668792275839
2.7632683447
0.249645245045
0.579317557305
0.182325871688
1.86006757437
0.177177568607
1.86097420243
0.408403765773
1.59377257161
0.134203628943
3.0851630284
2.55093916346
0.513845416893
2.29693633463
0.712941470893
0.879270017803
1.92644193084
2.26032122105
2.79501010381
2.80008087764
2.51413397947
2.97438536643
1.0018830975
2.13331467555
0.378250340866
0.656141449303
0.603818620381
0.548921838872
2.29557902786
2.10453286217
0.187624904616
0.281673679167
0.647813970173
1.32284509281
0.628146471408
1.02988760291
0.610358574858
0.946674014364
1.35859400684
1.63771547209
1.72068470661
0.589186777941
0.374082106465
1.05263716577
0.944259434361
2.8996725912
0.292923980492
2.81620972301
0.292270954523
1.04283443212
2.43972614047
1.81857234708
0.855385026513
0.170939646285
0.281952327074
1.61852437661
2.56264611131
0.29645281781
1.40809604563
0.957785746685
2.18864337174
0.0436401038179
3.12504900054
1.58819575573
2.03710716395
2.95440127101
0.149517196719
2.04930571345
2.78318165064
1.50635381641
0.853373028266
1.28254460266
0.0215685803211
1.29163910427
2.60556549462
0.278451701322
0.209879173035
1.99833016837
1.85430091423
0.984981368054
2.59326142355
1.97529990719
1.20258594576
1.96702578703
0.00575349882386
1.49920711123
2.35816277225
2.54043664883
1.04007238235
0.0292664125165
1.12233643144
2.56877464922
1.15696521538
1.71440412651
2.29039712261
0.211650132322
0.539974390278
0.631487408822
2.60471055878
2.11465211921
1.90240468159
0.635308335832
1.59067534498
1.81591311698
2.5648516932
0.0588371146532
1.80692469911
1.76462602448
2.61038422054
2.29485618817
1.44151106459
1.1394774324
2.70171681796
2.11561077162
0.278717491811
0.263532041768
1.56418725321
0.158144795827
0.155196285389
2.69023655449
0.919893069462
0.891032475068
1.62131467662
2.41691222029
2.22063010779
0.247171656973
2.14654065242
0.626388863381
2.77602517322
1.52915172548
0.618113413686
1.69766028362
1.92680964763
1.28902587732
0.757351678251
1.33493277167
0.0150959668047
2.72425008883
1.57003742274
0.993054765333
0.556855837835
2.95819950387
1.93174877065
1.52132428157
1.76602432455
0.337007759992
0.0716020869641
1.07527948728
1.44549560723
0.973962436893
0.114702856905
2.14616646
2.01790827154
2.6189196334
2.65481857249
0.0539460804432
2.62413846924
0.119009762125
1.6234490036
2.37380315019
2.0026920512
2.23196517734
1.60471538345
0.274735065739
2.21119362014
1.53684812767
0.218580423768
1.94236898559
0.080952034969
1.8983729548
1.53760146556
2.6648532442
0.40442548445
1.42154449084
0.711063928269
0.315115235572
0.0371871133207
0.465950497886
2.79056063883
2.62604141242
0.0633774669139
0.825066657269
1.20264665059
0.910907131649
1.14267874707
0.609753343493
1.92516194806
0.903090686742
2.07241561637
2.30134117681
2.24785461793
1.288004218
0.985023164256
1.57404091663
2.71926584424
1.24195978929
1.06566677406
0.668728848425
0.95660627983
0.173862119588
1.05759143024
0.489863293988
2.99320972476
1.63883286596
1.92829442508
1.12914666502
2.31050976741
2.77627064181
1.18321870952
0.0404911788937
0.885428655312
2.30022860767
1.24526951096
1.25176012397
1.4372112064
0.511435875033
2.11717331354
1.17190716251
2.73157306163
0.0915177068801
1.99917481015
0.303541178163
1.59969387172
1.06617822394
0.797152295637
2.82057715436
2.52937511487
0.30315356356
1.65436808771
3.04826885107
2.89753106196
2.28639846924
0.136318124592
2.36156768292
0.754736179098
1.31999756171
0.883763018607
2.29279226105
0.165010426072
1.98765723403
0.35350541035
0.487960789455
2.68439250534
2.97055635106
1.40194445731
2.19645106727
0.622266278449
1.27666496164
2.66543797072
1.77500445449
0.321636239664
1.44256434195
1.08815885532
1.14854435721
0.355428044354
1.43321027053
1.56331532376
0.283064483661
1.98493232909
0.947380240439
0.666684037042
2.4536550499
2.88866151262
1.87037557148
1.25799757449
1.08577436745
0.817688942875
1.54393020855
0.340401750477
0.183950343465
2.78122735955
0.0600556140095
1.07052764687
1.87189533268
2.28926973694
0.736401584862
2.04822159131
2.91942447289
1.6258719733
2.57902173309
0.405491373521
0.00311013147037
0.0943164930329
1.9690433915
0.055577575685
0.579095001094
0.733783755264
0.833259224812
1.9218400482
0.210333709181
1.77415734147
0.719525369418
2.06461229599
1.13047118541
1.6277262378
2.40477014024
2.82407798189
1.59054033414
2.11048257145
1.4186462759
1.22443530458
0.783069918165
1.69271954486
2.57208598041
1.36356654014
1.64014088513
0.283574884143
2.93526965066
1.75074712326
1.53229467931
2.50895929655
0.349789226295
2.89760539795
2.10214155122
0.436878752235
1.17970599924
1.65957914572
2.31839912229
1.37156572612
2.74355379086
0.382983208968
2.17415975916
1.34404902192
2.66193692068
2.04213320867
1.80741864863
2.47124471428
0.58564551077
2.72118258744
0.955523927752
1.13648162223
0.827758775076
0.792861320017
2.28664582389
0.912887062832
0.495018296559
1.92575533631
0.352426196047
1.86894266803
3.06839793238
0.334102731353
2.29392110461
2.61925006524
0.125590430392
0.781945842453
2.38409240083
0.136884436576
1.70123158188
0.337230071749
3.12440949852
0.233825247927
1.35032548483
1.57139887922
0.0140223247311
2.79340696643
2.94357304644
2.63793901306
0.367466384893
2.80814657653
1.46572807767
0.0747146014251
1.17907593157
2.47935971465
0.693213825094
1.27963519914
2.69466167194
2.45705711884
3.03801272698
1.73736642473
0.0835961867535
3.03663020138
0.957871065478
1.13696908918
3.05168664701
0.206481947015
0.790477329004
2.18386372841
2.67988230365
0.706332238024
2.18785240841
0.38658995328
1.92990506784
0.528692052267
2.87596182671
2.20314118765
0.599687352742
1.47113392388
1.92046568029
2.04477413864
