2.6618293996
2.23188479225
1.02992384252
1.09865142979
1.26908805473
0.688844243699
1.43691850111
0.380736028046
2.02890948737
1.84314362768
1.21259405225
2.62454384761
0.313100428043
0.702710537508
2.06748423615
2.25426330283
2.02610983066
1.76019779303
0.0598586199264
0.604411425704
0.0150880469841
2.2337175322
1.26987491476
1.50718758878
1.72057092309
1.51715220038
0.0638461685189
0.6435342594
2.22587893776
3.05147843765
2.73194321097
0.991004789495
3.01222140324
0.863919773676
0.753351177429
2.84922647485
1.55047955667
2.792719268
0.364959576716
1.85379068554
1.66624518296
2.51120737137
1.98841927204
1.40276727398
1.13065866128
0.569183781218
0.590206295177
0.36107959124
1.00472155145
3.13713123432
1.68679335049
2.50686659165
3.12367054223
1.64275475237
3.0378749664
3.03321111183
1.11689626711
0.100037572841
1.34784139859
0.523231433207
0.761718913166
0.0862770985619
1.1434293881
1.33329618993
1.65204458584
1.47891622434
1.89162481127
2.2495493872
2.51654329659
1.13003338126
1.47921460616
1.79513585814
0.952955938122
0.389157030053
1.22471595572
1.18947070662
2.05724787139
2.6245725885
2.25365293072
0.450206110411
0.0826298473281
2.57951864833
3.06704830008
1.85616555139
0.58656100135
1.14478767365
2.38261018842
1.50000191185
2.35055646496
2.47019934643
1.49295312317
1.43463120992
2.42229983765
3.03813495748
0.130320554838
2.02667698959
1.93005702906
1.64150362204
0.647633966636
0.848921507957
2.2432851614
2.38999235705
2.8023758359
2.50431824999
0.449420491588
0.319451399404
2.32868668826
1.01601089725
2.13319523912
0.677856675558
0.64893434524
3.14132914686
3.06166678553
1.21658489339
0.0862490053896
0.841404759801
1.95742481901
0.41564761645
1.55466075074
2.17017245874
2.82430328442
2.18373887635
1.84405719309
0.244439791269
2.75118599337
1.38311183921
1.52928585556
1.63892437528
1.99728222437
2.8006054428
0.549115573031
0.221598264268
1.67137528272
1.13737094764
2.51086312978
2.8549735471
0.0277912940783
2.93977159411
2.5250813995
1.34933090076
2.22049980473
0.250768295858
1.38950418596
2.14489454514
1.84547233688
2.99488205949
2.81715531097
0.504607515796
0.134718470452
0.574987310349
1.99587161145
0.322824276551
0.945681451172
2.94082283757
0.0741497963665
2.08033191405
0.317845728376
0.453103432951
2.45960476097
2.21370639047
0.826908972397
1.33754902268
0.0910896671715
1.58896272828
3.00365849846
2.6553902033
2.33633680656
0.761873329001
2.01360240638
1.26650869686
1.38664545706
1.27596067376
1.73687838056
1.0198541099
0.837055255056
0.63613892142
0.324656144278
2.96391670916
2.51110813563
1.67378796808
1.16358528879
2.00871991177
2.88696443481
2.14366841191
0.200747550438
1.58767257809
1.98115881509
0.904791488323
1.03139969748
2.25022727316
1.41965712568
0.729006788109
0.90302762593
1.70616915704
2.79126950663
0.820513009268
2.46559348757
2.14294867395
0.00204696816168
1.03662653795
0.293213902875
1.32574512511
0.942804949969
2.93076399872
2.75576205169
3.11676365517
1.10241849344
1.38771500505
1.62544813873
1.76757633339
0.430372294171
1.15770679185
1.98699798024
1.08646666877
1.40480951726
0.665263031803
1.06684478822
2.91016008604
0.923070430781
1.51359194593
1.87639169365
1.32967069379
1.70082791401
2.31040419402
2.6390332652
0.860006072082
2.11749688582
0.142136619186
1.36846906533
1.05995192448
2.4716867284
1.73237542883
0.478926618037
0.00930314505577
0.814822728567
2.17224179265
0.652412690709
0.591388414336
0.0411781143558
2.5522673239
1.08271211227
1.48537074362
2.60647202645
2.55217334762
2.74367491712
0.689332074667
0.628776921844
2.4571690304
3.1298616015
1.89425562888
2.55641880949
1.34150309782
0.597314533339
1.27038514975
3.09537650163
0.824599187519
1.92091912756
0.92483103064
0.530606265065
0.327069112924
0.281309210881
2.52271792377
0.341495380067
3.03706087413
2.00004667599
1.18566533091
1.35838607797
1.6600543923
1.2278928726
1.57492720245
1.64308943777
1.44851127547
1.38556449164
2.1610420085
1.24917456933
1.35766787316
2.8569209131
3.13473930499
1.86652346706
1.02728715043
2.44828703651
1.9950754687
1.78724691276
0.203200037053
1.78091629908
2.47539812246
0.795289842424
0.372108236966
1.20886503594
0.426669460891
1.49957816639
0.303443046727
1.6385818205
0.936595960975
1.43577614947
0.529742680655
0.433107603571
0.493456408717
1.60767679004
1.9908681601
1.82149245204
2.58890505161
0.778805272245
2.63905643179
0.576849248075
1.11491647682
1.83191340481
1.8882333536
2.11112401433
0.120602784429
2.34108258754
2.15862312773
2.35016544187
2.63353843933
2.01649597296
2.88014642915
3.05835270954
0.253519898
1.89149515756
0.40126834061
0.555724827983
0.881501318822
0.834077404385
0.0674532071665
0.336605374881
1.26540633832
0.364411528362
3.00939613908
2.12616671723
2.09843791607
2.11221117747
0.00697536409843
0.6736395272
1.17600761864
1.92340547553
1.92349742653
2.71580643509
3.0554483926
1.6834114731
1.34665635648
2.84200729286
0.406484189493
1.54008979635
0.0894840426977
2.19419608768
1.04852843733
1.75198721374
3.03396139622
0.278402861842
2.87953629759
2.39213267585
0.770441975599
2.17213640055
0.59298704416
1.08200560385
0.874788314824
0.208476022873
2.52653433577
0.780494888651
1.5279220866
1.00175839756
0.457451664207
1.7498446162
0.356164345277
1.99268333948
3.05988549356
1.56722687076
1.55710252084
1.1805538288
1.56907833988
0.809182425346
2.71704454463
3.00509979424
2.03613602521
3.05653540236
1.08655358501
0.901542432738
1.8028020729
1.0564190232
1.99749004077
1.00727769142
3.00976158248
1.60287123487
1.14882038985
1.71286702242
3.06296655431
1.77667920353
1.68725986991
0.326086726987
0.871407027485
1.85358021288
0.234888755328
2.11698581748
2.37290572866
0.875976708429
2.52375984804
0.111076583266
1.23254856228
2.87310666335
1.40608370502
1.61682613088
0.596307297426
1.49422402385
0.132849055402
1.41108240316
1.6307641687
0.231354914491
1.34060504841
1.47446406732
3.04847649132
1.39597571803
2.69717327518
2.61030408363
0.0795383453652
2.42433131897
2.0637613626
2.08838286013
1.02076011501
0.66823918624
2.05728192068
0.215569357589
2.48126714548
3.13168044381
1.71461837761
0.148111866067
1.13213546522
0.425675988023
2.06248504532
2.5828078213
1.83542583435
1.59349133452
1.53945376892
0.892059990492
1.62379322528
0.0517726030238
0.768313575764
0.460904879139
1.02777309676
2.69420674843
0.681818392904
2.47922554507
1.57440658679
0.141400040225
2.52456655721
0.0620525002179
1.72156738796
1.73429605768
2.70216433796
0.186458430545
2.79905661626
0.513050534759
2.47511660247
0.553540221387
0.730869587077
0.708690776252
0.665986362411
1.72648556881
1.73312478928
1.37085210089
3.10028073522
1.93191769358
2.0071045816
1.93117179934
1.99380441562
2.51218465804
2.58568294429
0.757427445649
1.22805852589
2.83591402218
2.51312450151
0.577101426291
0.81033808304
2.11062768962
2.24240818344
0.988224148201
2.56355803565
2.14358792864
0.607835140318
1.89900001102
1.89636692678
1.04757990045
2.30134700739
1.35698824665
2.09042346567
0.542671954362
2.96989116153
1.54508792472
1.0840944341
0.843716864929
2.54201853255
1.23747415244
1.64109773763
0.469464824951
2.66971417371
2.09635812043
1.75307225654
2.17248581453
2.84257159989
2.71643347558
2.57320532263
1.50275115509
2.60145950906
1.29761993551
0.818027790059
0.765273078518
2.28995801141
0.908229035586
0.759707573554
2.95930420502
1.79676696185
0.144084305227
1.73602181605
1.61102877094
2.3391777748
1.29741373243
2.44163163331
0.335510801665
1.8419488817
2.52712657061
2.76766599631
0.547485104793
1.84708947088
1.55940484887
0.685858448884
0.819978592855
2.71725726733
0.609959327084
1.10825061353
1.54146576563
1.42681007081
2.63005205776
2.92058888593
0.142368907954
2.44052186913
2.9453551168
2.16295426137
2.09793733478
1.46801268226
0.151177207508
1.71724325024
1.83312522766
2.34789368844
1.88958658019
2.15423613542
1.29580020557
2.37984796713
1.36558646281
2.39359218455
1.69087966678
2.42661430974
0.712663167972
2.08203630121
1.75851554279
0.235215415729
0.061625330993
0.734728608992
1.2367891351
2.14719516813
0.948847833935
1.81683406503
1.50649738131
0.948737771777
0.698531575262
0.377604955632
0.193064177876
2.12717893983
0.177657733643
0.545149202388
1.20308859553
1.6348698435
1.26292224334
2.44490417399
1.82057111741
2.54284397289
1.00350109888
1.78034296012
0.951670881849
2.0847246205
2.71955141045
2.85825221185
2.9884788867
0.506383476609
0.616990355586
2.69578908882
1.63387527513
0.884771346659
2.8076697541
2.76496592421
0.495994860607
0.0276785637147
0.0469718509363
0.124640544397
2.07098997544
0.157793108619
1.80023347872
1.95102238089
2.07696650171
0.496219332563
0.133544685663
2.76566228088
3.093326057
0.682443938041
1.09002349674
1.17099049389
1.28404106861
0.520810480593
0.806264194067
0.848950615669
0.815494814294
2.02475035792
1.48305824225
1.11730687275
0.588919027149
1.90267191886
0.920808154074
0.533870468402
0.513590720465
0.422260423473
1.90472186708
2.9728000845
1.15101730417
0.828050480408
0.859208930995
2.13590281149
2.35324306622
2.95862147716
1.41809005441
1.59767918858
2.20430311521
1.66146997036
1.39199917073
3.05958531932
2.89354641818
0.223151125477
1.14805201981
1.78366647973
0.405290629319
2.62889865766
1.68432340562
0.194974757219
0.346065735805
2.10986708599
2.00999669471
2.85411882708
0.534916366615
2.20115196086
0.484180752879
2.02601022543
2.14457904132
0.89691756915
0.558314658013
3.1380471359
0.0941600193868
1.43814549087
0.483853589771
0.802660067187
1.10842690904
2.36273478889
1.62772626967
2.57726424791
2.61723513486
1.92186328322
0.260596420881
1.05066495539
0.359651306649
0.943425615787
2.38221075318
1.67395430265
0.483347083329
2.74745559514
1.41299658586
2.8623029117
2.25224637698
0.0686509915792
2.50046626773
2.62592163063
2.4218892465
0.27051001505
2.09737723514
0.762151694592
1.70634677323
1.1158679919
1.40003645916
1.63884591357
1.90892069786
0.396963154506
2.46290246114
1.10851571988
0.110517658024
1.6895372672
2.14556088078
1.6472643256
0.182664514137
0.64427770272
0.386979356422
1.3371519249
2.73964807984
1.80479208315
1.60901447198
1.36344842752
0.784920342275
1.11424889263
2.77402745698
2.41284764236
0.138491403514
0.0505636514587
0.807276944149
0.60174118915
0.191638235594
0.423788700656
1.32696306386
2.60737814544
0.956803530342
2.43993559281
1.46895718649
0.0856791803152
0.815043121121
1.2793792581
0.311514250113
0.516551092739
2.17428890107
2.60598719046
0.579153438104
2.40940196813
0.0883189128894
1.37547586432
1.72487262453
2.1644694443
1.36078817286
0.00875719086376
1.63273188672
2.99695973789
1.36462886167
2.43631097909
0.941805050742
0.416295117084
2.53472616659
2.18989776895
2.82232708645
1.0757828367
1.55938121208
1.684757131
1.31438531333
1.74650348209
2.62553886266
0.340864928415
0.986280702481
1.13500831671
0.456931307515
0.480328380679
1.15983540348
2.64636112055
0.127075087169
3.07986279596
2.1027917266
1.13811587068
0.607991945592
0.942057198416
2.10038582697
1.28015293547
1.27363842977
3.09324426698
0.0671568793185
1.59259456458
1.46920803791
1.36469125856
2.49922681945
1.68889926714
3.12167833193
0.905464373975
0.0190798069426
1.07874928533
0.970876401337
1.28341622472
1.81357230469
1.20988734996
2.67299498263
1.6942449573
2.35733069681
0.497878923137
2.39288377836
0.00904859726
0.993320472999
2.17287707137
1.69087764915
0.00844245446063
1.95960782575
2.7306892027
2.98910916233
2.89329329857
0.672760946746
0.603261994904
1.81186297535
0.355898388559
1.64080843359
0.572271404457
2.43732699083
0.838263973536
1.39389161177
2.37226074086
0.74431764218
2.82330320958
1.87983466289
0.839740659584
3.05823209332
2.75154574353
1.49298058789
2.30100026186
2.27161295907
1.2543868853
1.30008743511
2.38716690943
0.993201747209
1.57106098672
1.99694016283
0.580910452393
3.09436679482
1.55983746447
1.92816556666
1.63024692243
1.77499773208
0.936074828597
1.38416802132
1.71505086163
1.94526483145
1.90372552659
1.98458115969
2.85104083854
2.60789283758
0.0072401850639
2.34726138734
0.527954502023
2.07281783338
0.569445318531
1.10748715333
0.0637219535593
1.67831048718
0.309449687608
2.29743900567
1.88816137278
1.76424050257
2.78636930804
1.08035375602
0.901083463046
1.82933682413
0.816984464466
2.2971078347
0.880051570534
1.65952924725
0.931973625908
1.96011029827
0.177683012369
0.697702362311
1.00276587191
2.98976672081
2.34159293491
2.97189080573
1.1153130512
1.06798159072
1.19601674277
0.751802544195
0.76479792598
0.667254007011
0.357473235101
0.144189289816
0.97637256481
2.89340124938
0.896864072713
2.84021489589
1.69983723075
0.278275644567
2.76139937189
2.85258684556
0.364118782238
2.96544556287
0.862787689047
3.11747647596
0.872123069215
1.51991989421
3.0787756287
2.57563236632
0.993439690789
1.83756862389
1.43083587359
0.988778086236
0.796729862278
2.04441081033
1.71223620923
1.58228049848
0.289801206796
1.90504945677
1.04365605299
2.08812319249
2.06269490794
0.576367884613
0.724342985059
0.142695229469
0.335385776403
2.32667549958
0.744673935943
1.27689830955
0.631702902142
2.3829919272
2.20305293098
0.57300278649
2.30827419879
0.105134945788
2.94228948838
0.827591070761
1.06194737309
0.274807138288
0.686212619086
2.52860498447
1.19845466576
2.94380844185
0.226344238123
0.812391648357
0.602722836197
2.03693080049
0.351341980648
1.16658301472
0.427968118583
0.571579915513
1.27176360542
2.19535282074
1.95213295176
1.95350494462
1.14124170827
0.900629755285
2.87984211789
0.571023797684
1.3119276424
0.707857598576
0.0981872866892
2.76824850958
1.70863140047
1.08068532699
1.90006892168
0.41155796296
0.253820222706
2.68836705974
1.77183296467
1.12927887004
2.68916328226
0.493386579229
3.12185398762
2.66337285008
2.14188580388
1.50160781532
1.76868310236
2.79581515306
0.33242776019
1.1528629046
0.929118786483
2.45669067081
1.92489288798
0.3364810355
2.24218221752
1.86595995525
2.23796253004
0.676200260457
0.27145133998
0.0598802557668
0.761783339326
2.02272250574
3.12091259259
0.232562782187
1.80756942778
0.731076646985
0.974689324506
2.33271594008
2.98153399285
1.47681563486
2.2169778478
3.05669028331
0.491234356616
1.40726764128
2.34127159565
1.85479984161
2.28007303298
0.6726234526
0.752544261999
2.3266502143
2.61072641085
1.9609086058
0.169351862221
0.629644681517
2.37482291074
0.970901102917
2.49601134386
0.972932078648
1.173233803
0.972253730721
1.20064672035
0.152370720692
3.11556669583
0.281003723623
1.55601312834
2.59340398058
0.874023906044
2.54692349818
1.66798324366
2.80359384015
1.5261082841
0.392003542933
1.5914880829
1.72960073458
0.580703026181
2.01596583247
1.61236194253
2.59542321559
2.27569154712
2.31627751259
1.4303881575
1.74863038272
0.709045708487
0.265114954913
1.21266500103
2.81486596654
1.87012977477
0.483914699085
2.54754806407
0.90938740864
0.658600669002
1.8775091615
2.98499681827
0.530446276432
0.526439435695
0.908640997101
1.98210983689
2.6317585612
1.05754664357
1.61113398209
3.08117957212
1.22335641299
0.243257556396
1.04361577678
1.50973842219
2.1071233472
0.527793265406
2.918072464
0.254376465088
2.25704961938
1.62221539444
1.38367042918
2.36685996099
0.221979481157
0.312330020666
1.01274750916
2.37333795249
2.55429763184
1.22446696677
1.21682096143
2.04486375254
0.345977818423
2.31109519915
2.77457067264
0.707291384614
0.750807778489
0.504993653089
1.93576854331
1.97816156337
1.26123153353
1.9662163943
1.210237142
1.28593535353
0.534213183993
0.1148260519
2.46220861573
0.637180417417
1.52340455228
3.04355725613
0.803140919399
1.30652313422
2.33893019239
2.02887091109
1.41324015589
2.48480326066
0.635884549021
1.96582084371
0.123025634001
0.723279832054
1.03642002789
1.79105972696
1.38957956015
2.92502625741
0.82346680531
1.96841750222
0.818091912362
2.5477061305
2.76814676602
1.78940755776
0.537430892532
3.11055967182
2.45069453176
0.649260431117
0.826080910934
0.191492939046
0.971390315171
0.557268485867
1.04438771798
2.16283233148
0.560506837641
1.49316898399
0.769926105419
2.5056283937
2.9819930363
1.08129330944
0.265574178052
1.63618553338
1.45747320371
2.96925984347
1.0875753252
0.875176414991
0.130954233574
1.96904048187
0.0408599184208
0.566955521728
0.00662603913154
1.58195355252
1.48916399098
1.7846346509
0.704050918869
2.6927758064
2.90538271466
2.10469480354
0.280590352512
0.970427490453
1.3235667312
0.710521563268
0.10004002613
1.10712462224
2.20763612688
1.78176732977
2.54440022692
1.05851439017
1.49343314968
0.272056923924
0.203828630128
1.46101630643
2.49722434659
2.331808063
0.735265694851
2.88094136292
0.195761151776
1.57708539936
0.981357631708
0.604287808677
1.15449869053
0.00419608528337
0.479305581075
2.68777242603
2.07828459578
1.68572942305
2.75429997571
0.0831042382128
2.87032334282
1.00809222335
0.180046935402
0.297696804275
2.48355757043
0.440135954205
0.35497458376
2.03972941606
1.03947424397
3.01948092527
2.41258387021
1.21167718788
2.34152862445
1.50241330065
0.00989113216368
2.15037522491
1.15567206802
0.657167388153
3.11805138114
2.0811668303
0.405574299663
2.81413713519
2.81075710508
1.43943084059
1.04119315529
0.924998704069
1.21502174393
0.287223873036
0.452972544367
1.36179478449
2.87457521291
0.127085135231
1.75027376628
3.12150679601
3.09173703709
2.79542943764
2.78193839862
1.05706748974
1.35498006086
2.79178317934
0.217153101678
2.0552902055
2.28187308795
1.34158836948
1.6052417514
0.0521028335344
1.39092435129
0.590894922965
2.50231543525
1.27727068681
2.77865419361
0.982687748532
0.747352590207
1.93359287202
1.32943240479
1.76623991362
0.0539126077984
3.09269137924
2.9455207743
2.76158508057
2.27074620988
2.35959717445
2.30865754051
1.44328927841
1.51539067269
1.04939846316
1.42494564016
1.08697952522
1.79607300763
1.93802217836
1.10483872891
0.137482664978
1.34002372085
1.63244281066
1.63087852357
0.349850345753
1.12881914024
1.75522248021
1.41276533677
1.27254418588
0.989637936523
1.88585820309
2.93411092447
2.14703416286
0.569765570216
1.87466228451
2.00792063746
2.116451321
2.27912508532
0.638567867787
1.09564209162
1.56380773224
2.04290527238
2.62527700865
1.21120237694
1.59225488322
2.24630228269
1.71053556674
1.83424280278
0.985986529458
2.29485894363
1.88167205218
2.5426918145
2.47648225241
0.341528544321
1.52913604415
0.309361598524
2.01683291397
0.802903236422
2.95520447592
1.26052427236
0.0635810944153
2.76619476932
1.69093092947
1.92657767606
0.395061682779
2.00023152234
1.73370099174
1.81145710662
2.04230247523
1.79866834576
1.082176716
1.23085638834
1.19772357489
0.223797730978
0.153405550768
1.62850935273
0.940355551464
0.769446137876
0.446256897059
1.39896350765
2.73565760986
1.60974200568
2.08454072274
2.47386608444
2.09543988779
1.6459816244
3.06079952972
1.38680253917
2.45560170125
3.12942649483
1.07182540647
2.03096032146
2.40803628233
1.12644231902
1.73747383957
1.68427893591
0.154607756446
2.99444338637
1.91897872596
2.53671776496
1.42215907023
0.576137284294
2.43385587828
2.14967903687
1.40570953232
0.867188255027
0.169301989925
1.57978034313
2.12769795371
0.648148838626
0.785453260052
1.34910393556
2.38054078308
2.33644171417
0.810342088503
1.31121695042
2.46688763039
2.09244365488
3.05170432594
0.509599686438
1.71383450165
2.54112811328
3.05963852952
2.04620081471
0.771531970751
0.0359627417907
2.54631550339
2.92891804894
2.68815724356
1.73935962143
2.70609831616
2.04489249169
0.684565288735
2.11848865217
2.09728878304
2.47945163999
0.172547039976
1.28755726411
0.63999435942
1.29193857171
1.87759305282
1.57666553668
0.0785721708738
0.950887919466
1.93793542606
1.65673599283
0.655537693757
2.25515696575
2.94654783023
2.40979949257
0.989129052841
2.46797814953
1.64525071827
2.87878048262
1.47912536345
2.56405570038
1.62248223217
0.169673589783
1.76470284162
0.282613798473
1.4586804899
1.40571812605
1.28844535433
0.273390519501
0.0502054339467
1.48165051935
0.376507659243
2.01726392006
2.31014829061
2.34312839434
1.28302135475
1.44429462113
1.58620247899
2.38308754575
0.711545179603
1.37304685623
1.14287396938
1.00372242653
0.832379656667
0.216113872844
1.70268505397
1.1818813804
1.91281175525
1.95094566914
0.393318680591
1.19992069489
0.504068262209
2.2918908409
0.677030903282
0.854247303967
1.3602553843
2.14692234109
1.39441445483
2.34477618692
0.0555957926952
1.39505044308
2.77335904375
1.37875798776
2.43638990143
2.18762288173
1.23648170796
1.52778165693
2.50245470026
0.351267777891
1.39842625116
1.80888791337
2.47642532923
1.02817090869
1.71980007502
2.12153825329
1.33769749221
2.91068704521
2.2066557457
1.94447171808
1.43665263292
2.18075734822
1.10828941414
2.70589863923
0.157295200062
1.68340199323
1.20458398319
0.0613957324389
0.190127926323
1.30012686722
2.25128940599
0.976291475807
1.4725920747
1.44089555455
0.490617997853
0.971668694863
0.456531551198
0.788280588626
3.0429697825
2.50238871609
2.83006396492
2.27141132277
2.63489155403
2.44284729101
1.73148744093
1.20902676376
1.20623491799
2.06376948756
1.15101368935
1.82882768702
0.548290289501
1.62098040811
2.09925563523
0.993819306599
2.96533176339
0.0764239560233
1.73459250452
0.832944150585
2.49676270548
2.19835959585
0.600496645748
1.55511574962
0.722030649705
0.348660645262
0.73845478599
2.06941926317
1.80909908968
1.30495824716
1.34389283528
0.478827775221
3.0074829556
0.450183451573
1.85784167713
1.32148772706
1.81514060617
0.452795993128
1.68465389616
1.03059590229
1.1722166693
3.03294868369
2.45783682387
1.61572796445
0.158506217027
2.84092890852
2.66488859512
1.33809332591
0.466538026139
1.8141973899
2.28404813905
2.49745556286
3.02665149473
2.72269666139
3.12453226875
1.62936662996
1.03972989253
1.20601447169
1.84471436084
0.105032940909
2.23714580343
0.505636882412
2.1517648448
2.28935102089
1.64116267051
1.40299794985
1.18672285316
2.75565403089
1.66302705813
2.91734989675
0.0723039839061
2.69263756446
0.501130116451
0.445357818991
1.50868011695
3.12736594581
0.868693890957
1.8400057755
0.701383058306
0.744315933208
0.591622823198
0.701881873751
2.24502441446
1.88621172214
0.115414683573
0.807458330797
0.694823837381
0.634213795721
0.927466991426
0.815904304237
2.41692858188
1.24222492404
2.26995882761
0.935826188385
0.656418801292
2.39639834932
1.25117479408
3.00677019855
1.92762019746
0.479414605879
0.593749445133
2.58539812293
1.98491663633
2.35003474107
1.76216040137
2.81674357074
1.21149622981
1.14366680715
1.28194656058
3.13354951207
0.403768504858
0.629816750907
0.13683877289
1.2038859858
2.52684113669
1.07959915924
2.33785257171
0.913114587084
0.568500711527
1.25032460594
1.68859368536
1.60776744002
0.639059750433
1.57165364701
1.69065858618
0.315594218829
2.38308280679
1.412088732
2.6954106713
0.409840188674
1.81326391091
2.75761992421
3.12875459193
1.58296042988
1.93396376789
2.82043830439
2.2518859919
2.75027684101
1.02145432334
1.19386643421
0.985807316931
2.78911646972
2.00598188228
0.980249661174
0.874752971214
0.803766083176
0.67224430624
3.07071033092
0.929833854936
0.876242702629
0.3078594495
1.55986996117
2.45778123599
2.77286868758
0.307260105563
0.153666647217
3.13427319045
1.97753053401
3.0514726974
1.05783264118
2.51913511378
1.95037092726
2.80177339933
2.23482593067
1.85022602238
2.08002458444
0.226710240833
1.5125643147
2.47835225112
2.25754538346
0.423206469964
0.70386920647
0.511876022676
2.19422112819
2.33225575302
2.02753739758
1.76663254222
3.13717750907
1.2984059865
2.77059120927
1.96171799576
1.51117068998
0.289150885185
0.997505148461
2.50627119842
2.92547428655
1.98236899401
1.52811578509
0.724842429813
1.4317059513
0.893619162521
2.36980628389
0.255872935783
0.564821277732
2.40782385309
2.89057691682
1.93576870442
2.95698535034
0.259569316582
0.632250658098
0.720144565676
2.08892062663
2.31216718476
2.00934190191
1.18174350835
0.250995883211
0.833455776849
0.54396017381
1.86940817634
1.37279186761
1.88769311624
1.97121963164
2.71339388743
0.854170626318
2.74874094876
0.35623796683
1.57929890277
1.95055063618
2.55975062635
2.47844549236
0.0405978630845
1.52573911261
0.427769546096
1.37779095081
0.422842634069
2.61775002563
0.127582989875
2.9738414893
1.8256717408
0.300712164002
1.9646535735
1.37710058523
1.28692025644
1.97314161272
2.8879437816
1.93050452142
2.87166951024
2.22143568663
0.147801756158
2.01909882212
0.856217263648
1.82958042258
0.453431088179
1.08155906537
0.955387699109
1.70485700429
1.18248939893
2.40734181525
1.69010625692
0.804391535742
1.58318221483
1.06184861062
1.69854469969
2.72247001459
0.734719518228
1.14204831021
2.14470747947
1.87710616666
1.56550299203
0.767213961742
0.639410238106
1.33731205982
2.83168566766
1.43788159162
1.68476278201
0.954569079814
0.592528899465
1.39005673548
1.46497946194
0.931408692028
2.67054013397
1.36904981768
2.45185868207
2.42867549653
2.17762352088
0.487871137288
0.244307267772
1.47765168058
0.745375851438
2.05386691998
1.20581382372
3.09554805163
1.65823546458
0.858570887381
1.69349411595
1.51970984674
3.12188738556
1.30826529205
1.36710801809
0.47267670222
2.02644733419
1.7267066229
0.840427028412
2.81851268781
1.41336988187
2.64430876106
2.64586224675
0.154628328966
2.0623368937
2.99994027113
2.97102568111
0.458243872042
2.97257134523
1.27688441959
0.807105262552
1.02746838847
1.16249186069
1.73685244835
0.00431539847958
0.882183658045
3.07566158277
1.25466397852
2.37746035047
2.28904131049
0.0500539552353
1.74817643651
2.2472976316
1.31027308618
0.0896347394622
2.13844563524
2.79639923186
0.427283042931
1.90507679067
2.76868750999
3.07125288305
0.441642888941
1.74705515345
1.04792629631
3.11272136861
1.78147515233
1.42483868578
1.72184577126
2.69189190302
2.5980294549
2.27910400054
0.588405969928
0.906055368504
1.67382870718
0.458841450858
2.84029882628
2.29815549009
1.15608537003
1.45617841538
2.08114287183
0.936327766805
0.0990234228381
1.74338707314
1.17254928686
1.93144708123
0.0489227884338
1.58154951128
2.7048567231
1.17227570103
0.417329155979
2.3421203617
0.920727207677
0.125969838447
2.48159172435
2.52566497228
2.30617323412
0.221547271747
0.170067661318
0.389971851563
3.10736470896
0.0402184254914
0.22620624052
2.86655767528
1.59214579121
2.37674700588
2.17253236696
0.200521026113
2.53364449469
1.57199527284
0.154166661816
2.65938246771
0.695019216735
2.76778877992
1.39101784886
0.20708964285
2.81354318507
0.641160088737
2.64499284668
2.23490960304
1.08230735026
2.63933749318
2.19883316201
1.25217259705
1.78226050059
0.396480345653
0.562257042503
2.01558464332
0.53727295443
1.9000788558
1.05253181965
0.472986779196
1.16554283291
0.288954468636
0.819736887294
3.09181704251
0.843056115284
1.66588211477
1.9768992424
2.68360846647
2.64332658463
0.270712799168
1.56936537019
1.73994000245
3.03780730313
2.11373097478
0.740406514359
1.0191044236
0.516821645082
2.12656928171
2.34719901728
1.50853321313
2.33383495973
1.2872695334
2.50494115586
1.07770477838
0.411905349057
0.277805934598
2.64687218461
0.327052906958
1.05586465112
0.774817972836
1.10767085535
1.37934153264
2.40950422789
2.49585092091
1.51153753008
2.70069396096
0.584468481336
0.11378285753
1.63187616301
2.51118938833
2.58811280407
2.82139517484
1.17920933121
1.11863589909
1.25392675624
1.87890240768
0.440900154952
0.917729709909
2.93795544117
1.27682743288
0.503329233571
1.0023369679
0.510923543652
1.46255822786
0.751976258466
2.01857495253
0.105987833826
1.22023774997
2.07374141288
2.96142571194
1.49683069661
2.04698731756
1.31869677525
1.54424823596
1.78451809614
0.0982103685877
2.1136819841
3.03784340478
0.54927789724
2.27585013679
0.345905162119
0.774687935473
2.99932669772
1.23229335063
1.82748010782
3.01123183128
1.49951451256
1.79722646156
0.939034263366
1.90168714297
2.19850014331
0.20389590033
1.25123370822
3.061142435
2.5163541847
1.11255484934
2.30434496453
2.84242933441
2.37298517395
2.29025319619
0.620031712029
1.21672904003
3.04243493644
2.54044719584
1.68283561616
0.121442157667
0.251704872391
1.85492810444
1.03892846547
1.3409450214
2.6129339798
0.183254391496
3.06148798959
2.16346240649
2.53893914991
2.40237674976
0.965818354098
2.12358378972
0.320731622275
0.926460801061
1.17080317033
2.90317976784
0.136987752504
3.08711538151
0.672711233202
0.639858226479
2.36415364526
1.34377651539
2.35548888508
2.99221475345
1.85938167772
2.22540798889
0.120719686562
1.81856566681
1.99055995423
0.968158578981
0.164429036625
0.23477896604
2.96146871379
1.64421354778
1.20154763169
1.54822938562
0.563517007227
1.25950235854
2.1802098618
1.67262915786
2.18181607237
2.7478852388
2.75924039408
1.36462836692
2.58508879291
2.58565760335
0.6762721514
0.0234667958516
1.07138789541
2.56807329303
2.49456635259
0.898051660212
1.16249519115
0.638722318148
0.731951829038
1.21962997097
0.193889093855
1.41212625924
1.00193353481
1.54605439344
2.46138098963
2.20411180157
2.47526419804
2.71627585841
2.82592663547
1.39861247068
2.65300526683
1.83549725596
0.560970321123
2.04458813048
2.48750669559
1.33544983365
0.342498513424
3.02396893768
1.89374612995
0.0687743192005
2.67287897991
0.523869010056
0.294545533518
2.96749202243
0.211717254877
0.63817243216
0.793450317642
0.907906045829
1.4549264795
1.88627689456
0.511939751958
1.98499939337
0.961801000101
1.91483425552
3.03492778832
2.45780950953
2.82928584014
1.37299075153
1.63587238234
1.66788942513
0.734266424933
0.803502598486
1.32102058261
0.379520583203
2.57429384085
2.41009833287
2.37554578615
1.83887208426
2.74444316224
1.47224207441
0.954517582918
2.6075566397
0.998004942147
1.16705211354
3.13193329168
2.16561180307
1.92761082729
0.174510799412
2.27376175242
2.71777611726
1.48318408254
2.74799939871
2.65109963468
0.952228736239
2.71217509746
2.25434420857
0.23425392212
1.08206792565
2.77976249761
2.29486544116
1.42596930075
0.835685312361
0.0823318224913
1.5142257617
1.58165080021
0.930080206841
0.433720314558
0.589181476346
0.732685633722
2.91282891771
1.5664431644
0.0680179424801
2.03157792882
0.285314033581
2.45295140244
0.151807167674
0.212386788732
1.64128346052
0.43660096816
2.13196511774
0.337421887803
2.19111258565
1.6053792187
1.9526526842
0.0509386646236
1.92202602907
0.391280935363
0.0493443466264
1.04195061018
0.869826536652
2.54151889304
0.233764476271
0.44247961894
2.11536081338
1.81496028392
2.51828903851
2.70494372167
2.89421675819
0.143736501101
0.304471870136
3.03104447695
1.9556304985
0.402548405318
0.0989909124049
0.568816300249
2.75808974133
3.07093968707
0.227404122529
1.9354844428
1.83496124293
0.542140941705
2.43323283581
1.66423199652
2.43949812657
0.304798830072
0.86014404267
0.568193568836
1.42010978783
2.00117452825
2.37157522252
2.13786853547
2.13622747897
0.169887965599
0.811530058577
1.23061181235
0.379891597611
2.19649716781
1.65244446954
0.0963572678927
0.774342089855
2.32993736957
0.913891005086
1.00661664649
0.606050239932
0.672328332025
1.85335533484
1.47028247086
1.23957247901
1.51480350391
1.66719177879
2.72493173414
0.746827419259
2.14009253729
3.06528572045
0.181377424594
2.42536116193
2.07959216567
1.62073914865
2.34499130206
2.95925496783
2.766805572
0.484156537038
1.57318446648
0.801845628997
0.977397463033
0.566879813222
0.350926782056
2.7680924617
1.14878726249
2.49252324549
2.79853984306
0.370166699238
2.92344017326
2.77876305406
2.83890528104
0.327577572298
0.927321546547
3.01525480576
1.65163907419
2.72297650115
2.01323812813
2.47799723129
3.01420602384
1.61124121929
0.507805932898
3.03113619719
1.75896855075
1.3605710853
0.737484441181
2.23165081992
0.498298669028
0.0306233730795
2.00644868079
2.202303961
2.39100013533
1.61139097853
1.06262614181
1.30828683721
1.70988260115
2.12718304316
0.388514783382
1.29119253081
0.501121601555
3.02397996253
2.59723175992
1.66123657798
0.333297759245
1.0831086937
1.41937207226
1.60803483458
2.34093775213
2.27359677818
0.248803015031
0.141409079813
1.70525401662
1.38318408091
2.41339411061
0.19364095079
0.253006833029
1.73829811153
3.02388212493
1.78064037271
1.10641116196
0.751926693594
0.441674265956
1.28277628946
0.322327890035
1.83216793605
1.24468698048
0.189218338795
1.05352355858
1.79425026106
0.646027688072
0.202803291102
1.43004935962
1.56786040916
0.0681814674804
2.01849888538
3.03429093698
0.925451654646
1.44350247655
0.313734787342
2.23306430214
0.00616888394683
1.41089276591
1.88176650121
3.06369245377
2.71496453064
0.612818417883
0.519692287045
0.786798389939
1.97914747338
0.0404066731374
2.8153916555
3.0925019001
1.88185884926
1.59538205576
2.0334682659
2.4621087015
0.20861212066
2.2557501854
0.101744192963
0.640259424135
1.51098368026
0.0823283845029
0.948105146667
0.611342021285
2.39483593328
1.37478467722
1.92275854739
2.04027330972
2.22476452457
2.73618175074
1.46893532419
0.94112967203
1.90862389446
2.66981330648
0.73014194836
0.851709737029
1.67232053012
0.776031306556
0.126546994439
3.07000903737
0.452072904639
0.277345223239
1.21701810718
2.83074013913
2.87042512482
2.71692757785
2.97937087913
2.23553651854
1.36385811791
0.356164956086
2.66278055593
1.60931568286
1.30778558681
0.0329471600918
2.16246039152
0.250625762226
1.4299519779
1.35383678538
0.272333568311
1.49140570059
2.9147895719
0.319331126925
3.1198873333
2.84480071044
1.93308953167
1.25796436847
0.177210172442
1.54799913871
0.808936089552
2.58895305191
1.00054367043
2.55439308108
1.66688111818
2.92751347456
0.94522058021
0.889736781897
0.786285029663
2.58030636831
1.66490187673
0.447658575396
0.845510797793
0.251501728349
1.14913641055
1.48207194576
0.191237068236
2.36160905669
2.51153567719
2.99906058139
1.1775198346
1.43399870525
2.50616619582
1.15256236486
1.16161609877
2.54658202645
1.56105955436
1.11102507723
2.60530019371
2.02786378128
3.08484813152
1.60704214682
1.39199140391
0.0279531841968
0.165846368943
2.63209013377
0.705854045425
1.45019837889
0.101420675753
1.54146496601
2.21396469365
0.0983264785349
1.98089390746
0.0123592198117
1.78456189282
1.12815381579
0.730224410046
1.94350573564
0.587501612975
0.43237740246
1.87568383676
1.04977126473
0.11273424238
0.679613582629
1.36965498563
3.03742268337
0.8202759324
1.22038542763
2.51512629233
1.78650349258
3.08224033328
1.18968020623
1.04268218444
0.825659815564
1.17384159557
1.96043960818
1.7940959663
1.62414690853
2.29632036746
0.887651512686
1.02890255479
0.515927016944
1.44210237837
0.0249792909749
2.00128681664
0.79190419657
2.14098912978
0.162602997808
3.1318444524
0.203094635731
1.19980926938
0.523553668603
2.33273484147
2.89936372506
1.64823083144
2.92023857724
1.23829202404
0.896041017001
1.89597262488
1.65542086391
1.55920669246
1.41319441115
3.03265628172
1.15971711289
1.15380536634
0.637175316215
2.87725343131
2.90628628482
1.42866375526
0.392852834519
0.128049428319
0.323474336794
1.60103599418
1.11487386808
2.41059531219
1.04799244023
2.55199204102
1.51011634693
2.93951550774
2.30791031418
1.59211352944
2.23359370634
2.86252347124
2.18809996326
2.2881064694
1.86771294159
0.57033277279
0.264057393234
0.952395249303
1.50212933911
2.13360078083
0.391449173193
0.195622066016
2.29126509198
1.56454205789
0.450418168111
2.08219120656
1.32852433585
0.889047156855
2.26497640286
0.787832903026
2.65846968418
1.60753039067
1.28643314908
0.865779291743
2.77039867085
2.21098319666
2.91259005043
1.2827371071
0.195404589237
1.76967649101
0.0834423401361
1.93367926617
1.96541816018
0.836669480902
1.70536379955
0.873903397168
0.978391022851
3.10557775947
2.13297632294
1.34394055082
0.369399265995
1.11091050642
1.26017525875
0.770455191291
1.83068853701
1.7078919443
1.22740217068
0.129529250639
0.131129912087
1.06039719064
1.08314581901
2.30047377859
2.36494258266
2.42219355797
0.899871518515
0.587803384556
2.33651670175
1.08384887939
2.81798304406
2.70383317572
1.59986862016
0.182012339505
3.02396798365
0.0946075242921
1.77462562014
0.752511372549
2.29210228519
1.77850466924
0.797259082465
1.66816642404
1.79721591652
2.70277665884
0.812560779917
2.46892196359
1.86570152774
0.780840218912
2.35256926423
2.04883741453
0.805137246471
1.12363614066
1.76107933414
1.74139348528
2.84048372403
1.55108420053
2.65019185043
1.56901791918
2.62371644569
2.64987505135
3.03798562346
0.4961329681
1.20994096496
0.7370946892
2.38168323334
2.33874728032
0.997950344124
0.294749477509
2.47927069738
2.10213860235
2.70573129881
1.76162473631
1.67998857129
0.403870360266
0.947677238972
2.50510422852
0.749114171266
1.40992925342
1.76812109632
1.54467235888
0.12867317216
0.776105891424
1.39970935069
0.164094596772
1.96167366864
2.5360523196
0.643725533825
0.373192332595
0.795721242328
2.30034217962
2.6893917277
0.702027067549
1.43015490425
0.334908748477
3.11664683028
2.24184268563
1.96669938463
0.769106228509
0.130648514952
1.30161194464
2.23752673814
0.233499951682
1.12623899243
1.90957655803
2.29431481245
1.79520109154
2.53575048686
1.37802786324
1.14417508399
0.955351932985
2.95152305778
1.21964264802
1.4580657251
1.84649033212
2.37494840647
0.721097958866
1.75785267021
1.5570769119
1.34435999307
2.72988082884
0.802953946222
2.04373115503
1.91849280645
2.2967511664
1.22603758821
1.91144539841
0.863851445362
0.632187419483
0.913065146402
0.615565192647
1.19149317733
1.94171443498
2.2649142109
2.60341261074
2.96496426425
2.6037919797
2.60482227729
2.13330114935
2.46963729941
0.245416031041
1.71740528475
0.848313929751
2.16952437182
1.73794396305
2.97603431527
1.71824463086
3.03339504375
1.28514591379
1.88048792821
0.328065777223
1.45779371035
1.29366702831
1.93899889075
2.63680933729
1.13702219041
2.58885819635
2.8439509034
1.43755299251
0.152315459091
0.531281772606
0.753105950522
2.11388095329
1.49998902508
3.0740062941
1.03369695707
2.83776741209
1.64165834493
0.562682199366
1.89021413745
1.74105173872
1.41661677917
2.70582865742
1.92786454776
0.328693855846
0.996523189963
1.59321399771
2.08768146518
2.15570159448
0.855068420941
1.52576227908
0.994608649506
0.56365672221
0.477071918164
2.76451635571
0.31450871
0.223717555297
2.1145995324
2.91384620197
1.86038467643
2.03647780472
2.16101478297
2.9941735505
0.966096499345
0.458074034615
2.21127982736
1.5875734573
0.723562681464
0.283902670932
2.65004194866
0.140483702931
1.2206751631
0.79050262887
0.822430573112
2.81665036398
0.111165833792
0.316317788729
1.41697347474
1.91580348567
1.46010410789
1.15315519071
2.73865722549
1.97953134956
2.58145849816
0.0176570890764
2.52897387526
1.71176356047
1.43166709019
0.293849303464
1.34803761375
3.01822546967
1.57660257887
1.83498177495
1.74916927056
2.09098108693
1.45484403559
0.193206537902
0.212782662818
1.81713360874
3.04154659806
0.631766186704
2.01929410825
0.701553440803
0.544777454367
0.983551643684
0.612061992308
0.0556536811716
1.70398710012
0.342440244563
0.564232974617
1.58470723922
0.501687705691
2.02282645016
1.20431695081
1.09543451509
0.851172820296
0.795831004608
2.90963199947
1.19826578652
0.302952250772
1.79411998653
2.05219560121
0.0150425687739
0.828035956828
2.26944759053
1.8032254547
2.68396025934
1.29070254926
1.59497291669
2.26968372466
1.23954987453
0.787049910891
1.63882676248
2.1797392534
0.266828777277
1.51156536386
2.4847322654
3.13083746002
1.23075628309
1.67303029978
2.40096548097
1.8823101908
0.578434323707
0.0707259961009
1.93380987653
1.11004776684
2.42025305877
0.409559838232
2.33682601899
1.25817862398
1.13116971696
0.0597555275369
2.67450546291
0.119496692573
0.963310110684
2.03976481208
2.59460409754
0.473983414423
0.160416196115
2.90931106189
1.88586409623
1.98870573398
2.97969586646
0.544123476565
1.70023404808
1.14471740717
2.93466105661
3.00669168399
0.695070459957
2.71469812186
0.383700635324
2.60566518229
0.958761413861
0.972748527403
2.97451741694
2.01436983378
0.392585244687
2.93407176582
2.29636462534
2.46418182085
1.1654387804
0.878583353695
2.30518697681
0.654501447557
2.95897851906
0.9273645056
1.63266463202
1.11091258804
0.0530392085772
1.97080347536
1.48272891962
1.69182625852
2.44401769059
2.98444308124
0.0945737935463
1.98208020006
2.15780966956
1.03255068526
3.06177288606
3.04711481345
2.43443601687
0.916051093243
0.443885743456
2.42026318121
1.59071068937
1.94670790717
1.49208389084
2.46149220274
0.255287158619
3.09149042018
0.901200416428
2.16893993267
0.0174554011939
1.32465639951
1.28420582264
1.23194948044
1.33345944198
1.40051914516
0.586289494796
1.47896818026
1.75436893298
0.514890895589
2.75261398777
2.51412640722
2.1250083568
2.19983787073
1.9171058823
1.44854932026
1.48220411237
2.16838975631
2.65867468233
1.23230738613
2.75406097436
1.78322235272
0.405923421916
0.0431177636229
1.21687954028
3.05208009923
1.99302716422
3.12109296838
1.64115216834
0.300890270439
0.223833493509
3.12061234427
0.205761931825
2.16130278
0.464162135129
0.808590425401
1.98217334444
2.80869998083
0.603336064881
1.54585694284
1.77107052474
1.37490396524
2.43764833297
3.02589514624
1.77770717476
1.97849764879
0.0711181722004
1.86526200552
2.78997096155
2.64642459674
2.84466580177
1.90547068567
2.29682449322
2.63690670243
0.0782782650928
0.703509926054
2.92815145926
0.125833322754
1.89231565934
0.772429654549
0.882113097281
1.03981434599
1.18260949323
3.05567020847
0.674897005523
2.31311394694
1.41169803724
2.51230085489
2.69691749363
2.82578164346
1.00605056277
0.428568083229
0.657325560154
2.39884954652
2.06652972242
3.12431629868
2.86082950827
1.83506343659
2.82813661003
1.50559126463
0.144604467269
1.7682006643
1.19873824258
2.88432486862
0.869041619354
0.621165582513
0.823693294897
0.77482067043
2.80732009303
2.81755343607
1.43960855331
0.365564693414
1.89001170331
3.05855806123
1.84679765442
0.387142727705
3.02346731919
1.94816247511
1.73350555458
1.63570203621
2.09794776961
2.97370865569
1.4847144466
0.326158316884
0.568065174778
0.243043049437
2.47781743479
0.435590472611
2.2962834153
2.45898981004
1.88555853713
2.93936005558
1.33125882083
0.289239758108
1.96495845653
0.79414406488
2.69403096507
0.629076357608
0.702778293868
1.6729328127
0.828096804735
0.512534116586
0.347411615907
2.19384355586
1.50189584829
2.8771152321
0.715920751439
2.52231650151
3.05560591366
0.967238326231
0.991847085553
3.1050257642
1.31248973918
1.8950873704
1.77861500093
1.94758074819
1.73455044439
0.440541514909
1.88265630315
2.36009588149
0.0626909848786
0.220204665128
1.12219251196
3.13204751207
1.11116777599
1.70106404061
2.46087277304
2.63235783936
1.56982831863
2.29421343024
0.396805007126
0.35378965684
0.570851514566
1.74085645511
1.15994309173
1.60237634614
1.74963027899
0.776903930166
2.2916367645
1.73517271449
1.42311464179
1.21744385613
1.440931303
0.241495664441
1.56285809951
1.8179288705
2.766653584
2.04793806497
1.73171488772
2.96599513532
2.46278313844
3.08037130225
1.40969405105
1.01469065991
0.375062180649
1.54247151688
1.76916611228
0.414418713174
2.81308685397
1.54256266927
1.66795328095
0.455724549201
2.03598005514
0.110657055102
0.691255218503
1.62051511253
0.38256459524
0.214842593726
0.0662927616834
1.03841305481
2.85902484552
0.0674737677825
1.88176853496
2.85169954815
2.00878143194
2.82904317169
2.12002922948
1.96334602527
2.31815455846
0.612086860582
1.76983530539
1.84447409144
2.20005166173
0.493158371359
1.99584759605
2.03048518528
1.44063842498
2.41525170825
1.71981617819
1.5917024785
1.30354995087
0.230164460875
2.43139211439
0.955744722581
0.335985638259
1.33108384496
0.544074033176
0.0211673879917
1.46068755557
0.365088748118
0.3210885434
1.46806784545
1.78333197976
2.33703993058
1.97980043544
0.875482661584
0.603662562882
1.24363066519
2.49089123234
0.663992776485
1.12285856046
1.47921971935
2.66545792659
1.42250290353
1.95276891417
0.813314619892
2.45767396814
0.416903338255
2.49147798666
1.97463641168
0.652052229971
0.636941421085
0.946494646365
2.11369248722
0.344272136494
0.378475761202
0.66477498894
1.36830994896
1.31196784793
1.86556577098
0.93338280613
0.197960521072
1.2282690817
2.0055106491
3.11522791286
2.53435557994
2.5230923148
0.601847201434
0.991044157765
1.77468701217
1.11715714156
1.30107727075
0.951188893847
0.931108115609
1.35436723739
0.473951585531
3.05412110247
1.76114704682
2.39203031367
2.11204642346
1.30434576922
1.69764826498
2.76082092098
0.921699111078
1.95466780894
3.12664046924
0.729584159943
1.51336670592
0.474968414718
0.969759841471
2.24333179951
2.21025321105
1.13753375572
0.805021095615
2.39665251202
1.87776186234
1.16052249322
1.15014656717
2.25798078321
2.65366928815
1.25843571649
0.991664550485
1.27983056302
0.904516558385
0.846379367295
2.92896657529
1.59249864736
1.43892192897
2.03724734224
0.0809662209142
1.97070480225
1.77059545238
2.19641552425
1.46747547248
1.743669951
1.94443176139
2.61146475621
1.74968427804
0.982876004763
2.98354614184
1.30814853763
0.128279286425
2.42080265894
2.93411632593
1.4517873019
1.10598301066
0.985400855498
2.17863660357
1.53304799673
1.53991988792
0.97782096987
2.39493866409
2.03970771628
1.79270613985
0.215189354691
1.35460692388
2.39889053074
2.09812375338
0.522593290102
1.36393730461
3.11547173565
1.09718246609
3.01403258622
1.35723309443
0.288425432534
1.67871554298
2.41500810793
1.75091340882
2.65974003161
1.695027481
1.86842735538
2.64240758679
0.632603768137
0.871807896983
0.899118841859
0.521428918126
2.68550286829
0.361615627608
0.430114644374
0.0387213267033
0.190413096299
1.16759342315
2.78436453738
2.02549292798
0.369508253617
1.64838838885
1.39515128036
2.21138102459
0.388483220019
0.082663158409
1.87661584293
0.736519167012
0.801137549297
2.78353670728
0.182740242234
2.31322697451
2.00901619264
0.197488264112
1.32421068333
0.712157115977
0.288884875708
1.80216051206
0.92290773196
0.0791244641877
0.96219203044
3.13491349207
1.28028914055
0.484848610348
3.09157664613
0.719110217853
2.48748318602
2.31727086284
1.1210353905
0.328708061996
0.103784396483
2.73435608491
0.936659183633
1.90586948396
2.73254410782
2.11316665826
0.230176074961
1.80696997209
2.01870754764
0.0403781611361
0.518502051171
1.99876007404
1.53167062112
1.47313800169
1.42507216484
0.301620036863
0.62279102485
2.69721134293
0.609868023823
0.0520564506137
0.271727843592
0.217523687344
1.09686309795
0.567154460926
1.60002854462
3.09995612398
0.879632540446
1.36855346238
2.04584900438
1.21891010478
2.73973690941
1.9316512981
2.26467853598
1.90844346607
0.927123273107
0.888009016028
2.16480600226
1.22096704753
0.68847367629
0.00798794209196
0.0682249988257
2.6636999823
2.89315220664
0.118825497561
0.494587871213
1.79118017415
3.05153273205
1.03942693373
0.911629943892
2.22469197707
0.868571449527
0.861526303775
0.21494313328
2.53855340636
1.22962452545
1.7121630571
1.17819264055
1.02096816069
0.750742195115
2.03312878836
0.820966666244
1.04525446943
2.92061585781
1.21829968409
1.66332646707
1.58998325217
0.873276932954
0.327765027205
3.12166453602
0.461381445782
2.6743266268
0.587997362366
2.62403498219
0.167103713325
1.54370272806
1.72259206944
2.34001956861
2.49160675067
1.78108813961
0.84688866142
0.151912647091
0.486638912315
1.79106730771
1.13870009643
1.90195833249
1.12655762637
1.05960604314
0.0108801099451
1.8363333246
1.60451875044
1.91281537089
0.318264355314
1.82152695256
0.906813355042
0.835508879323
0.486353992641
0.662684571573
2.41404374415
1.56185706822
2.15139396041
0.745056702583
2.00612039278
0.606083935666
2.31761067995
0.666221373659
1.71332111322
2.21444814049
1.66417178804
1.34271025367
1.66983936821
1.79429442152
1.54972092787
0.418461252358
0.471553378059
2.46132228089
2.50435171005
1.95003117364
2.91875725214
2.22793617365
1.96442039073
2.40179669345
0.00681466464886
1.13324102692
3.11145606582
3.11128271224
1.06837177696
0.32675052898
2.68331227838
2.36163832241
0.913602097537
2.47962124813
1.44706548815
0.0327359073781
0.417407864238
0.973071922201
3.00788091459
0.9633589881
2.01388941271
1.59574034365
1.98288726242
2.45886618531
1.39950885356
1.20720979395
3.10288254588
3.044561728
0.797845260305
1.84010521147
0.7476650631
1.24533971475
1.27615311836
0.725225808866
2.45717492526
1.03345245033
1.50283140203
0.764913940177
2.12090831088
2.64965802801
0.899571626771
0.752681596374
2.28603870238
1.08213482115
0.16094953666
2.22864817957
0.377016169308
0.815187425876
3.00070592365
3.05489003972
0.00266366677834
0.560371295182
1.85455215219
0.879045813939
0.171486357816
0.73421713862
2.85831787569
2.43761228572
2.7890508917
0.476749670018
1.88925970206
0.641195926405
3.04012816963
1.25134089622
0.194796180988
2.27227923329
1.17346780351
1.50751153618
0.478591133576
1.28648510317
0.425449262118
0.924581634781
1.21142205677
3.01846606358
2.77070095075
2.32468956759
0.356050768077
0.460492474419
2.44372676935
0.730518059014
1.80885300935
0.720995729382
0.390833292119
2.31813138679
1.10980649113
3.11780309772
2.05971306579
1.69832947855
1.90512475218
2.98149093593
3.0166609114
1.7219290986
0.979514114152
2.9003475275
1.549407052
2.74217788875
1.67561288473
1.23322761157
1.47532781592
0.133188139788
0.881741162898
0.478087603931
3.11159606284
2.63684379528
1.48345845201
0.467871393422
2.52443499444
2.11687581
0.910503149467
1.33081796941
3.06493831991
0.0220509652571
0.534776315377
2.60338883973
1.50963244438
1.76257420387
3.04895204899
0.915572817492
2.10564584117
2.32193984237
2.39827489323
0.820072414512
1.96601003209
3.11219743181
1.62266936434
1.71071693354
2.97569394079
0.972869701343
0.54526626516
2.24617631947
0.718750045078
0.156215256307
0.929445022031
2.68749737729
1.39766163293
2.78451050718
3.0351429239
1.44654539948
1.13235311437
2.52162386521
0.583900536285
2.29552280446
0.375462867737
1.36352529161
1.91431255963
2.03226561737
0.647112437789
1.41315208728
0.394132423738
0.444420120723
1.4384132201
1.8622384049
0.677889829684
0.952329337752
1.29102560179
2.26283282196
0.373368462831
0.273829901628
2.74210818084
1.64455534095
1.39742567392
0.462417460958
2.65653681512
1.99835057745
0.896610020823
0.775297639017
1.86974435366
2.69477932046
0.170929936785
3.12767282799
2.85257553959
2.35782961304
2.43181782372
2.6785044488
0.598284864428
1.29541707761
2.7988823615
1.6823828937
2.33692630081
0.839347938434
2.96159718781
0.0521943110573
0.884804698151
0.542934192532
1.48054526186
2.50186446107
1.97242516315
0.491544035855
0.137490024508
1.31348584815
1.59451320448
0.470003363676
0.947015182502
2.9107617577
0.966706283533
2.7022946111
0.232512007495
1.8102188971
0.490234134566
2.48339696895
0.240003913045
0.790615769888
1.38973142366
2.24044938052
2.80172026999
1.20861415348
2.62507759649
0.202578168926
2.08926661699
0.454429904677
2.11493997166
2.92150817422
2.58114713271
0.630546493733
1.2667659013
1.27383760922
0.761675821292
0.0257998165172
3.03624167501
1.30717616515
0.688019811237
1.05219357523
2.4261868524
0.260521201465
2.69116106683
2.45660138101
1.36999923989
3.03189191116
2.34150496206
2.19652554221
2.66432627452
0.762588772184
3.04030578919
1.42067755753
1.48284895498
0.257134823528
1.58273929778
0.00307632372942
1.33940755251
1.2419269698
1.59764316028
0.932809149891
0.981554053915
0.578548308944
0.568638170964
1.83147467054
1.05812490161
0.975751393712
0.0383738051138
2.94799489963
0.9821121094
2.0152232375
2.23319212952
2.28659987969
0.520359664041
1.15422714956
0.672073212608
1.13894938923
2.71577698372
1.29680784599
2.73314276342
1.75220090751
1.8197195201
1.00071203285
0.351216544018
0.866876994162
1.2077764876
3.07648782102
0.167503999596
0.753940325326
0.642274859447
2.13362030292
2.42070552673
1.49140531395
1.70212519772
2.38965089757
1.41512827902
1.63828574074
0.771006692337
2.52867151273
2.51414839522
1.88059072916
2.04334695141
1.00224628543
3.02351461033
2.33763481843
2.17460038689
0.216326869646
1.09255518414
2.22982327238
2.0742596568
1.28864683994
1.30571793504
0.0683366414574
1.94461476053
0.143610834824
0.0263009835579
0.81534122787
1.89671196362
0.119254188615
1.13057145236
1.1185330074
0.724949195633
2.87421715574
1.94372853176
0.219950739944
1.01309607556
1.80265099406
2.3899449978
1.99320441662
0.412371487301
2.70116724996
1.53654161894
2.55450812545
2.92792924661
1.83725284897
1.09111361371
2.95828454248
0.921527912815
0.230096665373
0.37735778614
1.56788797027
0.607673554573
2.42233048246
1.75648291786
2.53595727332
1.76209485939
2.77701520272
3.00631524038
1.19967260905
0.960661950848
1.01785065229
1.47235289889
2.318192927
1.91974461289
2.55309241472
0.598787148233
2.83880797319
1.41778774087
0.762288032358
0.354412481463
0.754483374163
1.88143460643
1.27258420273
2.0254772448
1.81785150521
0.00634257341786
1.52030839995
1.69087199846
1.24948144543
0.851927098169
0.452550333005
2.44063146243
2.21095037384
1.37544712668
0.642760248666
1.84320882172
1.1152861229
3.08612657644
2.4264127877
0.187215610126
1.9770611862
1.81954610661
1.45341607047
0.0115398169857
0.477806919074
3.04094298061
1.46849579401
0.379167354591
1.55510874435
1.92149089861
2.34492128943
2.65801294867
1.84181341549
2.72436035445
3.02705462612
2.29598709035
2.50597906772
0.827892383467
0.08341291774
1.60364840937
1.1138268394
1.82405926768
1.66933549594
0.803832541935
0.494258283848
0.0384050255911
0.230462217104
1.11754073752
0.467550169388
2.71543440624
0.362950484014
3.05822387052
2.94970280498
1.61906159258
2.77675905285
0.204561302834
1.76449007671
1.04464905722
1.57959876966
0.511129394996
1.56457915831
0.858094666906
2.16585514292
0.496372879989
2.96551098078
3.03033784465
0.446407199707
1.30628048799
1.82556873762
1.69182277571
2.65282464479
1.43018040054
1.11211738563
2.85123870602
2.30541857878
1.42092928266
1.65590566975
0.451679533764
0.0512320301668
1.04999640977
0.54231445039
0.879311409816
0.994350448748
1.23470757334
0.282657544261
1.30711403355
1.1791088603
1.55070442751
2.78128854556
0.223022450226
1.08732985263
0.497572579906
2.73299699537
2.19922898492
1.40188242396
2.92103475795
0.450075857975
1.82447457657
2.44656757936
0.400283445386
1.34667857303
0.281472142787
1.22681683012
0.811734927592
0.787837648966
0.0879671597998
0.835429753435
2.29872363599
0.149162878546
1.0639756844
2.63976913928
0.282205841854
0.929037834247
0.370189509701
2.44646622138
2.98759641607
2.35808706997
1.03832096882
1.15563097772
1.73347874854
1.80307381891
1.51337917122
0.260753822828
2.57961008937
0.839211570981
0.824320086249
0.951697401159
0.55684923885
1.39506085932
0.111699538439
0.112020727685
2.23162567125
2.9230690419
1.48595613405
2.7480224724
0.577231479418
0.156873416152
1.85165789849
2.37370671646
0.240893248446
1.88414301638
0.105737237459
2.96861100768
2.16031898354
2.91829110868
0.622442224561
0.382140933585
0.794093370754
0.0495594111764
1.04891226425
2.93785650429
1.65421474838
1.09805606981
2.60631490433
1.50941200536
2.18619572489
0.727301803696
2.88677117857
0.299765636431
2.91334539321
0.28133924381
3.06647267551
0.2197579526
1.0454762353
0.913888279748
2.40101924616
1.521033572
2.64866340102
0.10458860355
0.144578843256
0.0698725684402
2.04645597724
2.00068845116
1.62336228375
2.49529893438
1.11213214078
1.26804026838
0.245041061931
2.51074829077
0.534628833693
1.31532243136
1.85188633045
1.24435250752
1.28803388139
1.46814041118
2.39132844074
2.06672173593
3.08685094598
2.04741975873
2.94234166595
0.0322264428473
2.77168397833
0.0228692363642
2.20518111349
1.12191070859
0.935055026011
1.76806348448
1.57617786807
1.0066878252
2.58560524366
1.20719702957
0.049530599347
2.40926166581
2.17442589747
2.37817175659
1.09300519974
1.83079995105
1.75362999308
1.78792292551
0.663734245078
3.08269074153
1.53681036859
1.01336751173
2.6536844719
0.44601995128
1.30084172237
2.79133124817
3.11795089317
2.61415323606
1.57546712113
1.80283921335
2.12581762492
2.45678436183
0.813998395311
0.983575364304
2.33159002628
1.28936032255
0.300404994931
1.20396608389
1.13660030281
0.779591690009
1.04094021522
2.07888180456
1.95955968191
1.87354739878
1.45934188661
0.742583210638
2.38793024305
0.641884609899
2.67372453276
0.368353390669
2.67332871361
0.503467783001
1.85107333218
0.656540629117
2.04832373856
1.37724074049
2.331161497
1.60339760451
1.13995713785
0.625322316151
1.96329770646
1.20290307567
1.50440300109
2.15259664736
0.286501671552
0.93684880168
2.33366344029
0.413181257792
2.69392503367
2.85046732371
0.973326203028
0.668829561147
1.35745722951
0.724838207496
0.51784974165
3.00047085621
2.15600797408
1.77079301249
0.464685938439
0.63432192903
1.11282875783
0.988017244524
0.936598110002
2.67049898777
0.354976778823
0.271277448832
1.2003859923
1.49839890671
0.350997379896
2.59941800367
2.54663405504
2.59852076481
2.86460414683
2.02572232082
0.931643503745
0.790855403167
0.982609317199
2.0098194942
2.58949456997
1.65553591827
1.86014265247
2.02501591796
1.9936371066
0.0700224393636
1.97259974358
3.12202549614
1.11681875188
0.577704828769
2.36703087832
2.65606969564
3.11586833544
2.14135439983
1.47729886419
0.346427803559
0.297443697895
1.13090327491
1.78023602426
1.47193778795
0.747405225413
0.517372359874
2.98780396866
1.78775861705
1.83502509781
1.34756584739
3.11973015767
0.545833165317
2.50735761728
1.73944413648
2.48334738844
2.84020205417
1.15633375882
1.84669103053
0.318594888041
2.89800946563
1.81624765096
1.5591834755
2.47473488321
3.09628128739
2.84331765347
2.25414303155
1.97262250518
1.30296332672
1.16482834149
1.89292960702
1.76796311743
1.39996115066
1.50109277177
0.0805022376892
0.214342502963
2.23455002448
0.598531559662
0.0411296365385
0.96003940017
0.683357502656
1.8150663044
0.716846571034
1.96118687759
2.61036039047
0.991030420788
0.685311762354
0.733655743388
0.318056217245
0.720894779544
3.00067010113
1.93188310225
1.75704770901
2.07914607906
0.998241393699
0.683658437785
0.31179683393
1.9793604278
2.64403262971
1.75833246622
1.52854436938
2.05659482379
0.435969825233
2.45013960539
1.68772543672
0.115195739258
2.5873148594
1.73016548594
0.763083386976
0.410538214603
0.0855451310581
0.530223793869
1.9680575245
1.24161501535
1.87107502727
1.83483314697
2.26293648252
0.353795396014
1.72729874879
1.26390761416
1.64213647928
0.923783164395
0.759564645232
0.0437875733195
2.21702195399
0.710394934372
1.90672705891
0.0701639937264
1.90811095205
0.0560275623737
0.933272325634
0.527088084634
1.5170968947
2.93291467448
1.63493481432
3.12381478088
0.555340167944
2.33835533516
1.09621459115
3.06466802354
1.81734215967
1.79978043602
2.1204770043
0.435739856482
0.821102277021
2.35044793822
1.27828455014
1.61953200376
0.620154494849
1.6604096689
0.531141634955
1.59884829426
1.95691949244
0.835163666009
3.03700125138
0.203232861781
1.44033436482
0.132352411291
0.0137329349939
0.0785563876245
0.552097742732
1.67511721169
0.639339201611
0.395629675043
0.830580133575
0.219020318616
3.05042501725
0.359263909579
1.77546271862
1.21095453454
3.08951556889
0.861556403104
2.20014951551
1.10841600315
0.703857527802
1.03775771185
0.121449680983
1.23337280284
2.83037812413
0.551851625419
0.400223561366
1.39213338138
2.32795074302
1.41095256254
1.61357050054
1.81748776359
1.02369281899
1.85153497947
0.350136795065
0.761112685211
2.63069768557
1.20132121482
0.584761997792
1.07717982226
1.79836158137
0.196005472843
2.55999305205
2.43637774405
2.33360400914
2.17502605496
0.0015709545057
1.43242026901
0.631835533076
3.00233418674
0.845082189256
1.49498400244
2.42201050971
1.11632872107
1.70188821789
0.0863133227148
0.108924628431
0.692156828373
0.913648545075
0.842253634683
2.88749972681
1.75295374972
1.16784197232
2.89036467292
1.30914976463
2.11219508996
0.876450521565
2.34342197391
1.32809418503
0.277307580157
0.519618097259
2.8049228238
0.151747493393
2.28267303576
0.457993054551
2.37919723478
0.901989957189
0.687828456874
1.18676073474
2.42427106126
1.83247660469
3.14069467452
1.05105761636
1.24472417062
2.41583804192
2.08135107301
0.840829340027
0.77637730447
0.00627320103622
2.60132063483
2.53177032523
0.660685545159
1.5031931732
0.0239910390733
2.34427703322
0.433372560304
1.85130021172
1.46457102063
0.217016392079
1.75554901332
2.15584907008
1.24937172461
2.89241691782
2.44494260181
2.7157828302
2.66073523166
1.27815032802
1.64376692038
0.461656587447
0.652187408075
2.5608011561
1.30636956085
2.88875718781
1.69525449454
0.275591638169
2.100544482
1.72883653058
2.89180207915
2.061407586
0.64243640767
2.06921585833
2.81084753736
0.845775600352
2.43263364348
2.22712954416
1.28551435074
0.112490727771
0.462309529913
0.988063946717
2.03407360132
0.294352587028
0.109651585638
1.9581355277
0.0534620508839
2.32278041258
2.68567381909
2.54998226852
2.25019027827
2.59501302763
1.07688544995
2.55853549707
3.06446218738
0.0703470587628
3.09037634689
2.90068623623
0.976581878823
2.55228389218
2.31266970308
0.282700854992
1.36869292812
0.18141499362
0.615982144337
1.44042857496
2.69918826189
1.17344749469
0.222585113988
1.94391414932
1.33203464835
1.03505474705
0.745846116722
1.98548494271
1.16050128161
0.239902752287
0.896675373813
2.43154404991
0.966528921944
1.77233082349
1.98533040809
2.05122303394
2.55563811027
0.568072850197
0.737529585478
2.98680823914
1.9333059292
1.68412070899
1.38885836115
2.49023443879
1.61105861634
1.70282989856
1.64730180782
2.09848449526
1.2560384197
2.8122333532
1.13939681741
3.13751402494
1.76137021235
1.52014590881
2.0802124346
2.05596278767
1.9625941047
0.119282087344
2.54258837609
1.43669902581
0.398846610922
2.70043259371
0.0742553322672
2.67264453919
2.26555188211
1.31368349973
0.45026273244
1.43396023377
0.419122543081
2.6687379309
2.00566750792
2.02608873747
1.34801943352
0.121237062903
1.57248468632
1.07107193904
1.27605292694
0.540972795114
2.02732118405
2.8176167897
0.929638511018
1.88917181484
2.01015028689
1.06129569327
1.2196841987
0.909623648861
1.11449184255
0.537552767758
1.8215944802
2.29798108412
0.815961658302
1.35200521032
1.73991956578
1.84934516216
1.09069696936
2.86458978689
2.28916257021
2.10594274959
1.41338561692
1.4706549078
1.07089571553
1.36670859132
1.52511169554
0.482516356888
1.46038103265
1.1731976335
1.79353758093
1.1988986559
2.51563499725
0.527659443656
1.49050856596
1.27032422916
0.362592588428
1.66420540655
3.06826325864
1.56151427924
1.82391047734
1.73821598799
0.350102765919
1.59672010686
1.50989432243
3.04321712548
0.277103742363
1.74174101205
2.45735264195
2.90628281847
1.12580219551
1.27121752593
0.899083914146
1.99184905338
0.394949011217
3.05639858506
0.212741758527
1.88858457966
2.69872183731
0.228542617346
2.86619672586
2.50990397445
1.90671473813
2.53000020787
0.97820902646
1.90343744801
1.15822642902
2.19814973965
0.0258102199425
0.121096763067
0.866868199954
0.410792697444
1.50849340583
0.277980690101
0.65651453688
2.27496966798
1.93281401644
0.0526302122435
2.34193422468
1.54164672201
0.0823869776361
0.56811842393
0.709200066572
2.96377336217
2.12742872494
1.91211864916
1.47319420551
2.59805485602
2.12408051125
2.78691849926
1.92770313303
0.289952598864
0.770932658344
0.593886493512
0.449990928967
2.30692478317
2.73012293447
1.28968520383
3.10303652777
0.0797157557136
1.56135585792
1.37067871825
1.69750702332
0.633101167868
2.21134332065
1.10155448475
1.71617082067
0.997561686475
3.14097991722
1.21631480047
1.40509143283
1.8158258664
0.932396836361
0.499671447632
2.96865276526
2.38717907759
0.430972328665
1.69303560955
3.12246415597
0.397426262708
2.45473634358
1.05066975667
2.5666412538
2.49774390798
1.91462617801
0.46773392629
2.30416770961
3.10447557073
3.13630473605
2.95671340539
0.136038309633
0.0670920947733
0.144417968932
0.491700482974
0.422132686497
2.29199499085
3.02891839742
1.32750169984
0.226089292503
1.82752036887
0.431374050965
2.81536823654
2.64166978554
0.0271825753165
1.48787235394
1.79031875612
0.216928034897
0.0407380206735
0.864207347459
0.151895563348
2.55171806538
1.01890409681
1.17116569535
2.07894660566
2.65916871273
0.449181037751
1.55303955005
2.77549571806
2.80027001132
0.436846570747
0.732163628255
0.0117240509178
2.98080307645
2.832450693
1.97497418862
2.47959616008
1.36217131218
0.304551746705
0.943008462996
0.649116147354
1.19385317312
0.405590860573
2.11826041516
1.0646782168
2.08127752995
0.375237254232
2.89061135945
0.985907980631
0.611554408826
2.35035050114
0.124755092802
0.990169779476
0.548179582579
0.442219886056
1.50805371546
2.45401017117
2.71423044224
2.69506177382
2.96502363425
0.883918155134
0.913014032426
2.90967053113
2.19743014921
1.58546945249
3.06413287616
1.99256666812
1.90113736154
0.850831361883
1.28570398746
0.436075918156
1.67328998751
0.559363825583
0.347985902853
1.87290871609
1.68694838667
0.999449905656
2.27957589221
0.836167431562
0.686232347934
2.64802544129
2.30178311358
0.332153193894
2.35591302092
0.414049267158
0.676706672809
0.726979612009
2.31687438909
0.450939690793
2.58846903673
0.564728184812
0.944928107924
2.75376100834
1.46935231684
2.49380643359
2.24698965799
3.05948886809
0.551299057253
1.74357418547
1.59115832781
1.43138046313
0.0165297016012
2.16202932258
0.240334351822
0.232432638692
0.535965899644
3.05343463887
2.17796231438
2.78824255782
0.807192544398
1.61633724005
1.53475785633
2.27286032609
2.89123615551
2.5158535145
2.38865634752
2.26750657851
2.47798422207
1.80865704652
0.973496739432
2.08773372119
0.822743890395
1.1604910838
0.639496264715
0.552597431164
1.40459125049
2.6037674183
0.930958077716
1.05053439204
1.91584229293
1.85888825827
0.701241291969
1.51614172515
0.753028174429
1.77186853847
1.95577913304
2.58606616451
2.23076070647
1.60473108159
1.42339896017
2.54610720602
1.13004798381
2.94324639442
0.757263694746
2.75538932576
1.3067907438
2.98889212877
1.86059081507
2.63357009944
0.0519717278962
0.958683280033
1.26685146894
1.19408416058
0.255025543612
1.06854471446
1.34418601015
0.41580263869
0.779128662555
0.0720294791685
1.68192027695
1.70553759502
3.01815591963
0.98775771123
1.53042874325
2.4713567175
2.58405569292
2.22878909693
0.31268209606
2.42790120843
0.0966585199657
2.35878703385
1.84576829649
0.997674445495
0.0519415242347
0.887676498573
3.01143050887
1.36638874684
2.23795698339
0.152999486664
2.66244149949
0.176412724818
1.6323633246
0.164281235057
2.01838240021
0.445459630937
0.144203952844
2.99210569946
0.870557398904
2.47337955523
0.559853980379
2.65345003257
1.06197914717
2.14422108099
1.05805854233
1.10813980226
1.39058607925
0.744193978935
2.32306625174
0.340135402221
2.3429733584
3.11434988428
1.80227545438
0.661160686139
0.921845172461
0.147068825632
0.159976727198
2.93261059614
0.454804248052
2.63900285247
1.6010328476
1.51024271254
2.21990278995
2.10894933948
0.973822559622
0.0365664704578
1.2411282735
2.1537847687
3.0419851395
0.408412697556
1.12582296352
2.1087523097
0.390649590306
0.935721870871
0.808240267423
2.03247015983
1.09059880608
0.0829027207448
1.39243402984
0.503234638905
1.09627855169
1.64433401308
3.0223899513
0.862472781028
2.38378778629
2.17477276826
2.56185477262
1.80105072134
1.33216131169
2.3630753621
1.63147288715
1.04069804465
2.63863587168
3.124278718
0.480439752447
0.944446644605
0.174014597407
3.06473621224
2.00520746049
2.66882664326
1.72643760529
2.26515707317
0.64083882955
0.409850198951
2.14452866626
0.38020596409
1.04995429457
2.28842005779
1.32287352591
