2.85970586828
2.38680311873
2.83167885377
0.967531113547
1.87722945456
1.62497899477
1.19811503163
2.85892143934
2.7782654014
3.13141467333
1.60962755937
2.04822202809
2.94723263824
1.36673130317
1.4456833341
1.76689855676
0.417858555466
3.00375965923
1.06512538382
0.361456901966
0.746448215846
1.44929798166
2.05681544559
0.781477357484
2.04200755215
0.240359388859
1.38753919513
1.3751166626
1.80932684625
2.18460009415
2.74604039316
2.89537766726
2.09690379518
2.34668174253
1.80338888306
2.05304070965
0.982249747966
2.31590413579
2.78715158602
2.04912933215
2.79561343261
3.04876874617
0.0146285365822
2.51890508606
2.40177350586
1.07743615518
1.01451368815
0.771118809199
2.96102763226
0.00713657127171
2.02456486458
1.67468171855
2.15191652573
2.94914556468
1.50465088194
1.93791412338
3.04259768805
1.89761371201
2.94611029213
1.77410916119
1.28518829347
1.43096568724
0.186162023655
0.944241402867
2.53734865319
2.53042446906
0.176882874125
2.80703176716
1.15931073182
3.13876684088
2.95034523134
2.54747048395
1.67022400009
1.79330488884
2.36358239559
3.03427303028
1.93254492947
2.92182252722
2.41225459918
2.98755344192
2.24288842948
2.05613887978
2.73052504264
2.91595788568
1.2046366544
2.61954915843
0.869473633406
0.611581902791
1.7349647738
0.0648400896352
1.97028062849
1.05734274687
0.115670217268
2.76753261543
2.6265943222
2.44790557669
2.85912052496
2.52962696608
0.651980287923
1.60566572215
0.0983795333351
2.23523484766
2.55412617364
2.50838676534
0.90150581954
2.31783552596
0.67079096051
2.76081490063
0.849978410008
1.71887015442
0.114906622464
3.0922681303
0.92502913977
0.792553096288
1.31345957193
0.476984200473
2.79657920437
2.88405721101
1.56325268376
0.162293124335
1.49441736445
2.99534903844
0.68527167052
1.38723120871
2.35647699279
1.75549250786
0.46567830979
2.16431043093
2.64607273357
2.877353377
2.28891875137
0.00301827011677
0.324003791
1.64939722254
2.8985633562
1.68263416183
1.15547115674
2.64792571289
2.49033643138
3.10057140681
1.42843437849
2.02669039477
1.94779127544
2.29288042673
0.0520692437458
2.14872969261
2.61711303193
2.30420990013
2.77075829272
2.95733392336
2.8633554401
0.40526225446
2.45581072077
2.82534396251
0.0056264664223
2.47038215999
0.158892396699
2.04445933941
1.33218159338
1.95009186964
1.62208792336
0.663559456912
2.76586278255
2.2308638144
1.08231857099
1.55681646642
2.36964448857
1.65636813156
2.41385973887
2.62014066078
2.57304813924
0.0687079902075
2.64387250638
1.41936174512
1.91676513106
2.58036507048
2.55142049517
2.38210732473
2.12638560575
0.278237453451
2.65815185733
0.877484882826
2.09028028192
1.69548822658
2.53764354661
2.81688772875
1.92171581966
1.62880256998
1.93510036947
1.40393382016
0.662114886504
1.15546819179
2.73506611054
1.98014538863
2.46928938947
0.378099768263
1.30586128051
1.40363560683
2.70258930334
2.14520227969
1.06050197395
2.27316179479
2.55632382031
1.81732198144
1.13682011129
2.26634088752
3.13004755028
0.662037096997
2.97761654142
2.82258408396
0.806035902146
3.08123465585
3.08890344537
2.29391575001
0.300544812825
2.05400411797
3.12200402299
1.79875039766
2.62166665649
1.15044937469
1.31197652842
2.11109280444
2.80841204556
0.749482188997
1.04044058113
3.11283181155
1.80225972928
2.56167546108
2.76070214306
0.544026540093
2.11554779077
3.05870109318
0.921489344431
1.05242490776
1.1434172881
2.24346417913
1.87765680315
1.01958061551
1.73043136783
1.42291595702
1.20690689048
2.00391322355
2.13184298422
1.63884700914
2.71086520421
2.38017952271
0.769835324498
0.0262695009379
3.07647529344
3.04450698906
2.62088721822
0.535111128561
0.841399147256
2.25449560116
0.330211919781
1.50188401786
0.883088695194
1.15925278623
0.542948802766
1.51971457573
2.97437774262
2.4590838194
3.11761028801
2.15201578368
1.27185613089
2.17646562357
2.36760314666
2.79306017465
2.47145584298
2.82246278145
1.26823184758
2.24121790482
1.1049425638
1.1473732091
0.0301317485448
2.79782354861
1.99884381727
2.52433377141
2.54404296479
1.07042533304
2.93699802933
1.29215657879
2.58984873806
2.74488447071
2.05724341453
2.50639436417
0.492494974057
0.497845144925
0.297292157383
2.5379479236
0.147513757437
2.21665977858
2.29513415309
1.72743061202
0.307978079124
1.65555456536
0.349476179615
3.11712213835
2.54801832356
0.238698936593
2.26095661962
1.94223504614
2.75872301247
2.36468223382
0.510139442643
0.872037452907
1.05214164394
1.03911122494
2.00532451374
3.05033955007
1.79509879427
0.535788435629
1.59755227268
1.662493168
2.66008276048
1.80432261196
1.16279682722
3.06513399269
1.84172596125
1.51377709852
1.45993058238
2.96141084258
2.46420757176
0.980226723727
1.60917400556
0.593527396684
2.73414425106
1.30859580145
2.92264930846
2.65943973618
2.0942480107
2.60730541192
1.45064063813
3.10812952884
2.92862430222
2.30778057855
1.04885257909
2.44188137114
2.57191013808
2.07030689293
1.17343580284
2.61357119857
2.01882320599
1.94000863895
1.92599035806
3.01680201103
1.34239345845
2.54777737823
2.54031921861
0.651222742006
2.91655997836
3.01751451439
1.94500229349
2.3217326438
2.58310616807
1.8711756618
2.1615911002
2.79395675006
1.46950225718
2.59669824654
2.76365304953
3.13958541566
0.595784086227
0.51952053537
1.98097815495
2.53429177676
1.40798275942
2.84433430575
2.70221493909
0.570057167484
1.15499708569
0.313094239912
3.06563589454
2.81398962089
0.279733837562
1.77504427168
0.548701149024
1.54005452306
0.428597658671
1.30547333411
0.715643043836
1.17558625207
1.73678388552
0.0272114099424
0.366749173507
0.349791674401
0.88345211788
0.0117512193981
1.00149659002
2.31718269323
2.0755889166
3.03566827619
3.08285388277
1.99878954527
1.41421786
2.88463315354
1.17077457316
1.79937773113
2.11639882444
2.42537752945
1.62038938804
2.43752953026
2.8941297083
2.42061910324
2.24501930324
1.57912414464
2.5807194621
0.0749833711299
2.37906793523
0.357378644025
0.509447437341
1.91162094472
2.08431462977
1.87948341716
1.5747173146
2.89127176163
0.262626537572
2.75243207841
2.50414326117
1.61350401499
2.62810959693
1.86351577444
2.38999668797
0.465204841729
2.14269549314
1.64797912822
1.79174877276
1.62931132243
1.18761543694
2.9141291588
0.188670366579
1.91426634807
3.06817172807
2.8192242381
2.54813422
0.779119215087
0.463623133964
0.609418360052
2.99643327934
1.71439964033
1.80096629563
1.44972217775
1.54114561523
3.11528963527
3.05714726955
0.457710791682
0.459329426793
2.82168174847
1.78949777607
1.9796484046
1.64017867506
0.646572192888
2.75463199854
2.10314304065
2.40387237974
1.33090106013
1.07461593844
2.94247693513
3.05643090002
2.71578689471
2.56784576162
3.0301613133
2.91832942249
1.56945384748
1.99845800237
1.08062252803
2.3290104469
2.52761602449
1.190061173
1.66167648372
2.78994656134
2.75444013004
3.09566370936
2.09776850702
3.10463046005
0.833855508133
3.08090432425
2.60536059602
1.61105919852
1.64329402963
2.05135508644
1.08841107224
2.4875149846
0.320631514661
2.47460073484
2.5977536519
0.86369561437
2.73074451549
2.1092061545
0.968026356741
1.87487294419
1.05517362699
2.83044692954
1.3946533189
1.93937717928
1.57978732025
1.43468558418
2.08155045482
0.871076350904
1.89407585695
2.78254004825
1.67963589886
2.35093809173
2.45522323822
1.54670998218
1.86290330753
1.46468807744
2.64629993476
1.86452874217
2.93945663973
3.12497260674
2.33924461301
0.209000274406
0.658731927639
2.83202232961
2.42929940475
1.11254597414
0.812238382182
2.73262298831
1.81422971256
0.479701406348
1.51924070492
1.9347816004
3.04955012126
2.69910478567
1.2653299479
3.06944909824
2.50543557678
1.4879070001
2.50092672338
2.11869474879
0.980069561578
1.95283116482
0.104573266226
0.896111844785
0.78168689162
0.0171452039871
0.203384533427
2.24548039788
0.493326745546
2.15034781573
0.660841194692
0.217435486209
0.812380599035
1.53850400214
1.48616953564
0.103085452241
1.98255761901
2.47115730208
1.48409392128
2.64559762254
2.83339069127
1.10452644476
2.78825335026
1.10835155216
1.79815326918
0.456723700482
1.33405000658
2.66015763174
1.51324180644
2.71241103191
1.73323238662
1.70406757754
0.723981521893
2.7573396355
0.326043441575
2.13378725787
1.33309167516
3.04202452093
2.05245463555
0.41264153854
0.457329719141
0.753268289814
3.11157851974
0.626293914871
0.138754888577
0.0666742173933
2.50888640883
2.46720801692
2.67562583319
1.84918221425
1.18352373164
1.30945178746
2.68698109127
2.69336118511
1.46063852498
2.90565759326
0.380306302032
2.1042782482
0.847750457596
1.55712148521
1.56433959875
0.978275266223
0.961940178939
2.100478061
0.560792827226
1.01862937343
1.716906706
2.51532446085
1.13307024432
0.515051435709
1.81461390179
2.93145912029
3.01829934194
2.10857452172
0.186713538154
2.53310434456
3.03828679683
0.873650571379
2.43010818815
0.96873591824
1.53707770909
3.04455315392
0.159179881869
2.09950880395
3.00722280596
2.23585165902
0.599495756158
2.94893908498
2.703154108
1.42477637809
3.09596236437
2.41910225248
1.27877815152
2.31658117437
0.159516880577
2.35644026687
2.34252887736
2.9692170325
2.44915014594
1.13212959415
2.60889491496
2.89928474865
2.67935096877
0.0373670910282
2.60416853411
2.35079913628
2.62824307469
0.61745570305
2.23924796348
1.09258987923
0.58318383365
2.30877889967
2.93533667114
1.88198967501
2.94062751358
1.60431018893
2.518379528
0.653625931141
2.91155433538
0.426155432495
1.74179845471
0.6794064279
2.63425207447
0.939658208648
1.29956553808
0.10026094169
2.79085191318
0.575563058441
0.0290291001606
1.49014973428
0.446179679241
0.951310921001
0.965870799867
2.71107832363
2.31093084118
2.51244288101
2.35536694213
1.05341521459
0.102218472657
1.98202634077
0.958032628791
2.44275896094
1.6258680114
1.62633587455
2.81521464422
0.757140391262
0.539548419395
0.179295659267
0.133750502872
0.344102164525
2.76452270973
0.551585265868
0.0571889594373
2.79236827508
2.19071883798
1.09509381785
2.24004150613
2.85093452997
2.6786287467
0.105680603333
1.61617437195
2.47450981761
2.3172780642
1.74715624355
1.76992656483
2.3138414661
2.65390248248
1.56368481566
1.8073183937
1.53073560036
1.78632480914
3.07844378946
3.10115688156
0.625310478845
0.0101569793568
0.89435607767
1.57163273821
0.236936605429
2.1465267527
2.37264751721
3.064377875
1.29032774244
0.973505126796
1.08747773541
1.99245125113
0.143036892947
2.08696577296
0.0108305555895
2.88002744228
2.46132505501
2.70533365509
1.58939112157
2.92490119963
2.51296941557
2.03738519788
0.747511360668
0.582310497531
0.962836053478
0.85523733688
2.08768410218
2.07365745245
1.58746646556
1.9486884334
2.17611945858
2.55852561943
1.62222297295
0.925234551085
2.56112934669
2.08064239917
1.38445903999
2.87198990554
2.63611646353
2.37470292725
0.169268907173
2.87950577441
0.556191401007
2.26739179423
2.36380270978
1.69056503696
1.09643046513
0.910989155689
2.17061127586
1.78175036887
1.18338562202
0.358627986782
2.11119789428
1.81974370584
0.356685967318
2.16230370583
2.00153468541
2.67697313278
2.77672052182
2.39491311985
1.72531922094
2.4818523203
1.09917103524
2.12382857629
2.16431486591
0.207267613949
2.82078029585
2.05125548917
1.86465615637
0.755611466161
3.1009668731
1.37224466521
0.75965449197
1.55875725888
2.33658166312
1.89293567293
1.21654730443
3.05802602085
2.12061918435
0.890370321577
0.258222151843
1.24150778823
1.45828206545
2.85031760349
2.57129932961
0.789034759392
2.14427189213
1.07047911354
2.00770122119
2.37668570703
0.105511845414
2.61665276908
1.97026200514
2.12024455835
0.79405832333
0.0988776905715
0.486562090643
0.199291377073
0.485045880131
0.443574082857
2.79855387383
0.568582416658
1.20854374944
2.28542579123
2.20365275071
2.96616677558
0.0120950039741
2.93039955782
2.95247804486
1.43683090668
0.645459863522
2.88595464372
0.882745059447
3.10908329635
0.0560664248304
1.39758863558
1.20566901975
0.606291110987
2.69574777244
2.59444334977
2.27299948405
0.669237028525
2.7863637761
2.24927662644
0.69554203224
1.12283626651
2.44491390894
1.73381571655
2.82503129096
1.39321511
0.330711882658
2.40103133102
2.4859275284
2.03935573315
2.02528699951
2.56958049513
2.28175428331
2.74610925512
2.27091698574
2.02508795158
1.2448920714
2.87556159251
2.59855502222
0.958909393025
0.949420624604
2.1857266788
2.86331811446
0.0855223436893
0.449129560086
1.53064889849
2.22448813864
1.90576293984
2.37671049395
1.29318866126
1.60592288283
2.13165712539
2.98609302053
1.63559657468
0.803640056586
2.94600453676
2.40217545755
2.39555905523
3.1371847389
1.89442974457
2.28713429707
0.0163227697296
3.06044521365
1.97690813419
1.72861297234
2.74793191549
0.172851494486
0.743297459393
0.0945280292803
1.80794831644
0.543933287965
0.368529151623
2.4527457483
2.0558049256
2.3595408315
1.25666048796
1.66398958052
1.33705194303
2.69111580216
2.68314153433
2.09401937914
1.87873200888
0.439628901792
2.32471757369
2.59353665821
1.07730043351
2.32170286438
1.4170819684
0.6893369391
2.80064912871
1.56457769743
3.00211379384
2.04939131696
2.33326004111
0.324693242556
0.0382136530134
2.15726754704
2.81167635079
0.469011039447
2.79747741276
1.92359771535
1.42723260435
0.453256991475
2.97185199415
0.913009541805
2.57799708474
1.85175539178
2.08448248374
1.37823217494
0.752742674945
1.53686150287
3.1197905651
2.15561164814
2.97975355428
1.8586191652
0.195805997421
2.49072912156
1.09111087366
2.39251109305
1.03605941337
1.05474876637
2.32238790373
2.37839843788
1.94324296916
2.30989764645
0.0509067192931
1.4604119189
2.89422662878
2.95327751784
1.01247224805
2.88192032267
2.92775534639
2.44510583474
0.447866777334
2.80906352749
2.98127308579
1.34065181109
2.10153007555
1.88301018403
0.117312376011
1.5718576005
0.689848981971
2.83940390702
3.0701473871
1.98787339512
1.53823983797
1.05844285668
2.94809709029
2.18936031288
0.833082791869
0.57806015065
0.175392806359
2.08856225033
1.2630459763
0.0815331953674
2.9453477332
3.05487698674
2.65198569595
0.896268217596
1.36477203108
0.815671402156
3.06623851919
1.01158883881
1.15860294256
0.301207383793
1.12864969719
1.38116016667
1.2210474971
1.83236245212
1.80557895428
0.887930647155
2.83236556412
2.86482712583
2.90268412947
1.80325721393
0.958938542668
0.414953369577
2.72574358326
1.47061472412
3.12255686431
0.753830275135
0.358966645854
2.53932382509
1.64183169211
2.2953397537
1.76911139999
2.50734961731
2.49370825585
1.52256616345
0.53673979499
1.70212690414
1.25735950234
2.68653587965
0.0993657272295
2.47207010377
2.3026768781
1.83787160209
2.54409046452
0.201891041953
1.84711625547
2.97111498505
2.41629039872
1.2744654972
2.1465323748
1.79016098855
2.72375723262
0.019854747695
1.55646270103
1.38475827232
1.63493762395
2.55403890747
1.96278658868
2.82215815571
1.55022228077
2.15361377576
0.00658429584679
1.54557721266
0.871362760686
0.139211088144
0.282298303062
2.89760545288
0.428380872593
1.32105095789
0.386659593425
3.03176842385
2.62025855912
2.94913953354
0.997851561444
1.72911940089
2.69242111311
2.26218189605
0.197334268193
0.738933011437
1.42382729725
2.52187733148
1.54812571828
1.93778452223
2.81410316975
1.58699573273
1.4138189956
2.70167060508
2.47481445447
2.76660743844
2.9845628485
2.70931721318
2.55942956344
1.47813292903
0.0144775254459
3.08667800258
1.48717217867
1.70379828787
1.28368177074
2.56941353634
1.37030532964
2.21663713885
1.34194875293
2.30661497912
3.10627610542
2.07746120494
2.66506043606
2.36940979047
1.13620053669
2.77886790469
3.09488647379
2.8929579482
2.28155554249
2.58992231273
2.85644117209
0.14969194122
0.890649640802
0.186671025559
2.84725876517
2.60402945571
1.91567747277
2.07347075818
2.27367606218
2.19823091403
2.69858900256
0.348892193478
2.98456361172
1.5027280646
2.28324708315
2.23789771148
1.50677308752
2.42588527056
2.32166140106
2.75678092828
2.84142778007
2.50692340213
2.02130556173
0.0332499771825
3.04757858349
0.7146420224
2.96003936736
2.75042828446
1.63560553078
2.17310230872
2.97349986702
2.58677140961
0.82107183686
0.467525896417
2.42284027947
3.04287183067
0.597961523459
1.61101126669
2.90865729765
0.838616520926
1.36370580545
0.775012112173
2.14883073241
0.762413306957
2.71133674653
0.781218572288
0.589763742293
2.46789866113
2.89376751217
1.2891305565
0.0471066995092
1.77927883081
2.33068097904
0.705363936718
0.0239053221465
0.919620296119
0.534792249857
1.53044143739
2.64111912874
0.291163872283
0.53818532735
2.83747679096
2.15590080722
1.98420164027
1.83736312889
1.85457804561
0.983209859615
2.61660769096
2.90425434466
0.453437054045
0.383819202153
1.58552002487
0.321985357137
1.22256248984
2.97051449875
0.4706744439
2.83104077471
2.53186249729
3.01028203855
1.23794718627
1.85895484137
3.14110531047
2.64093680942
2.73264849808
0.559449549377
2.31172461219
0.671789358869
1.76273487696
2.51161866009
0.945559645573
2.03407665016
0.765223707148
2.14541295588
1.99724067151
3.12425013674
2.06355029304
0.860899657989
1.24596649656
2.99502073788
1.00665299865
1.84736690995
2.31832888563
0.219034084501
1.27326381137
1.16067950586
1.50942253649
2.52544095997
2.24553833988
2.17895709441
2.08068052972
2.56613311658
1.98755602214
2.34115840658
1.41411341337
3.07673493263
1.40141928668
1.62964477264
1.85890784538
1.22173031504
2.54162852524
1.43633618639
1.5445184796
2.82456054628
0.0908318527351
2.94388523265
2.66797466175
0.214034438274
2.6473605134
1.15434788148
2.91902740711
1.98618314238
2.60799931169
2.56308476298
1.89213736999
2.58202639262
1.85025813676
2.23851061186
2.41069952588
2.29179603987
1.68624196108
0.143358098275
0.362610960075
2.11685000092
0.513580589938
1.33210786586
1.56606964877
2.83861876341
1.2403840053
2.06091756297
0.710747838856
2.62842652892
2.15134871951
0.869322585871
3.0934870843
1.11666658849
0.180692260583
0.394830042067
2.9719681319
2.50414043184
2.12414454799
2.53457923643
2.55781800235
1.69296725567
2.63177384969
1.50877273497
2.88335300624
2.28526250316
1.91169997063
3.01857202063
0.283446129479
1.73867991809
3.04424947031
1.53803219122
0.914761929654
2.97943463656
2.50185887734
0.99458967452
1.66334467039
1.78578577339
2.33786599755
2.30032358451
0.235702584059
0.207029836485
2.88665584968
2.54913063575
0.343949802039
2.55102599045
2.17144107999
3.01636377472
2.95796955659
1.37123340977
0.0197301537627
1.74648346755
1.83941142765
0.377688051121
1.32084893052
1.47849114098
1.46652918791
0.749917231217
0.507505548266
2.71116506183
1.27965777289
1.62582482709
2.27780244152
0.0302087085834
0.896526701179
0.362142825949
0.794772351064
0.627525121865
0.584406448252
2.89688076872
1.48812119676
3.0982842235
0.695937741903
1.95228934079
2.75516839598
3.0368923165
0.246931378725
2.19935785674
2.46992882344
0.0990498324194
1.33381612798
1.61444049689
2.26046349164
0.777197339277
1.94606371648
1.8178974245
0.473493373859
2.19648910575
2.38572749264
2.39004987441
2.73498141948
0.14935734682
0.455895251379
2.22548719423
1.43779098132
2.58394952096
2.88578895461
1.39579704433
2.12614732244
0.0166187868915
2.02209726388
2.5731171866
2.72250306778
0.886072086399
2.82192782203
2.79068549414
0.849489252308
1.76481815037
3.01987242793
2.58242682379
3.04650095892
2.40126533878
2.26602874166
3.05827027839
2.74660779751
2.28203634685
2.9754082545
2.80817352372
1.76352503478
1.61611737576
1.75401408429
1.05498654397
0.933906845551
2.83723719923
0.909617382953
1.54683730227
1.23497010434
2.07706291386
1.04692024072
2.02295425286
1.66851495717
0.514064615402
2.72273522041
0.725344723667
2.360934604
1.03770744728
0.720626506533
0.599850139895
0.797257865501
2.79038429013
1.53061907119
2.9781008013
3.08896528031
0.34054943547
2.72096566517
0.826438430723
1.33835080763
0.0777951312161
2.15699976095
2.60509985533
2.24170996225
0.668619254873
2.84557862261
2.7494801301
3.12333406109
0.101013094688
2.51847538827
0.674608549727
0.368396095753
2.42781589025
2.12112068716
2.62221715446
0.846549494861
1.72529418819
0.749175220068
0.240353018819
1.45464957519
1.67637899403
2.4270271025
2.97376425094
1.30814994448
2.32894870511
0.309337210257
2.67352314522
1.23606590571
1.08159142108
2.85295162413
0.0120845249654
2.80962614237
2.99044670863
2.10865961494
1.7471520057
3.12362631843
2.75222373469
1.35132049148
1.6477191528
2.37757952263
3.00570003941
2.9785364723
0.0961262489911
2.34082569112
2.25562339034
2.41884204832
0.813863338465
1.86959242873
1.89414449425
2.16564141439
1.46938110788
2.73840118348
0.15199446253
2.03303433328
0.734064555701
2.43646121303
0.856824998696
2.72813343528
0.789602572115
1.4206763984
2.47005963298
3.00023556846
2.24313852218
0.369835750891
2.11606732587
2.22203061786
2.29047891993
2.6585107787
2.66088905691
2.85335370733
2.50017079343
0.0895015878746
1.87408956945
0.215073888945
2.38502074843
2.44072590393
2.41250878375
1.08787155935
0.416599033957
2.2414043637
1.06545182196
2.29892382891
3.04605158793
0.43520035305
2.06486079473
2.88947747112
2.85604273729
3.0896119407
0.251209552441
1.75026739633
2.56782182333
0.427925767986
2.88019868695
2.53876800445
0.209647824183
2.89603882272
1.90313714245
2.51465510258
2.28482887749
2.55473958785
2.93437079023
2.2393514162
2.69776051177
2.94706141832
0.54857846682
1.80385520149
3.14135775804
2.71193850055
1.89185696198
0.595990923118
0.348494950011
0.598859200591
2.65965024261
0.89890992077
1.12606430379
2.01571980865
0.50537095315
0.0790582437863
0.97857284393
0.775840184749
2.96597460782
2.86231411251
2.55543944639
2.79978278475
2.19960165328
0.6993907066
1.26088289435
0.690802913195
0.798850754127
1.22327685478
2.38436364731
0.976077017327
3.06030238638
2.57174715534
3.10541889444
2.17875519096
2.49255920091
2.66601671038
2.54078341402
0.932499404755
2.81885279777
2.01008348071
0.273739465167
1.72941071515
1.730180313
3.00391800034
1.02833529104
3.00991644205
0.484099305469
3.01981158822
2.36942563466
2.32203654699
2.24447228748
0.96597328937
1.02417929128
3.13151446602
1.57509089871
0.955827324926
0.334288064596
1.2103608647
0.0832420785395
1.97356829387
0.798630434273
2.57561756554
1.41516843056
1.51212018627
2.62432015574
1.2760030408
1.89751423259
1.43186213437
2.01752914405
3.12425357029
1.19477665917
0.454890331618
2.26693851676
1.32359393482
1.34823600686
1.21736978668
3.08206906776
0.605992725245
2.34447701011
2.36126074365
2.92405607433
0.0570812350854
2.7123983447
2.57309344034
0.589776492888
2.76502430066
1.27467932957
3.12879712881
2.7280571236
2.08806485758
1.07736124858
0.755874338207
0.831552717329
0.044951076773
2.25949617754
1.43196405801
0.731657906269
2.10628547961
2.4360652488
3.06796282144
0.143614743711
0.687468426524
3.04278185258
1.5936906578
2.81023152182
0.228877648609
2.55469443411
1.7867182377
1.11070810555
3.10578413558
2.94518671151
0.859094078674
0.634451103587
2.2024993412
2.99380904368
2.64945571937
0.0444504943025
3.12369804848
0.23671652783
1.43327375664
2.13595401514
2.97036375674
1.8980028136
2.41594979
2.64162298293
0.269501299043
2.87671941972
2.12762808838
3.00398265155
1.26094563338
1.85841409185
0.399809435289
2.79220961741
2.06742324455
0.343429989521
2.37055333548
2.64980560574
1.19439294347
0.708900604882
2.69506296925
0.928659218374
2.67949581058
2.38178806231
2.39118529899
1.87189331618
1.3787484021
3.10263357086
0.732931037689
1.66351110883
2.78470367775
2.49636690891
2.28620733484
2.23301006528
1.78534506264
0.341207146549
2.72198445572
1.66770045376
1.40049244154
3.07872656663
0.302289826922
0.735837629537
2.45139480536
0.515243035343
0.397849224023
0.838694715613
2.07062062946
2.15639814496
1.70448788502
2.91740753641
1.59352613636
2.38605537297
1.80521340186
1.56146286569
1.61339473076
0.16988481695
1.81455972381
0.122619100046
2.56537384333
2.94601276775
2.34393487533
1.8381493824
0.317588215991
2.79185006252
1.31694398567
1.74168423753
2.35952184201
2.72085166674
1.84311787229
1.80468997214
2.98672575291
0.920285980032
3.13218550333
2.95770996777
2.34579384898
2.12403372814
2.14016601081
1.70564234229
1.60407674001
1.85527864459
0.0835258594446
1.91433862325
2.98475223662
2.95121933828
2.29121262101
1.453906932
2.53830327651
0.193223617102
2.30296663827
1.16559122317
3.06958178343
1.57125269503
2.70841395034
1.56974052091
2.86114695898
0.834723545514
3.08501489515
2.40064521139
3.12509279505
2.33953776012
2.73732570231
2.22581521229
2.33192241208
0.909911245868
2.40860790924
2.07013765906
2.08519867244
2.36654856576
2.67899520987
2.53872826277
2.94712613322
1.63448254925
3.1159377526
1.84540603134
2.89177617004
1.24417698284
0.640316000713
1.03744434582
2.87281098888
2.84673171189
2.22757793885
1.55915426972
2.14532656308
0.895074612281
1.01366479312
1.74828928012
2.04723747387
0.967883064703
3.01971552204
1.40996467962
1.63818677456
1.29056074231
2.48292381197
1.87610488829
2.07407954353
1.80134964706
1.91627908242
1.65803785311
1.13838392253
2.85247903634
1.14491614728
1.14994048855
0.321085213489
1.21559699815
0.42893970348
0.65364832512
2.09703996538
0.636082602035
1.12926761077
0.899297920406
3.02774400501
2.05422438209
0.991514053111
1.18231340699
2.15963432918
2.18697602379
2.76070171618
2.6487607189
1.45586620141
3.0344270128
0.519297089344
1.28106924794
2.43879081635
1.8689101572
2.39887345824
1.47065899172
0.661900307057
1.10121473739
2.000559629
3.13861418567
0.706581554877
2.07075876499
1.73258118467
2.88477323661
2.07285463334
0.94144759998
2.27399198043
2.3911237661
1.65511482209
1.36540885859
1.84088209101
1.81498930613
2.46398434201
1.92026219359
0.773498709556
0.0707658903459
2.72349768005
1.01206073666
2.87688904232
0.505471012332
2.785200374
2.32677682631
1.60016445245
0.813064377285
0.218747137266
3.12244953658
0.552891720748
2.99327457976
1.72270985455
2.00631284134
1.48263744288
2.79453163406
2.65622305982
1.77608903418
0.84442076319
0.254485700484
1.79146325268
1.32564158295
2.14438546821
2.20313147172
0.676553255257
0.312545817195
2.99979447561
2.65205045687
2.6604977104
1.33648262197
2.42357805738
2.12192859475
1.76772383687
1.70918918391
1.99871294894
2.81209488305
2.83051944752
3.04597678545
2.87752910642
0.619479898459
2.89910736374
2.75615731598
1.00653263508
1.96525900575
2.10220678456
1.77104748631
0.897438807821
1.72924808604
2.77430393996
1.6976265186
1.80688674463
2.68062362939
0.674969215897
2.12207146016
1.24470361773
1.7157203294
0.950823098275
1.21386840458
1.07154716186
1.07821649299
2.95495214177
2.48505625769
0.348139065024
2.89596154852
0.229711478962
2.1031507213
2.43323817451
1.89307161582
1.90048110865
2.72295898158
2.39366458634
3.06285583481
0.806538319552
1.69168395224
2.70436054913
2.79491042371
1.49496263566
0.924333900985
1.51796514921
3.07801423825
2.46011072115
0.140786604251
1.40646127621
2.12147870075
2.73985940199
0.130810195329
3.03187926344
1.41126838045
2.93633033504
0.257680181271
0.781802761043
2.95169771869
1.86082131125
0.0896935784141
1.35579354567
2.15743737119
0.691402339246
0.741715671466
2.27784030618
0.930829872606
2.29154167841
0.826800115647
0.221776258956
1.75266668918
3.12868929288
0.0350959320359
2.71777994016
1.65945460422
0.918533782094
1.42672388509
0.220912717829
2.9948040989
2.33679674588
0.930371791476
1.92428357522
1.87792021166
1.73387848517
2.36174751406
2.33142429456
2.03235604723
0.229740002296
1.53358376197
0.0870257126984
1.80946809407
0.348836216727
1.82292611951
0.684267232076
1.44308076467
2.13521997113
2.6554896949
2.55116204793
2.55708730285
2.69508918626
0.36459105227
1.13017783016
2.95543805539
3.07913666194
2.36459232333
0.785088571465
2.99287927114
1.24664427715
0.248760062322
2.76910409377
2.65168217604
0.711950579658
3.03209596267
2.20735556369
3.06785827311
3.12345095514
0.820372129528
2.94627585698
3.09436889808
2.8468790061
3.13064080327
2.29215692873
1.99306760858
0.379184707327
2.45414300407
0.768096898634
2.91454613211
2.93021137807
1.07616574559
0.528226506778
2.62880954256
3.03886717893
0.0570444204824
2.25025208618
2.00719746817
2.83194744151
1.88344936687
2.27545610256
2.72567788491
0.934680438929
2.3533843725
0.866936949839
1.16177964913
2.83018188895
1.53127044939
2.61397718736
0.341770395106
0.088325224168
2.47911066161
1.59811859481
0.434487573415
2.47991509002
0.286449968597
2.59860700039
0.715474492413
0.000780131826381
1.12400260311
2.84984269687
2.92242387541
0.185390469853
2.0382063969
1.40639828488
2.87889044086
1.24202063958
2.74632544806
1.2701185946
2.01133982195
2.9506134909
1.58085346236
2.44412958858
2.93760459772
1.29251738373
1.05078918519
0.987832066427
2.13505970206
2.61563889452
1.65392562537
1.30641847162
0.671227037175
2.82490256427
0.925559744525
2.96226139616
2.53111918393
2.95899891754
1.74596613756
3.09285904414
2.45725894078
0.38549000902
2.00269977124
2.51456194839
1.8990547819
2.23936375979
2.84557551439
1.93091627716
3.1122547881
2.63519662039
2.80954662961
1.16894258914
1.45908799049
2.04599577317
1.83802080076
0.479227121415
2.97625175096
2.57455858829
2.53521284293
3.1034026408
0.659024989603
2.71086834406
3.06473730807
3.09960434189
1.56058599535
1.81869471929
1.55794840652
0.523452940656
2.94908600795
1.38255787395
3.05308883966
2.02474758666
1.19892490817
1.76020441087
2.0334175199
2.95143601203
2.59026929798
2.22370809275
2.78939141806
2.85490994389
0.982159877704
1.68321561938
1.91187285645
0.714158356322
2.32159082814
1.19892730073
3.02112864326
2.14857090258
1.21694411896
3.02980437475
2.50021004995
2.7258529707
1.97941936169
0.191355170948
0.125576509569
2.81930442038
1.49544541691
0.469304002293
3.06139681942
3.09306046368
2.76045759
0.842055875568
1.40752278143
2.23824061073
0.728482489904
2.54085819066
1.46828502865
3.12111106523
0.539286490456
1.35636156381
2.76775684741
3.0292936082
1.62413695117
2.55055040304
1.63595734973
1.34295744602
1.68230827009
2.16525034125
2.2235583641
1.17871947736
0.299678413744
1.96015866495
2.9052885898
1.85481380635
2.94665083909
2.81101301639
2.52875294621
1.42476782124
2.75213742479
1.7166870331
0.982923799258
1.56524916584
2.07958986183
1.18573668598
0.127714465314
0.46974921837
2.5736561676
2.82539343917
2.19412421095
1.1439772397
2.41352938252
2.8244432193
1.27056249926
2.02439466168
2.04863884891
2.20555713325
0.729806710174
2.07939291732
2.84471623087
0.0781639122258
0.997893078772
1.1872196717
2.08208781654
2.91399897906
2.27627446127
0.127488224981
3.14032391167
2.59917402953
2.84978814621
0.822169706706
2.24981643397
1.28917853953
1.94552385738
2.17269204587
2.14755595379
1.58396479112
3.08239462212
3.01801459847
1.51475851891
2.19885082807
2.78637973347
2.39622961044
0.787271022692
2.6912973747
0.772920025362
2.87763411444
0.0293824880162
3.02011016232
2.13406519371
3.09751118944
2.82933298222
2.07394102228
1.90258630499
3.06808753442
2.36457348874
1.61955923415
1.92906607113
2.03970878874
1.10845666807
1.4041178688
2.20234557448
0.962690968102
1.89744276488
1.83745661278
2.47592274579
1.05168334445
2.69399298585
2.27973446266
1.11049393582
1.89927811227
1.49886362038
2.31546352418
2.15783084599
3.02473314376
2.48112183529
2.31878233003
3.12753064696
0.5650489721
0.238818140215
2.19544642224
2.5774472966
2.97759599659
1.94902918059
2.58475105172
0.0494947693117
2.21437732013
2.3463342469
1.56518634742
2.46188643402
1.38910561969
2.13459825298
3.04363201872
1.6421673692
2.63529034546
0.0581258662715
1.59450160575
0.519780416486
1.16548038879
3.13338694381
0.192504255313
2.31988353635
1.96078833593
2.63041343569
2.07198169659
2.13113069608
2.33673773579
0.268599682093
3.12285012734
1.23471165236
0.273622440793
2.22467694632
2.23632981389
1.44710377316
1.39955295031
2.08655428813
2.19165960819
2.39853209921
1.08635136608
1.11055118426
0.625802776544
2.50097327314
0.9820370434
0.905553737726
3.03885479932
0.664041591177
1.25269517542
2.05807852958
0.98581155562
2.73387720625
1.73858581951
1.94707391438
2.27576136356
1.07807088843
1.42260595588
1.52769160255
1.61318148752
0.0136823183276
0.250405971647
1.56098437191
2.80616789693
1.46303399956
1.35061986454
0.60631939898
2.95285325977
0.456572818025
2.64885677665
0.993687494553
0.834684212507
1.09427641686
2.07807865849
2.3561784159
2.63097327245
2.06031893671
1.08780717651
2.41429367362
3.02492690356
2.17833664641
3.1057849103
2.77135477491
1.12845674582
2.08814962612
2.37021122993
0.625103916394
0.732253368204
2.8253955981
1.56928121668
1.94271993923
1.96219810984
0.875256515143
2.5183510777
2.93632719288
0.599720443174
0.927622812004
1.77042916867
1.95536308019
1.43880875342
2.7805040152
2.13724942409
0.60832584501
2.95119286638
2.30169483281
2.41101563125
2.30099850176
0.916338792754
0.0718044259738
2.05685043157
2.2826665004
1.67590026791
1.19493629986
2.06391368471
2.54777841649
2.30767376881
2.59451630577
2.0879621517
2.58332901335
1.98779827463
0.263650743291
2.70341191783
2.51867310978
2.66037053699
0.453519295855
0.730142669937
0.431241522188
3.08938614364
3.06849565581
0.782424703128
2.74539688688
2.71955750824
1.00755019478
1.25113043209
1.01255148065
2.66641665094
0.828140367979
2.49301576334
2.70884331913
2.99329869877
1.23300485155
2.08124392099
1.0318343695
3.09788720779
2.46504746857
2.93223946679
1.9554033733
2.36476096539
0.776421572799
0.407666165178
2.74228201675
2.66512443092
1.15050448363
1.77724073427
0.0612501295524
1.91957298371
1.45241842825
2.68428473437
1.97659429087
1.82260557914
0.689860222131
1.78995067758
2.26605950599
0.197673781273
1.82343966942
3.02324471005
3.00231022922
1.99532992669
0.0144890539802
1.54424041186
2.61226360017
2.60845723412
2.59559769049
1.42922136347
1.31496787487
0.422411736262
2.40250733946
1.26584044481
0.430778321628
1.18265994532
0.647531497993
2.64920343991
0.0301869306714
0.755453624867
2.92484245317
2.75274940313
1.48904990594
1.31547216828
0.182448637166
1.16666899632
1.62083053929
1.76268019183
2.8600665093
1.58742116123
2.95025533228
2.35741000186
0.0278247289703
2.60922427409
1.59649542829
2.55021340608
1.76899712592
0.505284583258
1.12562031522
1.86926130834
2.65022488254
1.49538126561
0.843933358339
0.89006707655
2.11548803389
1.20520556089
2.42551792559
1.07673269617
0.0391556993911
1.38642716292
0.699903085648
0.689998038238
2.77956953147
0.689193170234
1.03635450338
0.671012769276
1.67323433603
2.6640404006
2.93028017424
0.494349898302
1.30252008145
2.5510387917
2.76024979518
2.31913400903
0.273018790021
3.13003111005
2.91836975283
0.180220032628
3.00247055287
1.75759303117
2.03163423364
2.8904505844
1.5049334491
1.66023619353
2.54733558548
3.01524743154
2.45887979373
2.58419997327
1.29511714977
1.75908860806
2.23040462449
2.00592254609
2.02724747143
1.73378876679
2.84608422939
1.34411196298
1.92013460021
1.75824243594
1.73077270831
1.33422245642
3.10706382653
1.6860289351
1.27334752291
2.77004078173
0.720500676478
1.87356772032
1.92036608898
2.53828214197
1.37346276667
1.10636635259
1.92406740454
0.0835953054771
3.08002112759
0.347532411504
0.445540139584
2.22842078686
2.06899120785
2.50471899441
2.90079370255
1.65239408283
2.05357935305
2.48172299349
0.649014912516
1.85712321548
0.150842916873
2.78159370468
1.36502471952
1.57197244146
1.98077856523
0.855705588582
2.15621180923
2.47374449965
2.34593368785
1.48435671104
0.86914287334
0.511240078239
3.09645324984
1.7062982014
3.08880927085
2.31080905903
1.9808546791
1.25872789835
2.03106809457
2.20598952842
1.7405980363
1.88236509375
0.320899509849
1.05577569149
2.47791800185
2.73635334231
2.23643054723
1.78800274264
0.225586077383
2.93896895066
2.54852246176
0.289343970393
0.153718729483
2.41852797586
2.08592150065
3.08580770621
1.16449841527
1.89622481725
1.1595227117
0.367266791582
2.46981594675
2.84604337023
0.796849895699
2.03897119131
0.513867389515
2.259654687
1.94127893375
1.03710026936
2.97044859092
2.88262936045
2.87187687225
0.496419224213
0.681645880385
2.64314879671
0.731827233265
2.4070817749
0.269180366247
3.1051348858
1.37632105544
1.56826930013
0.526110029525
3.07295992656
2.28990615142
2.54392093172
2.81613088107
2.46389128133
3.13024843573
1.32383626572
2.82592428983
2.06152577404
1.01862544451
2.43053106701
2.14741858665
2.56370188875
2.82633593975
0.495550228997
0.534005117661
2.51870726277
1.88664515368
2.99935618143
2.92329332943
0.920124560319
3.02014907543
2.90131772898
2.17242797354
0.222915453048
1.9956907931
2.85475979962
2.91728403841
1.02129189559
1.928080488
0.662597081451
0.452021507955
0.825818910823
2.42385206941
2.67003496673
2.02194396023
0.982398554117
1.98141375189
0.0696975144072
1.67586557311
1.46266570132
3.03583380832
2.10857280156
1.95997584713
1.55826755991
2.95726301856
1.73517913423
1.51529438282
1.69583649944
0.659055892464
1.97238967945
2.42421182525
3.05963668048
2.76396830476
2.05637287868
3.02889814839
1.02720642693
1.44248614159
2.95749882724
2.13140752142
1.8517381329
2.84234174701
2.77623112906
2.22389919966
1.35553117724
2.77653035007
2.60469267023
1.78833086021
2.51935550318
2.752418661
1.798165545
1.2373934872
1.21314507128
2.60655989519
3.10321843204
2.87146103947
0.0154320650349
1.55824293084
2.95141428981
0.231507683501
2.86379236307
2.15079986572
1.38215998783
1.98380601434
1.40205250605
3.10016602033
1.69879715343
2.81946647094
1.82184764256
0.07457255014
1.52686342845
1.491424914
0.935990412842
2.84358859619
1.96264437929
1.91936916558
1.65492693658
2.5915309015
2.61463075307
1.9387632004
1.43021979574
0.371676135251
0.415009975481
0.83139135827
2.34162576954
2.37677828709
1.93422346952
1.28635995843
2.82984493337
0.0872662510869
1.4589305673
2.80010174874
0.649979252921
0.356114160147
0.220172450838
1.41299851481
0.326618145664
0.300858673182
2.53395569824
2.87924165904
2.71944770763
2.07630913041
1.04647326322
1.49143826844
3.01364621298
2.0683664861
1.05934067812
1.21678831284
1.50253643728
0.430472549238
2.84771699968
0.513866973449
3.09674475712
0.754086429233
2.50000002885
3.08208822205
1.35477488596
0.191289353908
2.56506358961
0.894274432816
0.347482343076
2.49450335749
1.91054156907
2.93344999601
2.46052915934
0.676032342482
3.08734775094
3.07591389072
1.78647916109
3.01093797706
0.525489907191
2.2077370834
2.21767636779
1.73954515786
1.24075374078
2.34921209561
2.23817370383
2.38977460975
2.71620377085
2.81062782916
1.72593449424
0.668935120797
2.26959307038
0.488515569903
0.104157488146
1.76712417552
2.55477919401
2.1915635916
2.52722341942
1.05779799654
0.987973276745
2.2125344486
1.61809071156
1.9799476806
0.256318036615
2.3829551457
2.86524437573
2.50533411898
2.29501482696
0.897246512006
0.444966530793
0.0729793114085
1.85547732531
2.17921422598
2.30006028958
0.28321208159
2.21922381739
1.65628284232
0.106092130971
0.517658721087
2.16835113344
2.11793882734
0.942831664572
2.58771802382
0.302782301313
0.455996454904
0.373648685351
2.55437773139
0.821663863234
1.65990347617
2.27024517096
2.82441609135
3.05716377864
1.96983617668
0.69632268617
1.07097913755
0.353171063645
0.310147121697
1.97183274793
1.77246160269
2.3908329399
3.06659662841
2.66614920041
0.33055530831
2.20445540775
2.58442027351
1.51892370809
3.08279773234
1.40864481987
2.3847487639
1.86942530536
2.55277389914
2.47119102758
1.65366449172
2.74396612836
0.562789097619
2.25012792952
1.56859526503
0.792140073066
1.33928753209
3.03322394262
2.06562340768
0.491204343135
1.33320074343
1.4552137023
1.74499423987
0.0645642118252
2.31057554013
2.43426368418
1.68491015237
2.87908252128
0.83436730297
2.94978944698
0.276370867573
1.46435294998
2.59590216872
1.0326128682
2.28297873931
2.57161593591
2.89942608105
2.49488260707
2.85354029567
2.47695804869
3.08512793411
1.86241081119
2.64571573118
1.97243642589
3.0328286808
2.77824965058
1.09793313215
2.67379960809
2.92061093544
0.208282231155
3.05175120573
1.37240952854
2.88037884924
0.692529316559
1.29215245489
1.49144347909
2.30969723269
3.08969555255
1.99207184029
2.97066688473
2.98835355667
2.98851647122
2.32183311746
1.14504446319
2.45075885588
2.06669466083
2.57737508377
2.62219098082
2.5777192524
1.27730553583
1.32397463082
3.13213181695
2.5578402637
0.41387951902
1.0009632065
0.837357632335
1.48588485139
2.276937247
2.58231118672
2.31840803232
0.448446744957
0.15916086541
0.112159513552
1.26834849159
1.11604509912
2.93966115732
1.49833312719
1.50663056609
1.85782290518
2.67087466941
1.19685527185
2.76502441128
2.68132655051
2.50055856132
1.60143462399
1.53731586419
1.65360739411
2.69292227645
1.11013915653
2.99363448304
0.785196618201
0.133348297376
1.96617961579
2.03274207592
2.367831055
0.738792122408
2.96812973806
3.13319620364
2.58257096976
1.84806074925
2.03280241957
0.661685415182
1.89486203828
2.26230394051
2.44272461576
0.684207446867
1.51174664178
1.606534333
1.78553228838
1.57449186754
2.93497809755
2.80320540289
2.26151234356
2.00868336119
1.79119177332
1.55240571219
1.91763420153
2.02960137325
2.66438017108
1.59633548447
2.85976914441
2.12145469215
0.840017445143
2.69361622406
2.20792841221
1.26299375754
1.24589084805
1.35648313663
2.07290565555
0.709896961282
1.60251177728
1.01583596528
2.64360532971
3.05399121072
0.288675903265
1.37451891634
1.6420798324
1.89358329382
2.02387280512
1.52306318915
3.02839547601
0.134129876292
1.18527949805
3.04076719349
3.06784349743
2.76724471429
1.46843263418
1.37895613288
2.85244746697
2.76423660293
1.84838913693
3.01549696479
0.646240703504
2.20123737589
2.07498500736
2.31015794369
2.96262069836
1.89482816701
1.59980952629
2.87356875575
2.68342719246
0.68643379089
2.53876147534
1.93881593306
0.771237763651
0.893779955465
1.77259065185
2.36869207663
0.983272637578
1.57669159251
1.59372032687
1.58330853477
1.74066586526
2.2863363695
0.576240331347
0.276827838079
2.29005263956
0.572576321679
1.81457455578
0.847263284771
0.282481463551
3.12027252711
1.55500137969
0.47872286883
0.837345550726
2.0283161434
2.14598505154
0.85577377883
3.04034377471
2.48510938159
1.94935915062
2.62846261657
1.59527304796
1.13508209282
2.90074193331
0.262053631256
0.812184155017
0.874018715968
0.957421629407
2.27644836168
0.556659921987
2.49413828229
1.75825964583
2.0131132569
2.80357546361
2.70153222686
1.77936450262
1.89357509323
2.1340014305
1.92603606692
2.03652515617
0.299542168997
2.47281248436
0.595722816151
0.538537601071
1.45211409236
2.76268022321
2.92947780469
2.56539751646
0.927679718909
0.668327490305
2.66783805145
0.306709881698
3.12472084556
2.18708860961
2.06766646477
3.03413557903
2.64985597179
2.67373782883
1.75862170724
2.94113395968
2.63700290092
2.7793533175
1.04770324513
2.08578367648
2.32739123761
1.00024972623
1.64528116694
2.3027109767
0.97357943796
2.7283780156
2.24448851025
2.7578341115
1.6162977913
1.12939289416
1.21021988649
2.28316594032
2.38922763992
0.92992958231
0.286028056892
2.31265014367
1.22097450062
2.65709999451
1.31708474068
2.2813821929
2.8444787285
3.10200869921
0.556023804767
1.82205819361
2.2970499101
1.94492208643
1.41238184701
3.13296095803
3.13574985894
0.402227576829
2.30782421309
0.289475278901
1.76951492145
1.97315885754
0.684016135113
0.260726875583
1.26067503703
1.75311623081
1.60227485516
2.39810859675
1.84892853233
2.04543586255
1.64247230032
2.0875421153
1.66465606093
0.0474495709174
1.96720553652
1.2017077953
1.53168316618
1.18575526983
0.0389965511005
0.311108985038
0.890686140987
2.49783566776
1.36601540341
0.937312351561
1.14953302302
3.02084694638
1.42154343704
0.106952100522
2.43407134925
1.76027794053
1.71022073664
0.993533892607
0.548408706632
1.36612638541
2.97416737366
1.60154689696
2.58549373048
0.478947408541
1.05409342931
2.08372458538
1.81655197112
1.47789836827
1.89255879764
3.12696594771
0.383826651302
1.93489135245
2.88654440924
2.54128089243
2.02403004753
2.75301547561
1.96682462007
1.62169783528
2.83052422418
1.8965140786
1.62264708204
3.01994655227
2.58787927907
2.41405501712
2.75459332755
0.731764833911
2.96934994288
0.331819746329
1.63391787909
2.53176083873
2.66532490799
2.27146862054
2.97259763554
1.81008328411
2.98952978969
2.98110149195
2.71721071402
0.162009842837
0.330734805008
1.59868456093
3.10345589998
2.83532445118
0.761231810452
2.96263060222
2.26258793468
2.34107963167
2.02974999573
2.25760451679
3.07362622663
1.01064903212
2.87532887336
0.0630097067653
0.600160988029
3.05338383551
1.73956399504
1.4256784958
0.0858470794489
1.65568919274
0.154177705821
2.04016002623
0.747907675963
0.207733015971
0.342193916828
2.58765898086
0.327981191205
2.85779310802
1.60903692013
2.17917173055
1.10946847436
1.14039561088
0.715182065694
1.42471245753
0.404854019509
0.842616823825
0.292390322356
0.0417946191556
0.0783666231441
0.805140372898
3.05979250642
0.691704035273
0.322457779138
2.9612793514
2.54901561485
0.100975686456
1.5166667695
1.47386115243
2.04630611528
0.540193037545
0.28948666166
0.382242387473
3.09683835169
0.298475526617
1.19145892945
2.94467224679
0.559287128396
0.959699876152
0.0848559320373
1.92673551312
2.09233844746
2.76941455642
2.95219747048
2.58840510451
2.34426281845
1.94736313496
2.44552995149
0.21095748546
2.77158535742
1.26796366931
1.02732129267
2.4461194638
2.30104059036
0.105197146684
1.27862044003
1.33203182448
0.805094856588
2.01464535688
2.21292691694
1.11934687471
0.777012466837
0.790167414104
1.35907033045
2.83523571972
0.129341808342
1.63426184769
1.98655310542
2.86564643075
1.73205504849
0.359128549803
0.698528985834
0.776727626306
1.05522915194
2.51042983201
0.720521509546
0.648706224135
3.06888034045
2.5513225154
1.74962272831
2.59768967477
2.80590569406
3.1152795245
3.13905165257
1.14373004119
2.2452523472
3.1104529285
2.88935227836
1.71095091439
0.696954677473
2.86370883484
2.58461752334
1.78704942649
2.17443377228
2.65679193676
3.02892181802
0.261971460222
2.0906269545
0.557194297986
2.66330832521
2.45182889384
1.42446699383
1.50872318979
1.15266537301
2.9209245517
0.990214050977
2.47728993551
2.12611000987
0.434278208459
0.361871218164
0.574785672131
2.91572152429
2.93343033074
2.38948730425
1.50830821508
0.513525865919
2.81626489569
2.53385819054
2.72735917631
2.96486897107
0.0418801220378
1.14219897
1.51253547204
1.27933848029
0.217235174605
0.0563353744109
2.75982432082
2.55071955656
1.77522830485
1.45862998562
0.160086532103
2.91409924878
2.36293576367
3.11756603772
1.32682284103
2.76774352548
0.918302285345
1.94384590924
0.62111170828
2.92639393606
0.712702305799
0.554774148128
1.89368028321
0.293142020616
0.288041567312
0.71259446259
0.98953697331
2.57134420756
1.92166179953
1.42014400675
0.481922459789
3.03717230456
2.57899691463
2.94281394824
1.24619891568
2.11636328015
2.452154902
2.78230325922
1.02896739432
1.74286736811
2.36949689597
2.48573607088
0.512981754248
2.03805260272
1.49958414364
2.56733295322
1.9900961354
2.26157987082
2.26866500903
1.4569901346
2.8138585898
2.72080252776
0.0866048645579
0.836506155347
2.03497807632
0.346235008097
2.62864326645
2.00663384693
2.82099434264
0.174772651031
3.13866185235
1.55698513737
1.78921206746
1.8675930781
0.788200080759
2.85267991505
1.0090480888
3.00366445055
1.21776473413
0.3255237976
0.177786759748
2.2668505979
0.462796470492
1.76746322616
0.925671908681
2.74834405022
1.87792763553
1.12682219379
2.03135923237
2.07081147377
0.458908536625
2.12246586131
3.13531942562
2.40058632825
3.12727405913
0.729156189148
2.19709004745
2.13348218459
2.91755189133
2.97078780214
0.459777431332
2.0328009045
1.46474209472
2.73850214629
1.24390865604
2.21096827859
2.84491490175
2.57194565694
1.67545501281
0.270938768948
0.824393504225
2.20512813308
2.81730245997
0.973270648697
2.46469756568
3.14141356985
2.478493384
2.40571873993
0.606821718297
2.17144102177
1.9922573166
1.86485857294
2.37065118017
2.81130367216
0.0242775202003
1.58315426343
1.49810219674
1.99672815792
1.13047393908
2.06703595994
1.38787375949
0.901853660154
2.688502366
2.1782043782
0.239959753496
2.03802164118
1.66724689372
1.76806969368
2.60980222038
3.09100459674
0.38963952795
2.63947316727
2.67011495036
0.929560917215
3.08484614733
1.56392181825
1.10381114363
0.902039692686
2.72787411626
2.43275979599
2.96364950503
1.66436360948
1.84346678553
1.67465584466
2.91319408918
2.22909190238
1.40650134349
1.655156938
1.61530236492
2.32968455091
0.858016277484
2.74234895837
1.04737329669
2.96386767582
1.6148274221
1.30868185877
1.80763746288
2.73578142334
1.86792081292
1.69537115631
1.05564328829
2.22117572384
0.237561152626
2.97723952312
2.95990211221
2.49523116747
2.45768502922
2.5166675247
0.964416838819
2.53142671848
2.49147302893
2.73670479184
2.38373312898
2.49803728384
2.55717993684
2.31855221092
2.64352722356
2.49046345663
2.88681951751
1.40020646852
1.20707823254
2.6296832319
2.91480103837
2.71032741837
0.710417167849
2.43462585235
1.57999233613
1.84349005114
0.913480246694
1.97720952149
1.73740528613
0.452248294557
1.57821425187
2.97483412436
0.375038667443
0.64282711117
3.13760021765
2.48026948653
0.222664097262
0.236268378824
2.59933278225
2.76819298672
1.77703435668
0.436731302235
0.384058327174
1.16164551293
2.10550288179
0.807261791142
1.17655665856
2.50026829508
1.73845147921
1.40880796461
0.65365111045
2.82190632485
2.2492464956
1.9154257077
2.318255719
0.178525629447
1.4668335754
2.88684152525
1.83424856406
1.47569828239
2.45155755577
3.01217419217
3.04299089878
2.67421786022
2.32773836472
0.839968759975
1.03332302879
0.015675674101
2.35502899348
1.37928410046
1.60235963834
1.75361913727
0.198959324023
1.95678559853
2.10238366416
1.7166600148
2.88680450464
1.10105815511
1.09153751594
2.0178465397
2.65296459907
0.901394354508
2.18382322481
1.23885885119
2.04962168502
2.89433396744
2.07985269221
2.54134985122
2.55275415926
1.8456805934
0.648444379119
1.8649470212
2.87410713633
1.31823150496
3.03047663761
0.994948833499
0.0995895440904
1.97102407455
2.75369381515
2.886289481
1.96779559369
2.39221098557
2.53121981434
2.25456564826
3.02466386095
2.69886254882
2.8757368825
1.99061087553
1.40146987182
2.81885238404
2.22202602566
1.87230853268
1.39486988492
0.0371493678678
1.25129911314
2.96033465225
2.90937243161
1.57296438831
2.26564263924
0.981855001929
0.686352499858
0.282716077944
0.267818611953
0.103107941974
2.65565793026
1.4719727183
1.04043445196
2.72038682599
0.65340707287
2.87433950489
1.38578930567
2.97749441292
2.56605905118
2.72404965299
2.68174725965
2.99444551819
2.14853710565
0.727271653885
1.08517950086
2.38730282592
0.627716805269
0.806927752533
0.857865546546
0.432742490404
0.671020306174
0.921846038944
2.50160718168
2.97711576575
0.878882283025
1.54308882573
2.87028384227
1.68198263599
3.13787351603
2.85849194062
1.38896081927
1.6835760527
2.29555864944
2.14905203649
1.08584763439
1.07607300253
2.80734972417
1.4709275308
2.90988530863
1.25595587196
2.83841809621
2.65991233141
2.05519462633
1.76872830527
2.45778932439
2.34270241512
1.69356009647
0.386368729638
2.22542605131
1.69851770478
2.63688826665
1.86465629144
1.95331069618
2.30751296168
2.06925253787
1.99634729079
1.96242823164
2.25572339141
2.30195842821
2.71969056091
3.1393773642
1.30533125221
2.68409211727
1.72671028346
1.57787573553
1.85647323008
0.584812514995
2.32715945721
2.96128122908
2.08684794996
1.31543613438
2.895982662
1.07958937206
2.04592608608
0.534689074134
2.42648218254
2.29635658908
1.97264347137
2.9474890057
0.858645041174
2.84067442065
3.03285147824
2.83518544596
2.4015205981
1.93961761224
3.09284484466
0.836715145005
2.73398642895
2.56497224267
0.180891871021
2.80018848899
0.850889029876
0.759878764066
0.773526294422
1.52094030134
2.77938102226
2.31337943399
3.0769117595
2.17954288315
1.61329396681
0.908674281459
2.92878804532
2.2340771033
1.67537587021
1.46596419456
3.09621338317
0.81068476061
0.36660490997
2.59332975224
2.25312833674
2.6176981727
2.47918943736
1.75050650557
2.33879731507
2.31197850322
1.05173068387
2.22914657883
3.02204851643
0.652956545104
2.6663937557
2.82152134219
2.26307491982
2.81922346247
2.44022167781
1.30504162155
2.30702197147
2.04594396397
1.31068431208
1.93683313806
0.361927982633
1.32322811158
1.20160465268
3.12573743014
2.35398929977
3.0227066768
2.68127828505
0.1062960185
0.873562093662
2.56586230331
1.20205092863
0.0347018541544
0.351160525901
0.167151431866
1.31107946674
0.23727927514
1.72536068378
2.19322960872
1.43988601221
2.29745052878
3.01338882897
2.92061574013
2.71171185573
0.791705909008
0.775401288859
2.9318005694
0.397877353305
0.537639994135
0.612510965361
1.11521507737
0.381833648664
1.18788644413
2.50012464493
2.62363935322
2.07748161972
2.00607319407
2.92475332291
1.82684025635
2.63019273607
1.91995125508
0.0851956747949
2.03518770821
1.67468527842
2.8013340488
2.51896238496
2.46443641123
1.96059192321
3.06043474396
2.03793054384
0.441760363634
2.73649115945
0.168386668959
0.537772004939
2.07636596594
0.985210029945
1.37829179066
2.83230197204
2.14764504541
0.262966775904
0.525083069189
0.179787272143
3.03435072994
1.69370991925
1.20186361588
2.10442591966
1.83309426939
0.822523034016
0.084718871447
2.6935972655
2.23551351117
1.03193723141
1.62422028457
0.741628277006
0.443501602245
3.06021697877
1.56716732234
0.818421783846
2.76776791506
1.94136664414
2.75315151672
2.44324751397
2.30425251236
1.01942069432
0.164235474707
2.5621793091
1.73141190645
1.46555358138
1.3341073536
0.00990504190097
2.78019455443
2.36434491783
2.756993038
0.0707866138844
1.6154714568
0.610548910429
2.17655632612
0.110400802353
2.16517261127
1.73844252711
0.896854762144
1.64183783225
2.09047034452
2.09872494945
0.483371549945
1.77553006218
2.28005440171
1.59198619983
1.61398456717
1.51718961429
2.18751918024
0.791933059412
1.51804917815
0.15567242469
1.57371824847
1.55892058972
1.2221656358
1.23469307465
1.03421053706
2.45485792602
3.05680987131
2.34165308009
2.90838043592
0.0944903805587
0.077778779823
2.55731916979
1.12820332051
0.650354925081
2.62189210024
1.12920154171
1.42377069327
2.25908820995
0.0383615053074
2.62753156055
1.24921981808
2.17762651026
3.03595269123
0.468667316309
2.30314108523
1.09931148528
0.238161161545
2.30306566418
0.803093828112
2.15187168567
2.35730638473
1.94226526258
2.27244159423
1.43490943329
1.52083209625
0.454843618096
2.05677652942
0.664917537772
2.71613313696
0.83608521771
1.98018338744
1.57773728577
2.02883704757
1.62767436986
1.96254565342
1.55156414137
0.987529762252
1.37272890527
2.76050829138
2.38287100943
1.29212841416
1.99831906637
0.298842766807
2.18030276251
2.47919091342
3.08998204519
2.74650015519
2.1714053762
3.05213349361
2.99682342193
1.04744022352
2.99335025805
1.29084859854
2.58604664703
1.38578326999
2.2999179582
1.23673744506
0.659323073203
2.49644360072
1.25495138093
3.12331789839
1.1865348691
0.0382207780186
1.55000653822
2.65337440637
0.354453609213
2.63439975271
2.23668891466
2.28142852317
2.90758547657
0.49342873305
2.70508538319
2.16453258995
2.2571889263
2.78701877592
1.52538615591
0.936232049123
1.98240734627
2.4637237639
0.212928206767
1.97760694147
0.636181211978
0.0169097251036
1.02492126419
2.05512732868
1.82379575072
2.60286794822
1.61549316387
2.08745037593
1.75452315341
1.22012643303
2.99795309253
2.07053910019
1.04283877374
1.01269847373
0.788612950558
2.44321940447
2.52466707374
1.18355997404
1.49552164902
0.529757437895
0.0605594830179
2.04554781324
0.711954369159
2.99277653222
2.31688438587
3.06773726137
1.67844230207
1.15207423063
0.210599249648
0.115777569146
2.23188020806
1.08168521826
1.83365838235
2.80386617593
0.775267689622
0.198166595953
2.01562819466
2.62803033171
3.14141498775
3.01202474063
2.9814611596
1.89439430682
2.32137751509
2.86256812118
2.00331415374
1.00411791904
0.627587727885
2.82149161404
2.16395807928
2.9295780643
1.47058689095
2.83805204399
1.53117898933
1.67629584741
2.24983932245
2.07745726085
3.07146991604
1.72469633409
2.75351241989
0.812434852502
1.45184886482
3.12811856931
0.723480923374
1.70207808181
1.91104076031
0.708814836048
2.33740425936
0.338301481738
2.30014418275
2.64837836689
2.46648698341
1.69286851457
1.38470701181
0.0146656468277
0.92967469898
2.77111505549
0.801413092875
0.824176007912
0.766810662007
1.69203046417
1.02835713026
0.571976582858
0.226732057023
1.44022754531
2.06532253618
2.18004049023
2.78287093006
1.69968570293
1.62890095028
0.339999649167
3.12707497529
0.226359206025
2.43608295711
3.05153249805
3.06423601027
1.78934930178
0.356190792598
2.39263940108
0.182040363058
1.24323398993
1.87455645296
2.97729509856
0.0796164199056
2.40780887562
2.00927474748
0.0532259790627
0.849969041284
1.0293347735
2.04591700137
1.8707580571
2.93831472906
0.336729068515
2.93510073173
1.6947243403
1.63795342279
2.42351888237
0.534959726268
2.50577228483
1.89727721503
2.01493615909
2.94017538006
1.56584386321
2.10267361123
2.83056872555
1.30576100317
2.38232838218
1.84854706046
0.0511669218604
2.96942814495
3.00828988538
2.93263845284
2.87210625667
2.28816898671
0.303116519243
3.11547509631
2.04509627024
0.214983948662
1.09679091047
1.22190109484
1.83636691121
0.573697214452
0.0400068540214
2.97958880273
1.53615915101
2.13113259052
2.27594913021
0.209445263999
3.12881823374
1.5544861282
0.457451160385
0.952776335907
1.7772622777
2.45006034175
2.86107838448
1.24801690757
1.24750052927
1.94990720992
1.09570247783
0.151622605803
2.19597418483
0.578783978244
0.527944355443
2.88075322283
2.51897783585
2.64945167314
1.64449209829
2.51150730689
3.02430825081
2.35952419282
1.8245297743
2.7976596939
2.81450745284
2.05783754048
1.94164807633
1.02641707432
1.05624715337
2.85455018295
3.10877739724
2.41692944835
0.762860978424
0.010203342188
2.82742176634
2.11715196682
2.75133581534
3.00198959048
0.703879928963
0.831097377557
1.67169398314
0.351981674268
1.26483425952
1.60189627308
1.75801174771
0.775413091076
1.24260816411
0.43180339489
0.73456379148
0.230169308447
1.11709216624
0.582513976742
2.90271800641
1.97707700345
1.71927669877
1.96263092642
2.26042991127
2.12668156565
0.172911048727
2.44472618519
2.13104697932
2.85371052924
1.41759772999
2.37305309991
1.01832243245
0.00344975986936
0.704818949779
2.37428571676
2.76673391325
1.08861295706
0.501853838119
3.13619627576
0.0820945119303
1.45393728095
3.03341836425
0.698696562437
1.76193637245
1.01333725819
0.537709273681
0.986120760502
2.47168163736
2.49503608469
2.29184635278
1.5577414619
1.55359724784
0.131532149085
2.93534787336
2.38422934629
1.26992371234
1.68565136222
2.9222243927
2.09829772901
3.06388347556
2.77769573583
2.54769007536
2.96422092471
2.86704411844
0.487346331475
0.171927715926
0.855815941867
2.07269156666
2.67166228328
2.92940308044
0.325362825336
1.6371429825
0.287454405843
0.913955916872
2.37443027003
1.2040573488
1.40262173706
3.11438312558
2.70353673299
1.08841996172
0.821721690015
0.111743727601
2.19991146335
2.32167189958
1.36176799093
0.992016560028
1.42531092091
1.88819329835
0.428548494966
2.74583184047
0.109962973764
1.82347028799
0.450062956312
3.03829246059
2.38929064237
1.95643053517
3.03454647097
0.677213932481
0.460098594854
2.05791885523
2.59792446212
1.8263024038
3.09791885674
1.67719385708
1.75215407245
2.88136894612
2.20708037373
2.9070375633
2.61830697438
0.221127413213
0.877569711213
1.8500177763
0.703157118296
3.07887383101
2.4093899232
0.738754708547
1.6372838733
1.37968028492
2.80708169516
1.64733678542
2.44015423458
1.74907405453
1.86321358769
0.538025146599
1.27960715201
0.631739181276
1.98397521747
2.45095244168
3.03980797859
2.57622074949
1.00501270607
1.97524637032
3.08033189873
1.78525082617
2.38620710737
1.16383575578
2.30473271813
2.82047560362
1.75925537025
2.83246615023
2.04264770859
0.568263054655
0.184326959026
2.88314243681
0.619658665226
2.81693808511
0.58633586444
2.9256544827
2.58537316867
1.03025468852
1.03298632941
0.937918016751
2.16117734079
3.03194098139
1.45063123714
1.18855531046
1.13591738148
2.11365844532
2.76197476463
2.4438091767
2.90378529229
2.78875041655
2.54681959604
3.12639495967
0.558160251457
1.96009732082
2.67476548169
1.11382118298
1.99398475577
0.0215683303857
0.179700934951
2.55508239591
1.6868898767
2.48920687922
1.02353174295
0.703176040815
0.102979075733
0.739515340554
1.81632361217
2.82712827456
2.05072175124
2.87497461136
0.677959323423
2.47874905236
2.89107571645
0.226864522994
2.84408463751
1.81424090518
2.2690024882
3.00330661581
1.74597767944
1.85171282938
2.16629403432
1.89108339771
0.765274288383
1.83077027314
0.45235250344
0.278087820022
2.17709872583
2.74449382299
3.04574704152
2.79624020804
2.15269423908
1.88375628947
1.34710822689
1.94715803386
0.505409476341
2.63339473368
2.31872268457
2.98680961401
2.9655431902
2.87836040981
2.18719415931
1.55755398892
2.31325624243
2.87154196918
2.2332449404
1.41443426969
0.334297544854
2.39751017938
2.46275027952
0.7243326382
2.19809518188
2.72524287246
0.482228276307
1.46601379652
0.47724774451
2.31531079356
2.77571635379
2.26381705228
0.830163694636
2.45627904357
0.630693718636
1.80075856489
0.390737369687
2.46557604145
2.66364903961
2.59338070196
1.58842360347
2.77686620882
0.682151131788
0.375640223997
1.88765694811
1.89674323005
0.120935126126
2.37669791299
3.06294362941
3.10046395229
1.68758094596
0.868957249107
0.933037397881
2.51552219565
0.677415682593
2.19929339519
2.02677408095
2.51376478674
2.03193368296
1.55107035239
2.67749473386
1.19783697216
2.54484674503
3.00017574565
2.86485428077
0.245764038574
1.36981149933
0.160453419908
0.582413271321
1.28390267739
0.398917615135
0.44788218875
1.10996176206
2.33707625279
1.59993144835
3.10182880987
2.79666224272
0.147698959445
0.265500583341
2.7817187851
1.77757388057
0.0858284290144
0.695071577076
2.7289186682
0.634949036878
1.41521606762
2.27769755967
2.68066916902
2.36702052145
0.585826938607
1.42354508281
2.71863071317
2.97990505388
1.36731663444
1.6255758804
2.90424170701
3.01492879634
2.79229265156
2.57046452645
2.35094221697
2.59852815136
0.248288189883
0.42580603993
1.42038485214
2.17832950157
2.11137498774
2.55541635415
1.70063582077
2.67625509095
2.82878678989
0.470460587574
2.76064917354
2.73168928092
2.44326822647
1.34019311154
0.959933900026
1.89289122415
2.58068698612
1.70985872231
1.19055669468
2.25717918003
2.14083517163
2.79471115197
0.710550373566
1.86446690121
2.10526628515
3.07801564341
2.4487263634
3.03053450632
2.69829958014
1.65841654591
2.14137255413
3.04091427771
2.29582172241
0.724301553968
0.882364700982
1.56510998954
0.045803818989
0.252022243135
1.18272251797
2.65311081687
1.93154779495
0.389824575523
2.85766295256
2.51636056291
2.65767710673
0.797493312543
2.21656123074
0.885941509821
0.749865206044
2.29253156035
0.876710974003
1.78037102094
1.24632763831
0.337239574827
1.73953337269
2.21859495179
0.790631677286
2.93006321452
0.602585472279
2.27945762058
2.67166507019
1.82658345978
2.09206731616
0.493012095751
1.21787073976
2.2815157012
2.16697783741
0.781470484517
0.221444838023
0.788003810668
0.368140608336
0.907538494611
0.43736948463
2.02483877919
1.2850951779
0.726330513092
0.475023928969
2.76714807393
0.497700005115
2.95379220234
0.15722482389
2.0519458911
1.78859424858
2.19985691943
2.86610493138
1.95379666343
0.71033937955
1.11912003271
2.60652488338
2.43292518978
2.21419847936
0.267273112111
1.7378612424
1.01814800659
0.607074768618
2.74484170208
1.5303627944
2.22051073649
0.677476952498
2.85568704702
0.389191580186
1.04039337781
0.933703652365
1.3174335392
0.0785561535583
0.0584125146475
3.04231917055
3.13282026297
0.283836509843
0.769141693023
3.11528117287
1.32677696581
1.21672372546
2.77492272639
0.699728026955
2.14592921197
0.537611710395
2.04950951082
2.04193880239
1.05797243928
2.58569638992
2.16257104806
2.80732251568
1.38030855701
2.95425543738
1.96510966424
0.438833324489
1.05856771986
2.70448736119
2.34321449737
0.930908159525
1.27752766101
2.94272294305
2.07850567208
1.60344964786
1.56199079649
1.95122172789
0.05650619926
3.12355195111
0.468937611336
2.48011203707
2.59900585695
2.02780440444
0.58298315295
1.21557560587
2.90582038843
2.01990236282
2.49380132186
2.71831357717
3.11312121756
0.315560682301
2.0358961214
2.14674879828
2.4458957001
2.8131728764
3.13272115219
0.672350903707
2.64547024893
0.731138569812
2.62728555593
1.744270657
2.22766973592
2.85681807683
1.26248266956
2.87706866352
2.05973661721
0.334947580816
2.89370296829
1.92215124085
2.87576067306
0.832431649198
3.05037732556
2.54084570656
0.57471819176
1.22085372019
2.92265598104
2.07889368551
3.06402315619
1.61232415922
2.91218261332
3.09681899125
0.752703094538
0.368186067168
2.46637821994
1.45420351401
1.58437407181
2.53521881333
2.17059842521
2.09191777291
2.52338907128
0.50166952326
1.59781882501
0.586654889929
2.80172066203
2.96702036439
2.38596644398
2.40534170138
2.11697424441
3.14153007624
2.81515279489
1.43770884131
1.28561536613
1.12162244662
0.864831800764
2.47641532539
2.47786694159
0.00541915379401
2.34274403802
2.11148795529
2.75385140237
2.1898339278
0.903074523191
1.72335900103
2.06310446632
2.38432175691
2.5170679919
2.54463978399
2.04659647555
0.010071525336
2.45229718717
0.572416954003
2.3344762489
1.79714782363
0.235727016077
0.815775135903
1.27889430441
3.04135642356
0.778831415298
1.71244170089
1.28765278071
0.807885992241
0.748698975776
0.802996672611
2.61086778505
2.27518110963
2.03156003472
2.0525146422
3.00015906845
0.315948439925
1.06410359568
1.04786488236
3.03915050818
1.96281099813
0.817330412955
2.88174894855
2.9355071792
3.09967471814
1.82477941851
0.701231237873
0.861012705061
2.28939013809
2.77159755092
1.02580845844
0.379900020845
1.59979440431
2.34617052642
2.97489061936
1.51610789587
2.1959752329
1.03991570037
0.649872914985
2.98098510102
2.2743919695
3.03445421654
2.11317719012
1.33749879318
1.9525512505
2.1479967351
1.03587126568
3.0934264952
1.62737328511
2.23275547232
1.85820949732
0.305007362652
1.233596158
2.3365090165
0.852819374858
2.32287871753
0.800516304713
2.73403767352
1.13859544387
3.08947375293
1.31811587091
2.52787110438
0.233517811674
3.04796264404
0.488502667001
3.03826690447
2.78598366333
0.00210531236553
1.95384259607
0.650432229785
0.456395317952
2.38464055566
1.78466588024
1.78196113476
2.67172494422
0.980810410817
0.880901855898
0.592376437664
2.65632311465
2.91735677619
1.98074887913
2.49254431011
2.30528858451
2.22037790932
1.44258877497
0.941081101648
3.12290004261
0.414469162159
1.14294173073
2.36945898378
0.751498649465
2.42382707977
2.37570721536
1.8473690718
1.78933572527
2.40172481039
2.21256500419
2.52183727893
2.3700651108
1.45139198912
2.73143728947
2.76937764529
2.66187666184
2.25943591325
1.41542480287
1.96819341541
1.95828367034
2.55278885017
0.347512645215
1.45201816515
0.119163445648
1.41767512263
2.66617937835
0.996678063282
1.09390268104
1.87808998147
2.17991143007
1.9762460905
