66.2764822219
66.6621441924
34.3291679255
60.0249286634
78.9853068177
27.8309670628
57.7320491684
84.8268692562
68.3008313928
32.6724182661
91.6524873652
66.8080244119
30.2852123032
37.9695530759
61.0897504705
342.772452257
41.507816822
224.754577386
203.132084654
322.20679596
141.645783007
101.189623888
92.179702645
69.4301826001
64.6605042534
111.315352828
60.5485016086
217.647694287
77.4466076568
33.5354213273
78.1031726346
65.9311496676
187.425269335
193.423596082
42.4341388667
90.2035507349
100.120540712
407.338327366
170.122185812
71.3757959774
77.6195953043
78.0175199065
247.354269915
84.9502752964
33.8009130911
85.3712421046
440.488459944
83.6822674431
1038.25310369
51.9843162039
82.9415528373
86.0469279133
103.953369822
154.922301824
407.914458217
103.878844191
352.043138779
64.9729686398
151.227942854
134.602243396
70.2812405869
72.6087084782
229.838869763
89.8053074636
77.1035617657
88.4179918384
100.964537381
80.4987950046
103.789951564
74.59747961
69.4906841246
48.8219757942
486.357879233
218.182084486
120.472787941
60.2889318963
97.9047325635
156.930440329
78.1098381323
268.834494899
123.31499933
65.8085916607
95.9319916202
65.0269859901
73.6594262429
68.6287700097
39.3402396829
78.9716562261
561.644972956
218.311360832
78.644546781
58.2996413234
38.9971276203
239.292776312
69.4859859537
73.3659513159
77.1970667164
86.5440804664
327.343789106
112.479710582
78.7389417144
298.753771893
112.474102412
79.8057074056
85.0991149661
342.035008669
168.338110377
69.3825992732
94.4688786619
134.706317479
65.0295989521
67.2768922872
78.0029123092
63.1607824736
80.8250256023
43.1757977446
89.0882267454
62.4678015884
285.104648057
176.860349196
69.109723849
58.7870260771
39.0691550663
70.3963723064
214.674384187
55.7650099525
62.7923745296
369.681324213
70.4733305138
65.4481559211
75.7519795713
80.9776002317
84.7930087205
73.1578637945
70.5138574109
492.059960964
115.940070498
116.29434975
37.7643776646
54.6049185636
328.36091922
66.5892502321
191.004805534
67.3947252918
138.195546059
85.2684275914
154.863289171
57.3802439829
28.5153814624
80.3490834036
51.5331808434
80.2756644665
312.320404811
46.358742732
66.2736960233
46.4854854653
154.043381936
307.896685169
90.9083126644
82.056825528
78.4863178486
78.5093551093
54.8946976441
85.3815795751
72.7946382875
54.2099376392
84.3998305982
78.7973557575
199.58800285
52.735419653
50.8404963424
286.200459751
47.6608885689
479.590117555
58.4462313758
163.004438322
214.224774186
202.94157123
44.900787533
34.8317231479
248.211073172
278.354803343
147.229198471
63.2663144678
137.27055249
49.6372539343
98.1669730288
43.1109656098
45.1262091796
84.0946988413
165.893250754
72.1514507867
119.503250417
90.7429702316
145.60354469
53.3698893215
88.6971652539
1112.75319102
391.165964265
573.260790215
251.86574535
210.359601746
84.6511314339
72.8923913448
302.472585285
63.3174466973
136.043810588
78.4832851409
52.4789761093
183.887078473
76.1508864956
64.3651182799
69.7963588724
198.905126822
71.2179489801
62.3670663869
113.508600709
334.954352975
89.4976471435
95.7318366657
78.2632999891
157.350080525
77.8405828262
56.9768155993
72.7481401601
68.0842553626
75.7995033236
127.715751531
65.0414887558
17.8120722702
60.1118585376
74.1740100701
83.7763927169
92.248358401
118.845430045
116.984242003
73.5373834402
67.5235746664
515.081433903
154.779669884
60.20101437
80.5036644768
60.9243986105
77.6839399539
213.507544851
74.0562223228
134.296955119
72.2046912101
111.111495152
49.0482037375
72.6847088635
64.1575021343
357.158752018
113.628408456
127.708892671
68.7693533961
94.0826228301
40.6973354099
194.415263191
89.3831313544
139.020498257
150.056851159
29.152112743
141.513563965
214.015232247
88.6587993061
95.7783414514
124.82954958
100.931005577
128.98412127
79.2157498587
52.3543661595
154.052403473
77.9177730967
149.525229069
24.825028955
70.7896741011
192.376556983
46.7554314893
124.76996118
327.890008853
211.90982194
70.9716779997
254.068297335
48.2354319111
67.8510163426
185.996223053
291.633875238
99.136416437
83.931534162
484.403097443
113.617965102
115.499625613
67.6931440232
56.4143294794
70.4335448723
83.4387933771
68.665324233
76.4021988429
126.829380533
52.8937293547
48.2301801942
103.456419239
81.2028160854
239.464112136
76.5559904943
87.5328800469
67.6752291489
166.710990258
50.3178575345
82.0340747708
29.0214614595
103.503570603
58.815790288
84.9314802704
87.5354252677
332.226601922
294.141631253
83.3666933546
69.6301834628
107.67239445
113.24474507
68.7101730154
83.303832712
370.845002964
32.2191981241
31.9822911075
43.0370174398
23.4098762953
74.3915913581
116.816818669
92.1480781197
96.276606385
158.30515758
73.9366558049
69.4188577755
101.668233727
186.97531607
137.510525089
46.9826945947
191.838635513
43.4768487429
60.5719940948
117.056980989
84.4028736887
74.5236329739
96.9484919644
178.851659249
132.910969715
69.5367987509
115.203011633
53.5158129944
185.410429702
215.208415588
25.3896898411
86.9868666335
47.658023599
92.0857406169
88.0832245771
56.2837644305
123.631719655
74.1716661682
188.169558116
356.169534334
76.755126132
99.0423134025
121.33855394
55.7172113588
140.933556288
196.587587941
103.034120937
66.6617951343
47.9256903569
104.156803108
103.175791111
595.468033139
82.8954341107
55.644846474
71.2577065521
340.98614343
116.505749713
59.4754180509
117.430391313
359.481562867
74.2365220505
83.0450368208
76.0844988051
258.69339859
101.968365667
52.208915251
78.4073155752
69.1419311371
126.716567471
137.700082342
76.3747417941
397.2334548
94.7317352696
39.6178543962
82.0554483073
30.8326949357
107.52207586
84.8713984046
124.693681339
51.8063033939
69.4116172131
32.810510116
432.532313801
45.0546258674
86.7081404744
138.21732217
63.1122688768
37.1944079346
53.6349401741
32.1063945937
68.9633611729
485.970919172
296.885117465
63.3366806724
34.7255803053
42.4094779943
75.8748486341
37.3237403218
40.0655233875
17.1640703676
80.7970339315
171.342751943
150.55585176
85.4543235386
191.864816921
115.3694258
102.033723242
102.834399202
53.8036242489
52.5227525656
315.583663389
40.0794972593
76.0154487434
372.194569967
137.504923401
142.693984817
85.7427103326
289.491362983
67.2451473153
66.9907227191
422.264889659
261.327606119
179.721502459
161.161104794
59.0969368507
139.922598915
20.2734080339
111.4920368
220.125223465
161.99789769
84.8140017589
77.0702045039
152.863637533
63.9284172839
239.236388756
79.1151655877
64.2944411767
509.495514071
162.641263462
61.5250196959
73.4685485379
121.660914484
91.3751156663
367.155176484
55.901951669
149.540140749
63.7690660378
69.42677041
78.8050578878
193.886704846
42.6776692431
263.643524187
64.0585047338
17.5494980974
77.4841758496
22.1532365808
52.9166388644
100.681715411
75.8461916566
254.718518382
75.7684748705
100.230799754
219.894037683
67.4936511794
89.6790076201
143.56076655
75.864636269
192.492608593
420.934162789
221.355152379
95.8964132514
75.0161352803
23.1765699594
222.574866421
341.746081836
75.944649385
123.507963991
122.912335129
110.311316346
519.624475902
81.8884220994
69.5037807309
65.4035155182
94.4788516097
405.452298061
231.97245718
578.593930292
141.882927109
77.6983061507
79.2462958669
255.389596283
100.449898483
103.288531101
227.4665659
107.866189876
80.5749982981
68.0829725954
44.8072635079
43.6726502444
35.2990109954
128.85684355
153.321417061
40.6704330697
67.0500533865
182.849499058
63.9915747834
221.661339144
25.8333447185
34.6564357044
70.9232440024
30.9609606564
65.2712523768
68.6187804535
68.4622657394
240.42902083
297.726654322
71.1707655464
125.142737754
44.9585304828
226.52810892
94.9539995398
47.3037852072
77.8929890821
107.617687697
101.485134183
28.3751812032
343.953417243
56.0006845194
25.1892107321
77.1670568982
81.9230795598
74.552290562
82.8915270575
70.108919921
70.7395286004
81.4257153947
71.5672959078
34.1250311898
85.0449385418
28.2098021648
72.6383207844
108.566736456
42.0742485472
68.9613625957
71.417661311
139.824885506
113.800864822
78.8191111792
227.170376886
48.2983363333
73.6755299874
149.983189793
79.0836499962
80.0618552255
93.8137523363
119.560621873
64.5373236202
83.4806898429
86.7011988286
64.964606225
331.497815082
278.643463409
37.8693647805
72.3638818615
104.673356005
496.039975252
76.9802206231
471.475408162
306.16473966
101.148635264
132.611823995
117.140168218
232.690955883
120.045056279
70.9012144322
72.3111736362
117.524155767
114.649171523
59.5042344775
46.436311385
98.1377996644
165.741925855
62.1703608456
55.6767718643
74.3595709352
106.602267741
47.4567543224
337.711687978
115.588846714
82.6534025907
96.8257635634
23.181241463
87.3519115773
156.818426897
92.2971744902
36.3643410523
266.903730836
89.7081898992
86.5805838314
75.3301799182
75.5052270947
77.8055179431
67.2045658695
82.5130456945
85.4659524755
24.1093737712
105.793315883
69.4009599567
220.565138664
82.9311918292
291.159196786
81.3272144387
186.585010009
280.104570587
129.969684575
89.0163143459
88.5704394534
261.306374506
61.3738715755
43.9583053983
715.491666509
171.712985056
76.6422568088
102.853004644
204.80571741
46.7113624766
67.7476724343
153.254735112
129.498108041
131.81682176
57.6137456978
629.0050846
190.820666357
255.898388647
82.4255500841
176.192177648
64.6665886217
89.1325582226
125.974735925
151.670208688
59.9923740323
405.282678998
68.0123579264
54.0642628924
192.720799676
156.707776386
94.9369288202
45.2125304592
30.5211502848
77.7748800218
79.2256848237
35.4728735648
177.138323253
100.253032661
83.571665845
77.0758948093
653.3961141
159.957550719
173.847024819
540.918018199
115.857513689
70.180747638
67.6570078705
137.487198692
75.1953735377
114.395699379
63.1226119956
139.957471526
62.2506606754
74.6396695838
58.1368165816
74.6896858501
55.666144327
59.4201068635
72.1656231
84.4899232299
132.66464424
74.296442867
287.668106521
153.710831808
202.190880883
60.6283188618
248.017862895
106.447656676
76.2694806898
315.157456908
76.3512995818
423.682513941
360.468905408
76.7957964533
23.340443585
157.838627637
182.412293655
75.9533120756
65.8697128482
137.533936896
172.672653694
110.937430894
525.926993539
27.3952031215
270.56812257
49.2395892996
69.4605529519
80.7876191668
133.670389637
81.1006498515
77.3479023035
81.039511599
83.5848345021
50.0568573649
161.847788244
59.2184498714
168.588043663
77.758712799
59.6734036391
74.7491153305
252.163216507
81.132684408
41.7331311161
227.969901355
22.3573854701
132.227532436
174.525285953
78.4606757779
87.6637427364
146.4909558
82.3324283927
98.6374614181
126.631495611
60.4343491781
63.1388545041
33.3883205016
229.096556741
46.6856820594
89.7952135171
40.4030296125
119.507085754
177.600842889
60.8793142513
181.397923545
80.8682341641
74.2638765927
140.756376701
61.5973458059
91.0465963105
83.6213112325
145.698686127
62.855112122
55.3331966008
84.6646915891
115.236122384
58.4917560952
114.628492322
92.0629716063
630.92665776
78.5900935066
118.705194418
92.4978500566
174.133186128
57.784320964
119.967275757
96.4326212297
452.884510461
94.0572056345
69.0111486242
97.1330815088
110.730131434
178.79113872
81.2802158005
179.232495517
109.256399063
53.8102257966
136.724849637
106.069988946
139.566360818
50.7036462911
114.00076013
106.796345829
196.927038383
146.456051967
40.7926159641
86.1824085309
156.088664959
60.8692304721
198.079224819
36.1629561357
432.409182169
54.6962374309
92.9200615994
72.6945484493
72.3448086154
534.468832266
79.1955743027
110.52954427
119.774578324
134.471497318
24.3917838767
129.423757489
83.7607083994
62.4269663763
200.4691816
73.6670479659
108.786755922
81.6792166916
159.676457894
78.8884506822
114.697128237
40.7617769658
121.638112058
150.528881796
193.907936054
183.979177794
70.2911081631
723.07845725
59.385799593
868.098289231
103.960081775
206.016562615
115.025355034
79.747910818
76.1197854585
84.378667402
70.3751940313
20.3662314384
69.6551095451
114.444561994
233.381708844
311.883957668
168.099019736
60.4161127962
73.1501098009
65.0757620511
33.4885123974
213.695637657
90.0868058999
159.409133948
138.736615618
50.4368264631
197.691539765
725.745408367
94.5601944931
99.2928434338
160.476374112
84.3191362296
24.6659553202
204.04589835
56.6169815061
53.2072407788
104.359540234
69.6440195689
126.370946217
117.935456676
80.9971671645
83.1890095504
202.981563986
129.888499926
148.330808224
489.570794166
61.0514165844
74.2528652718
33.9214051023
32.0514713299
81.6107895727
443.648114926
81.3870424079
53.7063302282
103.617554589
925.310838924
362.9014325
87.4273604315
62.5552835454
77.1219518627
70.2825888954
64.1098599766
177.537297014
59.4420333801
51.7265835494
136.250161313
196.195334831
275.800904383
56.3864957467
45.5119701173
103.612074587
71.1450315852
324.093107744
85.5455498175
137.519106022
43.3410061383
113.193889379
46.339877254
54.4704245007
100.551352779
84.6809867564
58.6414482879
68.1508442823
46.9234915449
284.767357542
50.1985533083
63.4030422294
55.1954138187
275.101464308
941.539806032
52.3116086057
91.451731189
72.091561995
233.068743836
77.009781158
419.126079677
37.4824826182
56.5162820976
135.516379689
42.124565232
34.0346082391
64.2437985419
49.6308664804
42.3427788056
26.3095326369
265.445548091
146.350212566
28.5390571754
117.720477018
77.0044887353
280.274307715
56.7972110593
94.3146783602
146.038000109
58.1137544764
82.8503157064
391.14335954
45.1971607495
38.0731567719
49.0848992371
83.8105113271
92.4342506391
56.0981770291
122.13444501
106.030023963
95.9263738316
97.9626601197
52.984198806
239.235515702
235.477752555
221.59750471
77.3367822089
91.5992355197
42.5972395077
66.8435448734
127.516488787
117.675443123
128.251077637
154.435464895
37.7922807616
108.969512759
76.4064090981
166.508967235
81.1928661333
25.7400104895
1355.46160271
93.1626614829
333.867714925
98.5193494548
63.1823870965
82.2736579645
38.4922248819
789.637190156
89.6936664732
53.6769663819
134.943681226
84.7737397662
117.214011937
498.398760366
328.54754133
97.4901463186
662.078998599
190.905224203
241.033011193
28.4307393757
146.65677527
87.7253111112
94.2256850628
111.845457297
75.6918817755
75.0451126642
208.986270758
48.2558466307
130.521092422
87.6388611658
74.9903679331
64.2296201158
48.2393787094
80.1407651613
67.8321302112
93.3580303954
149.665611057
107.888478608
32.4318948206
76.9419762172
92.1960899449
55.9439587896
77.2372440596
191.82862003
29.5587014525
362.012652191
152.185977507
108.239775211
80.9688629929
183.499796513
37.1103451347
49.664187411
140.966529759
161.995658364
91.9861550205
111.188170269
66.8228671427
28.2211687289
166.888457995
420.855614793
205.111005007
523.563716675
162.021837345
92.6950639973
47.0855053629
103.642639363
113.875987598
26.7096687438
61.2171447116
44.4475300303
166.474410977
92.5706092031
31.9070519994
65.3191710154
23.874979864
103.630898679
119.451990891
85.7041201775
81.5411459508
71.2411038236
114.206918772
176.583136749
74.6448905017
155.042930922
314.647293113
80.0773099327
914.937715342
70.0871540121
72.7501530026
70.4117470421
51.3205808472
54.752490026
76.4295083926
89.8048418282
268.40026931
72.1003013783
70.8124980677
532.794765263
206.955379967
48.7266169032
123.389614851
66.4492709568
114.381315085
466.182744379
96.1344550874
121.648567145
106.475989841
91.270378829
53.240119299
64.8199499451
96.4834232329
28.7397295778
66.8747754566
115.560654371
44.8241470354
55.5412481796
53.4884240906
25.5482274763
56.9937040871
325.838883921
193.654531026
107.162438823
114.363277089
196.522987278
78.177644583
68.6628142167
83.3907068291
43.3544130294
27.6445774499
101.157856175
112.245215251
70.9139438979
76.5610918225
104.443435371
55.4691980834
88.1860924265
191.206852982
116.276933478
105.735230864
60.7823950453
80.1186628929
92.5722682623
60.8722692015
70.0120598799
183.691730758
427.988093579
106.146738476
216.441391508
74.7529218773
135.863246656
63.551617968
220.170655879
93.3287376103
121.977384128
56.5233030977
71.6114007535
190.878970897
91.7868279274
75.2527634734
40.4723481542
66.1678163865
70.8554078
131.11727185
50.2223155149
467.468415518
93.96600833
85.2720669141
90.4860592257
331.486649499
33.7308979516
67.1866197499
326.640009823
63.4788868537
46.5870191943
103.843806873
99.6501974548
64.0237723964
107.729704385
266.126021811
425.340346246
277.750252602
173.943105891
138.659286526
83.4539103472
361.26072819
53.4790822524
73.0894979101
120.118220515
166.891587788
62.5718490333
84.7494896677
89.3465575932
49.5816439502
85.8367564065
62.9891692672
63.8904436973
83.4411679032
134.965139426
102.556560709
90.303890213
472.305859183
551.274290139
38.1091691509
82.0961030279
206.680363657
231.066315322
128.628183989
151.218858176
119.309085975
74.7694966888
329.071322013
220.276412524
91.8050867461
74.0622032427
108.387767828
52.884249306
87.2735200712
382.048001232
130.783542164
76.3309726151
109.521659099
49.4068348305
77.3111099371
115.286725215
72.7406630446
65.5472324517
79.5353277651
247.856818508
141.627715463
76.6487854983
56.4731049229
37.6589393318
64.4966699736
100.750829448
111.638365711
148.685865935
44.5726068172
106.20636613
145.171606637
199.633212801
215.6598531
478.743651032
85.354823952
216.080616697
62.9533442763
86.7823353495
210.306335472
88.0583850408
50.5117145741
193.453387913
125.651358303
35.8777305738
63.8034187719
65.996288811
47.2185064122
66.8229307304
80.4011868182
74.1696930183
48.8569144591
170.147376443
87.2727995571
97.9318877409
223.143341872
618.486896306
80.1173782014
79.2871234738
332.254120093
103.50271322
21.7952428164
118.205980149
528.165511124
78.0372246762
213.950953705
82.909272398
176.304283833
85.205826759
80.3528000022
129.502977192
433.913814022
183.922628265
158.369610531
57.8741481735
20.9103668969
173.327190595
65.2872795616
32.1797458321
39.1433495377
73.2146546133
252.65499716
102.996245244
161.664198976
179.405609462
143.629026886
69.955900666
55.4753549038
246.385687844
30.9402011906
81.3767673544
102.690175726
204.700067319
97.4703172822
100.783757956
62.6229879043
72.4150620548
42.948102942
215.248061367
58.4219494587
78.6228496956
73.1732811895
70.1740807786
81.2687060245
174.965260092
251.192312229
47.3362881825
66.4282893544
398.680391991
225.323994238
85.9794468315
143.997720218
34.7846964347
73.0134153388
82.4195263802
85.3442362218
183.415022212
71.1755972329
67.9909472081
132.337059481
322.464947663
56.684367105
55.437347864
322.000983848
34.0952834964
174.657076973
130.416427293
706.580065753
126.21005143
60.8742076524
264.035670815
73.3055745975
133.293665765
75.8485688721
146.788905754
266.257022958
183.847802261
168.456926405
910.801332591
230.64882659
69.6885020891
64.7136638362
252.913897124
360.838005401
172.353435055
66.103662795
85.5591368955
54.7489316241
92.211601711
38.4668918039
308.896838893
82.9066317062
249.140500122
68.8696299873
75.5985863121
787.297695084
257.90892067
78.4980582096
97.5200104314
243.223252291
546.395476368
82.4666560197
92.1924894036
70.5418738268
141.304868982
285.141626476
116.877035993
970.800589052
100.375091359
105.196417246
88.442536026
80.8825009311
510.541234605
262.134921441
68.9644769443
73.2899627303
140.241759367
112.695323761
108.755059405
67.724706341
89.0448595394
64.4784257052
180.634461676
239.010365059
69.2643389676
162.39573287
58.583899459
201.55967117
112.219796297
51.8753663494
845.549923256
1125.64396168
65.5974393407
81.4718538967
195.291276265
46.348863629
82.8727973368
59.1591893983
82.3579910721
47.3475963592
84.654062756
167.079216595
78.5986916138
304.327128574
84.3647492102
167.12497274
180.455780868
124.605351289
98.5919873329
61.9176077307
49.7144337825
29.5658544718
106.17870054
74.2673233794
69.4845594542
104.390076617
382.081577693
67.672710637
348.391268393
78.5270414872
129.926146319
86.5886548093
199.781544397
165.438139708
52.4109523798
71.3922615262
95.2879688137
80.5891473052
430.303735551
209.590342555
67.3404022876
61.6208612105
93.2949556854
66.9479109396
73.1819412463
142.683286103
241.770064657
85.7452966219
159.23564152
85.0826688427
18.6401530249
76.0219530818
149.861319431
75.9671946882
272.18817169
156.86807428
79.9767070451
25.0806363746
278.51538512
85.8138914115
78.520954131
101.531650137
107.079313944
87.0622759956
50.7559642166
274.520753465
119.502879509
73.2152759602
67.2963618247
56.5457420199
85.8324920693
499.064601027
165.920008996
77.108215436
28.9837146455
73.0528133297
181.76903764
334.129765445
23.3540403823
18.3142476457
275.048154061
58.3742187724
340.415473104
141.83777537
79.1705739009
219.0059825
219.030596428
163.898813638
69.1248436377
81.9307186168
65.07332384
157.123166217
158.355153477
87.6338427902
571.847820828
83.7929948012
268.09416376
71.8306961244
176.963279434
80.2917774237
71.5472494438
129.116234219
172.303464836
87.6052397017
102.656528921
86.1437925099
749.431120596
68.432247227
58.5990363536
361.747588933
93.1672013314
179.684724728
1011.21264243
52.7144228147
223.573244948
90.0362410823
38.6226409477
451.973064369
62.9997784361
73.4504708177
100.067328875
183.253544238
75.7728953472
63.6008482978
75.1856449097
33.594914791
70.2111796796
94.7830693944
150.079345509
54.8613038798
74.4911847811
60.9977692633
129.230909076
331.821230764
9.58464211309
75.4513761631
78.6718310278
53.8893858147
269.591439563
119.202001898
24.4627497489
72.9392666397
144.582357224
405.211674549
61.0501177972
79.435583451
213.242032932
430.03003736
40.2767944774
230.419866682
61.3873064275
83.2226821591
114.911497854
308.49457335
77.6727971959
69.0189651287
192.857881247
120.613319137
290.968885072
131.118402142
372.494390895
82.8448462953
131.025122574
86.4057794312
211.255286475
19.0869846326
16.8285962453
176.071892697
331.940048646
54.5313458194
54.2245618179
182.183650711
62.7717398042
119.709783238
72.9970993209
79.7250897923
73.5433155936
90.0535021752
86.2543296222
199.34282963
478.23824426
313.658475404
94.1601441558
202.678291516
124.16309718
81.2859220877
487.940845303
73.9686712867
167.647274519
287.095323013
77.6398253337
19.0988242253
91.7579138055
75.6379521812
285.82285473
79.837552668
81.9296472637
193.266019945
379.318593683
637.323491278
89.2829067909
51.1814292016
90.7327292188
78.9842710122
299.415170478
89.7508893934
266.223980009
158.835609969
115.763284412
64.9196928313
64.7232348026
72.6317162428
458.141909934
72.0658863095
71.0937241401
58.7725130934
194.579436238
227.771889193
75.7946966656
76.5018362734
222.48579265
109.891780226
51.9254973254
128.971644838
87.4988841706
258.585257707
73.1470987963
85.765636265
45.9988447686
32.1163745502
50.7671250313
65.2537559011
108.634539839
74.6457963844
60.1124692172
360.854759235
89.1637588024
81.4007199302
217.050927041
104.259070366
61.8265934422
108.366232833
169.531743463
183.944803325
84.0304666328
49.8632349372
329.034933882
156.994140579
30.4743779913
308.411660769
317.520143807
52.9317224594
382.396784166
84.1595675774
91.8797787492
56.9901092721
63.2144307295
79.6760760494
98.5466670763
83.2711320091
83.0998379684
61.0728997774
320.610457942
175.373445857
35.8586219282
251.22829877
121.545166968
79.8881556702
183.911853579
93.7942131442
287.406863487
478.562591535
82.7554214179
84.9369577719
65.1591789336
81.2591374018
31.1335022263
230.73705278
238.917731357
135.480590856
51.6712020303
161.082676269
114.569750992
201.0711994
42.8005582896
153.57249848
90.8458962253
32.6418157819
72.461924279
396.830150931
32.4426837094
78.1703681182
79.3689812079
89.2647427332
444.679841046
66.0368789673
85.7059531479
115.140977858
69.0320338045
74.1344876183
40.10205727
49.1042583031
165.458548772
323.506080912
78.5532016349
86.1167622743
191.544634879
57.9885283125
67.4969033302
66.0790891472
644.189291537
67.6839196237
83.6410805905
50.7744790038
59.8699265928
62.3560429918
67.4427070348
168.952320279
72.7426467002
137.351408152
74.4074225511
69.1353681935
109.026116999
1394.22268296
112.134580478
93.4192242052
57.1644650974
53.3695346688
184.047054103
171.657242629
38.916785863
77.3388974108
101.139591812
72.149469376
184.012581892
56.1298414999
86.2672550052
878.585822437
93.22212469
245.865573124
58.4994629422
99.6721917889
249.592272505
136.271693688
92.1082166009
152.737427026
78.6759747333
57.4898643043
66.7517178108
47.2617204079
118.526299952
189.156856961
373.626866683
54.1503486134
176.049132544
276.429146378
76.5693022961
59.0693795864
73.9724759997
91.3960943066
404.641050808
73.1633228265
89.4238432113
115.552844064
347.766110533
29.6205381155
75.1453797522
84.7090545694
437.446812624
49.1179786859
80.9462944891
49.7504612226
78.3236635416
52.4530780496
177.751850073
195.229872498
35.3221630579
312.986799908
291.835343499
177.717966245
74.5024091053
78.1327501188
83.9333755895
48.5025755589
72.8542035778
362.33191674
52.6566398421
89.317882807
70.4575631147
195.962058632
63.372660533
205.74829844
93.4016737979
85.6871782993
51.0914441868
736.511135055
63.4581674799
73.7181458191
70.6486034581
81.4178518567
75.0063279202
78.8510454258
102.451035186
224.207099777
164.407871225
82.4993544941
83.2373777702
91.3435592326
111.865997681
55.2931801802
162.372428495
95.5129646528
97.4286770807
234.946144954
72.3596674242
58.4016109084
108.004681664
781.557455086
88.8171809783
841.909942508
38.3472509403
73.0649262449
79.9205650952
92.7310471313
199.444140262
77.4498904987
163.071127989
67.1166760794
123.210947067
184.879458242
74.3162994624
73.4418600917
70.8135620023
1470.8178488
240.218092093
274.372194288
44.1257019707
124.186906666
78.2576489828
83.751750124
83.7610826971
71.1965068338
84.9681351581
36.4086371519
64.6938020983
244.466528669
30.1990080761
83.780101728
42.7467288567
56.1413080103
234.324402963
104.467767409
28.6399728543
193.231571656
75.5105373883
68.1277118376
104.458362444
263.808801266
84.9443363992
300.509276566
54.6160948442
51.5995080195
83.6335913528
105.391284768
120.574610473
38.7920630957
49.9279039471
86.7802128916
151.265125419
560.045219524
412.908659572
967.854357494
73.3704738333
346.683394557
112.112364773
105.257108155
87.6829482565
162.340143048
54.5314877486
75.7203529687
48.4167392313
276.32126186
172.937389099
256.114196211
162.798729847
848.658628539
105.234304041
127.125449835
22.3241553359
87.1930537282
51.3941174654
94.9254815422
245.20417002
207.458741011
61.139841812
198.525114767
31.1459298512
68.7158837357
68.5611500445
79.3887717727
314.788593098
62.4695383776
66.4500496674
53.2948435871
80.8144822986
26.5752669609
54.3170135297
196.437349746
178.338183828
586.960068163
51.3917006685
39.5606297362
71.519544008
37.7375371939
220.136287616
184.780292642
815.142386729
45.5659576332
419.728201441
41.8021942347
79.0160030514
80.0521012459
70.4100139769
60.3843864821
74.7363683043
80.4795053821
301.990769296
161.120435073
58.6406698403
53.1082654126
80.0822708384
110.684519406
31.9102931448
86.3763306377
31.3574743487
25.8872110567
102.818592125
74.9521407561
154.588952029
77.775754371
62.6439170717
82.553487403
139.772856369
46.6723199163
111.998991562
243.641529887
131.444050954
82.6003732777
168.645480613
78.7134386296
323.205456841
36.2675567342
74.7960556945
272.407982488
216.11183641
295.894409513
57.4204740788
146.229486888
38.8090151204
394.433560007
31.5767556155
29.2027102328
68.2230537301
71.667436066
203.989029649
91.6677920159
190.285483332
142.87654773
41.9736924062
87.4593864696
75.0533175137
133.768003473
76.1461706174
77.6394570096
201.151519363
18.751211339
55.2145075175
619.902603729
54.8711172776
130.796632305
204.031109739
43.8333945937
544.105026874
102.059321141
152.006794076
58.6068980234
1067.42417498
48.3489287137
85.2584826896
62.1463151741
150.713978585
71.47178606
70.014415487
73.7229389419
80.847143696
24.8656009111
100.060152362
591.755396055
331.11874071
124.374087977
201.439647048
109.278432074
125.142982823
94.4578759519
144.76227822
172.874447882
92.4349127956
82.8059804268
20.4004286445
87.8644937748
81.5203695339
54.6106670466
400.755399402
134.801014275
194.774240323
81.3796905861
76.3415409169
259.789666553
66.6913644968
669.308636772
107.69977435
53.5358834782
72.857211454
154.085586302
65.9242568856
77.2747069914
128.737270139
112.894443838
249.846985084
81.7947627272
73.9112467907
27.4335250625
155.297877612
49.5336290787
43.6078888152
42.0790367614
73.8832792009
82.9692972663
128.57673327
77.3764047705
41.0385121702
82.9916523856
21.2611986344
327.587936814
22.7016516078
38.2479171411
139.068122389
105.586311865
86.299513629
124.067671657
88.0073690548
136.919526023
85.2963770895
134.222264964
72.8622382562
259.610332716
63.1921700375
26.0821519305
403.376561454
174.82348477
71.7494288537
89.8430469054
62.4311954479
80.6416391166
169.268511387
91.4251838295
528.543547462
60.0629092394
62.5623655873
70.3641355943
85.6621977879
104.180059977
24.1454484748
397.041544593
41.37640493
560.226198866
69.6858484084
107.947173551
142.766012002
346.472049614
39.2256165029
63.4508955548
80.6235398616
73.0989259731
87.3493738414
88.4183412887
217.673883418
169.728554815
78.3766787292
54.8112647564
237.830933817
95.2875900575
122.450891464
70.0743758939
163.722968137
97.3924546719
160.306317627
79.2197509828
76.7631706555
43.5548422311
65.0860906142
26.9430103189
672.141294673
157.83841194
63.0250953844
100.805699016
49.1462477454
98.6069692508
83.2031795591
127.074189926
115.750948699
75.5266086492
63.4601226069
166.515242854
285.59452109
636.673880688
569.661571985
70.8678921743
131.331030206
80.0697390322
87.782210848
123.863321485
80.5823195412
53.9589000682
94.6629676604
37.9097392371
115.056928843
42.5580966103
484.034403604
74.9772232536
954.73393548
126.135034527
73.3616499719
65.0978854971
43.6965046031
128.588313712
57.9038304701
192.869879614
247.183902787
75.5551728833
74.9185986422
66.4244875517
69.5954784632
67.8595926172
59.4489934664
45.8513957957
35.0256715231
78.6566284018
26.9358609925
173.327199112
223.065349217
55.7193881389
969.716207503
29.1430444667
44.6187881464
54.8650996049
242.813199538
72.4910015823
57.574978404
126.668793816
77.651967605
71.0727177998
81.0619484093
96.5381190116
188.644904447
298.737607097
237.94293242
77.2105452512
77.3839508888
858.663493207
338.796638531
501.969198194
64.1850214638
169.219217249
71.9543809072
69.1015895671
71.1041832587
41.7405769426
70.1475802042
49.0268282854
75.593339269
129.684629256
70.6346637935
95.0502546116
76.3979885741
97.4819886003
82.3325123688
78.0801899186
41.6636943146
81.0484999333
50.1314379775
72.4894130801
55.5218961571
61.7514654359
224.773522982
263.759033436
86.5199609182
111.536579494
141.465515299
157.244165737
177.195866272
59.9895962036
39.8520438147
73.0237855729
82.2284380485
116.004217726
58.1316037771
86.7958375543
51.3762268438
98.7580100326
143.733594233
139.466750885
35.7822431752
54.2657195539
828.205465462
77.0627024181
74.6584671879
73.1492886541
74.6105478793
79.6682046811
83.6228878294
82.3349483101
148.222178106
109.419753825
128.436916028
76.5916702598
1251.63870765
25.4704170667
173.815118081
206.176342477
271.30445163
83.1121413372
92.667396059
361.840343893
253.634987518
83.3223302914
92.4579876159
152.366805951
29.4755032382
89.5308350702
110.720822536
116.221008938
211.30350085
77.8032944797
80.2997941751
519.752128402
59.0463786155
62.9415779261
438.223919971
95.2259467809
1149.29638338
49.4814383102
134.183657609
45.6932156877
40.5591983491
125.943506457
85.2723041972
85.8846346508
31.4174585686
90.6896311577
435.05077505
110.64708589
101.096611137
88.8042032142
56.5770020266
83.6951132218
64.9307899097
100.426418841
48.313419533
446.816536507
32.2825822149
85.757188788
87.6551864852
152.252946027
87.6522804344
70.0219990291
78.8011332188
27.4433592651
70.9931294036
124.144692889
94.4464176221
187.744259637
58.9084316384
71.8806619439
546.745568756
54.7010800076
62.0777473136
111.43846183
179.497102264
231.695257079
37.5891384982
309.981647587
121.415367211
113.896421742
58.3010252929
214.780849686
51.3597112218
74.4116300098
66.3707664663
41.5499136606
484.614612394
68.2882051482
57.2117057538
289.222063385
60.0402299797
72.122602994
291.872065636
109.590196339
70.8022638023
196.448769942
253.366641375
50.7942456262
70.0985162918
304.278694319
123.568570081
612.784596313
180.750732681
56.1144752732
524.843084599
74.3075959149
75.0336261761
137.690582965
113.571939892
37.7432522284
92.4807022758
258.091873657
269.114756903
64.6981374476
309.950328389
147.370362716
77.6787379484
195.117662267
89.8952512913
219.024103787
118.234989789
13.6885080098
55.5214416097
75.2170620475
116.082995559
23.2799924448
135.154982023
87.4288992371
91.4891959259
57.4043962157
624.97603923
33.884030679
136.122400275
60.3809498307
79.8700959531
76.2695673211
340.812110993
76.3748756693
141.541695561
439.944194462
75.8380033662
50.9987423233
126.29203544
441.123092948
93.919788934
224.074745237
80.3323032309
220.458461856
99.0407888708
101.928967905
59.4064446317
149.034090551
82.4129836499
302.132879192
176.910188023
90.4711328243
80.9283882398
247.335375605
39.0314143338
82.0893816269
460.000079503
160.391869759
56.6248821242
115.719647892
12.2554107649
66.1287526872
159.716122624
102.808184128
130.795529616
53.8687077871
115.34320279
68.5091609963
29.5116898727
82.024017207
116.788898147
182.806010967
194.512352999
81.10500585
84.7880192551
66.5134577126
220.464671215
92.3896211373
82.233018356
37.3344013716
65.64325485
92.9106801839
66.6655408581
1550.89378419
341.002287039
112.018675548
78.2834678132
159.315238828
58.8362796667
115.519383412
56.8646615809
84.6344403838
51.8304285789
144.638752516
1081.55362021
80.7589910348
58.5118700468
93.1709404657
81.9403352921
88.392352718
77.4517815534
185.625596504
493.232484903
99.3067699266
58.9272449444
163.511589165
75.539703114
624.508026429
493.625680415
51.4376840543
148.939585311
55.0449175898
66.1803802344
86.7418670367
77.6455906148
86.1180375475
121.16657416
98.6703685963
52.8408105253
67.5233670716
72.81463223
72.5380163782
100.229095958
80.4536635705
65.561107806
69.3742511157
72.1971465884
154.787045841
96.711355382
46.4581015541
32.663832635
773.06306543
142.733197757
420.8999043
113.604128404
102.89746355
103.232140226
159.209746575
87.5098541402
32.5948033802
85.7512204977
150.423999527
95.560029904
144.79740353
112.182648508
192.813919604
345.557994619
38.6251140018
51.5323993824
730.567532171
93.6887609674
66.0146007306
191.561475872
74.4507070048
31.5003214748
222.526117247
41.9814322952
88.322655212
95.758948441
101.270087236
68.9909856404
54.5071285746
98.7028542616
59.7075576197
75.6871367249
106.755701483
76.1769809118
434.415263531
62.3884715796
88.6180691376
91.2114998104
126.442613396
511.552764872
191.718678002
465.22764133
105.349239377
111.526628455
120.352507521
42.1210541885
108.095833342
162.004497215
80.5906751399
101.036812374
167.059920418
54.6078514086
98.5451218256
78.8624378271
61.6637983566
136.568358623
132.117383381
95.0599407205
81.3550332554
49.7604045667
74.7771063674
33.3618286285
52.7514652943
158.615580551
86.0746572281
348.897427409
128.449783864
793.033233402
61.8648736266
255.999737571
130.506418576
79.640184653
70.1125813636
588.24513274
150.109684453
104.411548553
214.266152654
89.5606715782
75.7322936532
587.424296321
333.239117913
69.736249392
158.803733431
203.795293329
71.9774731782
34.9669102723
135.74447839
49.9237263903
393.624970533
85.9338305825
23.0778813973
69.1383978949
170.257708042
23.7935917526
196.735928168
263.34223557
144.339548144
877.564355436
54.7703107057
98.9932539605
83.752734536
152.590619094
66.3814235551
78.9479105791
336.322262426
66.9689542272
71.2603256737
69.025231701
53.6680224152
76.5935203382
373.627080561
98.1398811805
146.055257173
115.438175566
175.408945041
87.1934926774
83.5960217571
122.755185818
518.786053228
533.653121605
56.5155219687
191.659550298
196.749309396
123.995008684
110.899768291
34.2546906607
121.419530486
70.69369607
70.4967097929
99.1408059468
76.0045756929
74.0968370959
73.1024172086
88.1887144078
126.447077154
75.9783784338
73.6516467351
312.295601706
121.164293075
296.7754169
73.3228834906
123.733158877
73.3855824784
14.8044829198
218.271883872
88.0157611005
61.542337956
149.045684564
166.083516298
214.784893623
225.805570293
39.8453865473
23.4805741328
90.6987708855
68.3348316071
74.9484443956
196.912287492
346.674154514
60.064565432
70.5113666011
141.403004499
86.3873530072
98.0497146988
92.3287384097
353.562988613
283.30666456
586.291954545
98.3798095034
137.953200966
43.1903657345
70.9337770417
182.554646295
207.736993488
69.3899963276
51.8086235819
198.996117339
16.1375191191
116.283301957
188.217779437
249.054595514
64.0883851766
64.2102351341
123.513892131
223.601448893
60.4518649092
91.3286918971
731.391095974
71.5073364907
199.137496973
37.6297947366
178.43698628
81.8096110062
150.815694845
120.033008548
222.846056208
56.0352609122
81.0803567335
103.190816414
70.3792676101
195.919968979
159.645902512
213.561301776
314.858341788
60.0877242964
388.253477276
323.947569717
72.0150988336
60.3106751831
37.894198339
84.402275861
106.046184417
35.3347870003
92.0468649937
59.6447705364
108.670845807
97.6206837177
42.0012554682
81.6147835466
111.185180952
45.2414095028
91.3320856047
155.399320727
81.2248578434
217.444785407
132.510782861
24.7797384025
460.893607246
35.8041167579
56.9538859117
68.6292083072
360.932909611
76.8263769084
102.141978992
19.5573366323
127.806619144
88.8053642676
43.8849727595
104.509153012
206.483096986
938.99329509
52.7368108414
156.489146297
103.53800724
78.0907986111
88.1379858183
320.00165526
79.063070237
164.128299794
95.6668334456
50.1007696101
196.170395741
66.4068372214
201.122166299
71.0530343664
104.575008554
192.210729957
50.1005443868
75.292960837
65.9246012172
77.4981289031
71.7317793624
17.8737697395
165.073700044
235.856171956
66.3666182799
185.649306218
70.7779658851
110.976653761
355.439592303
1847.78508929
91.0759743434
488.279212064
89.1350561827
220.210076086
81.8882295392
101.471150352
98.7217058433
117.332523037
150.579397841
41.8497823734
45.848859402
185.128765342
49.1990643155
150.373711669
116.823184919
66.9466632372
73.9084529191
74.4633215374
63.8550741297
27.3638931279
214.885070124
112.031830614
116.977185911
72.2455904916
57.5411308531
43.3475115788
206.746920681
232.390859311
106.435706483
45.2292159194
209.375405017
75.8419835489
83.0248356703
84.7509847722
73.6630896602
137.534876619
252.477910838
124.432916752
45.8220544769
158.888561488
72.8613034602
90.8771300842
450.616768944
52.4814232378
689.534900635
35.1146938063
157.773863905
108.386456734
38.3200947776
80.7875042528
60.1930676793
229.488568939
25.2892712169
88.3434740945
42.3181383774
224.898607643
75.7896571562
94.8851809834
66.3926298513
293.629018221
147.192737731
40.8636199284
273.87832918
196.807819066
27.7908471514
72.7076899976
195.494512398
30.2745635795
93.475976601
117.261157903
35.2959810126
221.235054387
67.6454198521
124.565483738
106.752398001
113.148443902
1397.66955
193.684134599
307.267461134
94.336470739
97.9270523294
344.907398429
76.7406280871
115.289630391
150.122789761
257.492385671
44.780346333
266.505033923
69.2931475085
73.3916476099
171.252351929
95.1516679501
44.1815250913
83.2817769231
70.2568003212
64.4297585202
377.021751496
71.4874943825
80.5539898723
60.202819458
66.8381139368
204.839367954
54.3040803484
76.1745135205
75.9672277589
76.2420489442
77.0998542011
276.065982422
81.0073431896
69.1454372463
24.4103614619
135.284353549
152.740775183
90.6453922261
74.1120487562
178.107060118
118.894389358
110.736631042
215.262379405
90.5017762034
100.252389206
26.7583116827
96.0427654332
73.8907602759
163.755589351
31.6101923601
508.850576033
36.7882802867
349.513418346
113.683271952
203.941747488
56.898376366
154.987468028
229.566178913
117.647681489
158.583967364
82.9927357221
58.8790649858
128.515032168
128.716533263
284.894728264
91.3698393736
25.2532138734
52.2169083843
225.210946723
74.5147954843
93.4436025414
107.534324321
88.344927052
59.9416818223
122.777908067
347.124684416
268.265836126
87.9279474913
122.880388482
72.7224127195
75.9313923774
118.499849459
78.2135868192
178.441897201
85.2690326882
56.9478014523
39.0087062469
75.3999584415
70.6220785563
171.996233913
42.2506000385
93.3056759365
109.103434151
101.558092611
75.9777913903
80.9360396873
88.758409221
125.590174918
77.7718282467
94.0932366869
320.243652555
54.6794048104
182.033309442
59.1474668642
55.9522221982
115.948144987
124.220017675
70.0887902652
95.1069880671
229.837411163
115.402926019
88.504696456
120.272155486
69.4897613857
66.6416108245
54.5907333876
81.6525219794
200.497016157
66.9267955355
468.944620808
119.24976139
70.3128097866
73.6540596442
157.357478532
72.5695356553
128.43536287
133.749308884
79.0198907342
50.8807423536
75.0837772333
107.16610164
81.6285310082
197.740575238
45.3423280168
85.845823633
78.644403328
48.2503740125
82.6639783734
82.0204429983
70.0637201124
250.490605123
129.545670839
121.969465924
72.5236626847
69.7094756117
120.361755133
116.743181047
55.212332466
639.490359454
67.4746783267
97.8039070953
122.796107287
462.743622272
608.820241714
61.7455319017
61.0271611523
252.601179827
70.0806304514
78.7098196041
180.209954568
189.107040549
74.5874245027
192.100414285
741.208729755
66.6975721358
80.9945674525
53.0014509931
84.901731311
273.483682383
75.7765592213
89.270368487
64.2622582422
234.594481219
205.289537116
47.3087727723
130.779316859
49.0234856928
85.4120835396
70.8180552864
101.251938209
72.362591432
853.518312833
25.8738238989
85.2015332447
518.340303765
67.4797963566
107.845602793
532.77056188
207.845888678
46.0534940103
77.30545447
120.473946835
22.9502401934
72.3613961137
267.734460633
82.7284560581
109.068505334
46.2854166204
27.8394574415
51.1357067827
633.435883417
60.9042857493
75.9593295866
440.295882718
64.9493048664
61.0266436213
46.7648795293
77.1008745212
83.8509839042
176.205310949
84.2503245795
28.955930151
32.1163050831
90.4781941512
65.4770728806
56.8951572683
56.877153864
79.3657630492
128.875428305
81.765837281
43.4378528896
90.2525027812
214.003139052
88.0066955302
474.775526626
89.2871638943
694.791215129
69.8407656929
153.656559385
242.453577897
115.578029615
50.0970164163
63.1023251
68.4023373212
67.7102657562
87.1717853773
75.5323545531
85.704074171
198.679106866
74.2851554155
58.8015525095
199.565822457
162.196452222
45.5683158407
88.7990450429
81.0776970443
84.7739701067
79.3705351866
142.696018557
77.8333403678
266.126880674
56.6490106321
125.039897775
292.05523932
73.0260379743
88.7902227663
25.3227715785
123.070317429
164.02631822
76.1530191454
76.3180213401
57.5592487143
44.4291923944
35.2483053687
46.4033932204
165.993446228
62.8889577942
154.905906771
70.9632839567
77.0146772013
193.443234439
332.008324988
65.1377471741
50.5366496812
117.796106554
153.313697649
139.542636969
61.3435230265
350.182399687
84.7937967666
131.603631363
204.916598873
153.874918883
58.9906724197
52.9591944622
87.563440003
57.0215153067
39.3618173295
80.1650754313
118.685309579
63.8069320945
58.6500348577
74.1996170684
35.8643738195
149.58853948
79.5585620702
114.696910073
50.3231038158
184.788440271
292.967893794
548.270952622
335.256945442
276.218802325
83.136308516
465.945910414
160.98684222
89.3619591744
381.077463006
474.307005274
158.955469972
244.067226786
77.783787925
145.985647472
123.215776659
43.4269140673
144.142265634
76.971897102
83.6107827856
125.60539791
442.611343574
115.992295527
253.510174964
470.935178761
97.7269300804
64.0686459111
138.482943858
84.1028935765
135.54690577
84.4242461132
63.5098546211
180.568689432
79.445814245
72.3535496768
92.2564984027
68.0716859299
328.64031937
40.3274285363
69.4004734676
109.9572099
128.309604585
217.199380267
80.6366912135
68.2306486748
97.0077868902
112.640104768
42.0200169284
240.62661462
68.2829458148
83.3599144069
77.2277064168
84.8482839563
62.0999615407
118.387579183
77.3990095784
68.2698771784
59.7913063602
155.122617382
79.4580981789
98.840708907
248.576226031
81.5597275014
52.1691925198
65.9210893827
111.13580479
466.463705059
107.560438902
105.821820796
77.488323244
115.405946996
64.5132693065
589.458381795
35.9285886977
80.9218294196
32.2436884175
40.636645149
343.86042312
153.373068449
46.8205222782
77.2785610468
79.7787732685
65.5475913232
119.368893541
40.4129515181
90.8987260582
44.5435155441
38.1446661037
120.554100206
58.1441124106
40.8772183851
474.43002163
70.871642256
62.8799785655
96.2525648026
72.7418374154
76.7269322188
48.6959602846
162.710945072
45.6241960958
57.116976643
292.641899621
93.9875089417
69.3501871864
74.5370204566
232.771825584
172.606443051
405.253229699
75.2142374718
111.802640235
129.182131424
78.2862770339
87.0077494575
93.8939004872
275.241665658
54.3215785189
76.3597270747
75.2356991879
376.997666418
82.4074513997
250.536340038
73.1674459021
67.7314789293
81.2416558164
74.6879906905
50.9985319752
84.0625191016
292.257351755
375.80115268
41.2473677522
199.251909508
183.416779652
83.1899113798
28.2282423484
175.678723402
51.66559266
131.510668703
69.698131562
68.041315388
75.3600970465
144.13439629
45.6860471871
95.3365647524
90.2824684651
48.8835665841
119.887893119
304.74871785
82.8231217181
47.6583409716
94.131928016
198.482625465
34.8627867189
35.6484266893
57.9748593683
90.7187370445
66.136557114
100.895505614
49.6424947115
159.556780898
69.3800849338
188.454000389
63.0068905429
72.1741345188
78.802153378
99.7315266049
74.2950414013
77.0925563277
50.737118796
72.8169318921
91.5909947509
85.8640255813
57.2816492814
72.181362497
143.720759538
42.8369189979
138.923319064
318.52883356
84.540721309
35.7952490605
193.5975455
85.9374992225
99.6578565069
27.8163440061
39.4493579785
140.269526202
33.1689331548
75.959355734
105.513247904
46.6236608405
67.6400860049
118.178540591
77.7646217238
59.710909564
42.959508707
557.121669724
81.7323064758
366.303338403
350.76729667
114.95006979
48.2605373351
51.1435541396
61.4195484861
127.604172608
74.4605658169
64.3533189043
96.7972377926
189.184735861
75.0136278343
82.337421439
130.307876873
217.719631072
261.637016425
58.7839896828
35.8812047457
326.50960482
35.3391459331
78.080149082
112.384458739
22.3420030138
362.688147916
94.0071156061
302.942379161
146.845485297
54.2400967582
128.810533276
86.9537815183
49.6005770125
47.4186517506
93.1743224848
52.7952158663
60.1090229071
117.489086255
639.127870045
70.3372520803
16.1732274329
68.5821665837
86.7692283102
71.1638082317
155.861645723
73.2873750067
68.2060755891
88.8951037308
89.5720299229
74.6401310747
126.537041907
75.6811030815
248.681867289
90.0924167232
77.7499324421
75.0837793907
98.7062355726
708.697883341
63.0396924193
141.84967904
1147.38931316
79.1384981795
68.4889853299
68.6887349347
70.6579226503
68.9792113632
44.8444085926
65.9296496348
82.1115246223
163.918190774
29.3091109643
139.537827589
85.2899401708
93.4250867342
236.360984173
189.782029748
420.876988941
96.0483539261
271.938826921
81.0289754447
92.5888721469
579.211536624
48.478121434
69.4747826372
78.8239032874
50.5674152611
71.7449535143
81.5024128501
74.4637920656
109.765930278
94.1981568574
42.5797169459
284.158269624
60.0679854444
74.3958912171
94.943698921
77.5138784041
49.8848768706
87.7526996559
82.9847778824
44.7982665682
88.0958400469
150.231073363
150.617018651
61.9134281335
252.648706563
81.2337327124
53.0778312235
167.763047968
90.8554408285
75.711658114
100.893870788
50.4703073623
116.296768505
31.6783954283
237.481793837
42.7350600252
167.753070898
78.6395084891
171.170608362
78.3720828191
76.6108901442
80.3240293775
18.878778386
70.8564805971
64.623114599
80.8106210968
297.554163592
73.56344205
75.1100047961
391.011654424
83.875556853
50.1885349182
103.886959364
75.2240577716
224.622416078
137.4761153
916.199031022
123.5663502
51.0646794596
176.590076544
53.6737903968
86.0893069566
90.4203306197
26.5637619394
128.890625996
64.165294763
66.9320862481
401.154101336
65.3738558894
85.9926398627
120.859268639
119.286339255
95.5577386381
69.1221584364
82.9330801131
381.904832937
75.9773984346
137.306477721
151.617405002
472.765991742
155.479760411
73.9329393807
77.6565234279
267.451584429
77.3172261157
44.6321523714
65.8560494791
77.8815547632
56.384832585
253.436617492
66.6706030273
61.8193702942
76.8475938229
59.4105477798
76.6268154301
183.03705422
51.6082018541
299.178407888
103.70084537
140.076221394
269.79430418
200.676906878
74.8373905918
79.3817483771
24.9103460594
140.468024272
202.621002934
74.9640172502
85.4061652148
133.208510153
46.9412068676
77.9757775516
190.962559961
111.314227705
79.2355577856
137.166330469
76.1436517266
33.6695538268
39.6849988641
329.710257073
85.0622320056
61.8217766091
108.622954496
72.355204759
91.6672046299
72.1550182516
74.089220028
84.6303272605
120.074193523
131.262265406
316.565758585
83.2812371081
163.865458645
59.7085932705
53.3354531997
153.339923647
74.4500880108
395.377628227
212.288899326
74.4843470293
40.5949877006
320.193973418
80.9822480792
43.0090712041
43.0978799085
38.2931338964
107.821694771
89.2049952067
69.826402198
40.8535590942
180.939952746
319.185491592
175.518971176
324.450598198
148.997591192
50.0452397308
40.0733135902
71.1837741558
80.8387362352
69.5423977018
103.985440146
73.6754287694
68.9239131678
117.833486391
158.692581055
107.717369994
168.24783974
69.1080771639
72.6663778821
86.7750123552
64.317672359
30.5498042939
116.689944354
224.822654601
148.247717241
40.1973030669
366.359273983
116.938610962
204.103542095
19.5034427182
72.2183136859
81.6887654089
29.3356145851
51.2197658469
31.0206677273
104.128637771
90.3021931947
93.0531145646
99.5712583564
97.9960191095
63.8310005502
558.521030847
92.3128132021
28.7305343362
130.204886537
100.755879377
571.065213984
101.058085013
125.077437895
94.1303306939
60.9605914604
189.937660462
38.8405132123
71.220622444
99.3898515875
130.097688009
67.3187044502
71.7625765782
55.0429419222
78.1394599304
79.5561147057
284.945866682
43.1826402709
146.61045738
112.307140657
481.47568051
509.531126443
79.7879079903
257.593187215
16.7976422411
43.3569960232
88.2129833147
36.6843696205
136.464815476
69.6148395735
174.449296121
232.116698664
132.76218798
123.462204998
25.3224359117
151.622772191
66.3469938275
58.8557012138
72.8307134476
42.3718338306
77.7896836396
39.2081523057
31.6147858794
297.235335906
109.175615536
291.065862474
519.600677933
109.60001848
77.711884849
248.954481006
91.9629677637
189.104900151
175.866677184
52.9998494216
86.4894107897
110.546855379
83.5123110562
95.9143382051
74.7500540145
128.791121802
40.6212661321
38.0832837862
51.2201299379
75.5649639554
66.9463596275
1542.67528377
117.5365636
80.7192977157
376.696130413
420.021047825
45.5465970333
92.5808279355
127.407086933
117.26284085
32.5202625884
410.72735947
72.6619531112
91.3017026535
62.7608142072
224.745074673
220.363480923
160.321940802
128.741454931
1201.1544026
74.6185934527
226.566297352
58.8113112861
120.627352438
70.3316472284
48.05965011
124.398099762
87.8345145623
65.5269998853
159.090544881
240.778960975
211.814260163
131.532194918
276.397577098
302.367231941
63.3872498013
135.371263152
40.3364454503
91.4897466418
71.571673468
108.662631323
57.0278755847
80.4659829088
45.7718850072
41.261857109
84.6458605888
79.8502224752
113.276337252
510.735333876
47.8459463481
63.793229535
79.4927814844
64.0767454233
77.4122918703
34.4127855121
107.660099888
109.774525164
50.236952868
163.550502032
134.809022873
54.1454437994
93.8678541458
153.27311287
83.9356219129
28.5810503364
80.3260164242
54.4507062175
73.7263543965
73.5698582175
44.8459757647
69.5191251836
61.461017853
58.1625857179
84.7401408504
91.9220395746
418.849669864
82.5227518753
79.1156858569
62.3251331953
70.2122805735
225.573072143
226.529433551
75.3219134813
80.2518786046
102.197645947
52.8983150837
81.9230313195
112.165859107
310.975484858
538.750723054
150.382520176
34.3667488237
89.002176634
57.7212171139
195.300764644
87.6694894312
94.0932632305
253.267467889
577.593783575
67.7677131088
40.6181610762
273.424535652
73.7110198634
136.29892529
87.6509111147
56.4544907674
165.040933591
119.645992724
132.953461267
88.2203246053
333.102618409
150.640381995
227.015371702
111.966887048
192.840387178
68.9040570604
63.3895093644
206.628406035
81.8696631773
80.8178385443
68.9547014006
144.791737683
73.3830688491
133.751649243
45.6874956373
110.431581964
184.145716927
219.956844223
73.6124053345
450.197163478
24.6340041841
74.5750894551
73.5858245159
68.6774048107
39.0935039237
74.3195660923
70.488337545
116.577707573
32.3129857108
74.4915208248
36.0603657767
360.669276804
64.0586587651
53.308668308
127.37731619
41.3845297374
103.243783516
274.91215994
64.7884160966
139.167951709
550.116968365
10.6529942693
49.9981514765
210.835443753
31.2911197107
103.284971513
43.3760485749
502.643885459
622.641834282
94.1586521927
68.4278096987
77.4305860969
80.6121236339
136.945692095
43.3179118153
74.0517048209
61.1199404279
141.961851123
122.73723826
97.0908280612
61.2609259892
41.8812469421
35.6939740333
71.4362621112
127.238166869
69.1599140642
60.7705250009
104.731185707
103.609288064
124.193532603
56.0451632529
125.664948783
192.102648589
190.766648019
616.485319092
283.930089238
133.828849267
328.787619522
79.8539610492
309.86888954
868.325992626
163.217904381
91.5404118644
123.225892235
87.7483530292
89.5503838945
104.160043734
53.1338622631
65.234521674
80.4290901658
82.4943283434
91.9555589343
62.8742569044
88.7834312263
44.5351948485
144.118211791
63.8349951691
83.5639246682
74.0979966402
50.0807959871
39.2905983158
178.220243275
59.9149293829
120.520008836
172.932840122
79.2304646754
141.495645858
90.6419979435
32.0301015577
78.5421163521
97.0792165028
86.4708187256
23.6491882844
55.0621604838
197.825618289
79.5331666485
207.297597054
114.007905123
60.0992951322
391.532534614
72.5616414174
92.3162879358
44.9828292912
178.001749874
76.0911211934
114.131617885
153.336418023
349.518617899
364.441904562
61.5604128231
203.893859135
71.4813190869
77.549208837
90.4097950474
76.2655744197
75.6942628841
75.1503478499
161.605516439
40.9313127563
65.9852850398
484.960845491
86.2856056014
37.124254749
140.489318262
131.250402021
95.4202552664
34.9734218184
78.2026891623
77.4286203925
184.821271045
233.038526831
262.453379531
382.900645203
19.2546570427
52.8598007329
36.3924884675
84.9102706496
168.759226407
96.3728794235
79.371805328
84.2276663657
76.0973454243
62.7241866793
73.3291332773
112.657366838
65.5214432247
77.6189190677
98.978276233
81.4496611975
342.206318915
209.478697494
432.428911928
113.259756643
179.682098913
75.7196774455
82.3090770956
94.820426887
78.7559491293
91.8512050084
57.2466172247
251.426051442
69.9339295483
83.1948463037
134.271034123
237.640971597
139.234764791
90.3276886905
141.376076817
388.636876818
117.973371273
215.589054803
23.4020895218
60.586627297
88.1079271975
172.602021123
124.59322829
173.834478994
416.51568609
155.687868062
111.00008494
146.14659764
129.880433059
330.121649287
74.4641308344
151.837563081
88.9218183782
49.8148626797
36.7568081968
92.7268217014
376.159900171
101.088414558
143.172403869
47.5753339352
130.873765205
355.150809351
82.6896744083
120.702636545
84.6055400541
223.514988679
124.843204767
66.8855378936
482.345717769
22.7431095805
43.5308158838
92.217324247
61.66425965
53.7704363278
88.3635275094
37.5029859418
178.393347574
68.2756838352
22.1161654555
256.589428041
124.566678432
142.031147335
49.8993916851
70.0602496054
79.8294416387
76.8175653588
90.5364907876
86.3341269453
81.6475986159
49.9376532253
114.43470105
48.3787002962
117.507380438
79.0204657843
563.551201047
84.9768393494
240.494621948
108.749752678
88.7760090758
53.8902504695
90.879505496
77.1108452556
143.023508752
55.0514725746
94.0863172836
76.4771553985
69.8519096002
79.9473429455
202.820958723
40.4260965311
210.321100032
237.246956407
66.2205551386
115.609511818
86.9279471407
82.5955739927
168.708610227
129.974270344
57.4501018245
153.441160922
139.053729365
28.8919977132
80.4983405646
74.6401738663
321.307659076
47.0638964563
73.6750775932
77.5946334613
220.664422847
96.2286319243
178.453290677
152.78450758
470.978564504
98.8164518114
91.4514923721
61.1853245631
164.220596764
128.745669312
79.6493807536
93.4593828695
290.269336813
256.936952468
322.012695113
483.672337617
1112.73382499
102.382880105
438.989691413
53.1964462495
104.019249016
119.188882846
79.1503691026
69.31436895
119.344327624
44.0915278342
721.154570632
80.1902333327
238.329582327
68.8424943715
74.2792374253
63.0233637899
82.692154059
124.416070895
851.050175925
89.2091089071
110.831708359
178.578429924
64.7830664491
74.5031718349
137.307136275
77.3432412264
24.3846487069
116.751068291
70.7095336331
81.0671325032
92.6032585794
250.652683531
84.0904442511
287.249478038
172.094634568
650.812238268
358.712511378
65.5321835671
638.22287031
80.1471341333
92.0270102335
197.659316587
216.248308951
291.074088375
72.1144740332
82.1758038986
82.6853429491
77.1324388148
129.840596202
46.5172697761
73.9381492411
165.801362553
37.6472720645
65.890093887
33.2555511282
458.870188577
191.202945169
176.778249038
354.28713534
70.3878888664
142.293598148
347.624985871
315.095449585
40.4326370525
170.393445749
47.6488304524
115.580559934
51.6879392635
92.2579262513
51.8877314184
36.0306738904
559.091792108
70.778709462
73.6247784857
47.2914675801
59.4524493134
34.3054404538
405.5194485
87.6447438368
73.5339218626
165.510516131
81.2527664745
128.06826477
175.23512869
190.677717729
241.207977111
67.1976087944
73.5138282814
333.876192888
183.949634489
210.615994852
47.3383022403
124.994449233
493.419176917
47.2431813725
153.026487346
59.5386039295
507.814436751
274.567407877
70.4419919887
348.091893375
192.370438707
303.927765958
225.549233669
139.453345028
82.0091592884
75.8027479542
81.9429185368
84.2317611456
74.224631482
52.8402930814
248.216004334
20.4601264181
37.8278723968
37.9320627769
89.877281411
21.7017509214
77.2641670239
70.3898420304
286.87119909
27.5127390496
242.962570466
59.8903160689
104.171954418
531.307017341
52.4843938915
47.7350705701
50.4930472879
82.1141073924
88.4450460241
90.1857540854
91.7015742563
139.276173277
65.7390930215
39.5307894629
50.7257353499
162.231862544
71.5279875516
143.756495532
98.0350199086
190.469993797
82.9360126786
133.401589297
14.2047840336
67.2469340719
72.7833898316
417.993026634
80.5335134875
28.0037173551
139.309191958
81.6302636202
125.046400552
77.5008137927
221.049314104
87.3456791504
109.531175227
69.5312233341
79.8611909971
338.407468569
70.0906399092
112.6906357
69.4405366819
244.648333588
143.466472129
88.1220614767
502.580918594
92.9384130561
47.1109747008
225.903875056
65.964545153
79.6314013439
137.896052423
78.3082719412
44.3866722351
69.6550919681
141.590883734
441.951886537
60.8478584058
37.0589777799
111.198666764
45.3754791402
93.7700011832
284.977430974
23.4560251508
158.123841103
131.682870826
304.24822473
45.6031590836
81.595902997
47.8716374769
104.078265228
116.946011766
178.603790601
455.436157159
81.4096553004
161.580241632
153.57955533
62.397579582
301.759843185
111.890074368
103.527057572
117.938819983
53.185048562
82.5406799388
174.342041645
102.513855472
67.897598336
34.3198285875
30.7387300051
99.1749468083
158.667999344
149.601003184
23.3402374822
140.715927594
102.426591917
79.129505634
115.205866221
72.5143980371
100.300857224
79.3286679166
185.122758325
80.0725185652
290.43227852
283.563350238
319.21694282
90.0435930684
104.868574647
171.691162575
568.309343388
84.6826353622
48.7010061296
150.464764049
149.836411293
213.123157437
100.464651444
63.2922015711
94.0013602375
236.654121492
45.2987556463
80.1915096326
75.0315045899
54.4267377845
230.245748041
176.402991524
108.68923189
242.564474839
529.074057966
131.452532744
75.4714320374
71.9914136604
84.3489569429
99.7900628041
48.1521035656
86.1526856951
83.7246743553
99.7770072315
71.5150005525
93.4543237831
80.3569507515
66.9878308276
210.198631841
283.255451859
140.988861213
1212.7009437
334.572229432
286.250223092
255.323468239
79.3754353811
65.3579289608
246.843841558
84.8033499983
122.586151248
85.1466577763
682.784183887
51.5494022053
284.156486982
62.3525469654
100.179388401
118.830988511
66.9181235128
78.7407389765
490.730281787
128.812523662
78.5398057396
83.8514603515
71.473780875
249.726290881
83.9050722557
21.7565590697
92.3942891148
92.0455578803
337.580441736
115.517721951
55.8670464867
68.9749885404
368.344628924
291.844078861
188.426371619
59.2992229124
393.549151153
235.56393899
110.203973587
653.336746338
81.9151542603
31.7773923977
53.0300756408
148.98488445
109.169364216
131.613426536
73.7425241656
116.723768197
100.343598616
122.769610557
56.2056499909
103.341199871
75.4712160274
82.1058251353
178.447567017
68.835546089
76.3030628765
111.702971149
66.8396083481
36.3742452935
71.131720004
81.4535980813
175.474328149
258.15639197
185.359919173
75.2706653601
69.4879718708
132.182601156
76.8505591428
162.878636394
1207.59179684
194.072117544
317.5156311
67.8402760019
55.074147594
631.247018577
65.5996726773
118.474319761
117.001715011
61.943464607
179.569473251
48.947684036
74.7926021387
62.9355611374
280.706814871
141.583958046
78.194365123
45.1812954903
163.649870449
91.1680552667
91.3569528872
48.3879860111
29.3209851643
77.8419505047
58.1503347158
503.733746629
44.3344449853
85.2558558317
127.798996838
110.099181966
104.408775492
92.785408027
79.2572549594
149.944200538
227.906192327
271.584975819
537.69492001
67.2076459682
76.8805901968
86.8867457777
49.8323220995
173.484590267
104.839645727
32.3734158857
59.6393478635
89.1823770563
231.755231213
30.1536369925
80.0259174942
82.7237217232
179.014069458
96.2302398174
43.6498745101
181.470012586
87.6503573386
93.2753956357
150.707003007
50.7485506289
84.7973723062
44.4476095398
113.750046895
80.6903771337
88.0253125585
192.697511355
76.8702204679
199.966147178
47.2362269236
82.500314924
45.7725927094
68.4363756564
78.6392222631
71.3729934695
259.746511559
89.2980771596
163.29193923
71.084811935
231.931372748
66.469377282
84.1933339572
79.1725601158
191.200478317
83.060325726
57.2328814907
167.091069906
40.5497191252
105.729151011
90.0703107446
165.769390257
36.8230659246
76.767457277
69.7641592451
221.658046805
189.875106303
47.6289080498
471.255865067
79.2876479432
84.2529564482
130.539563799
19.545018004
122.768014791
267.59219915
37.3009126587
251.884442775
100.744846772
119.806856541
83.8315523109
77.8616379475
196.340738076
82.4698872705
83.71787177
55.6590750596
415.54477233
84.7634970246
210.986818485
73.8924497449
32.1367817644
31.0020116788
54.8186577597
33.9945149738
71.5568201071
83.2250479907
507.526217124
73.80264258
46.3280656445
137.466809676
206.038939457
47.2555687066
75.5888198541
331.118369647
82.4059469282
88.0872267822
35.5654652095
691.140178857
67.2695468124
28.5394132566
123.152452334
108.013484142
104.899931858
209.981291448
74.8643864922
73.2058952667
136.059119217
47.5644009934
71.7130596949
190.711535039
114.971510946
67.3759596316
84.3668622041
254.897857967
136.843019038
36.2786677064
60.9807001572
349.553411431
54.3346523847
169.338260614
47.1954675031
43.8168468221
93.882283134
526.792495452
128.738791586
152.246981204
171.612611662
133.595150901
57.2269976118
285.331322166
107.173283677
89.7678638334
79.3306848174
106.3627348
65.2142753564
84.7233861722
77.1202143892
46.343806905
148.958238648
62.0850435545
219.992374634
155.810914787
137.184377007
268.260546316
119.79304037
132.663883244
1603.03005336
133.364941633
127.008390129
300.387423298
88.2164427017
86.802078769
99.6332527776
49.0620948029
100.473227088
104.784724354
376.143039413
61.6152504799
60.7963922896
227.904777606
77.3423229227
401.524749995
475.865593196
82.0243430183
74.8487297337
49.310609436
324.555129524
74.8513992582
80.5655685341
274.29475624
80.7951173169
128.061578286
70.2003351878
111.981910859
23.0486234219
76.4190363818
279.519984772
29.8530579098
58.2739554529
73.9476816286
99.4125987157
79.0463116794
79.1005991276
77.3585043722
84.2973409589
97.0681091199
100.841146218
75.7302344941
74.5537088887
75.8133452141
136.293290498
81.7977862426
65.211103737
192.265618351
26.2042437293
49.6545641243
141.573115703
107.152024127
129.515834746
116.011824395
40.5412155971
102.889112418
80.3770571312
57.6864541329
240.472426896
36.7265946572
186.455656125
113.113455639
974.455789798
91.645110217
108.264407653
244.663206511
116.058983492
142.88736887
49.7525343311
305.71080971
10.9779896511
67.3223985916
265.962347646
302.173350457
121.795135157
97.8143842214
90.414975826
355.589048037
156.074195996
74.7474952559
98.9151649358
269.599366675
121.448905841
57.0413381694
39.0557312813
72.5106090572
81.6452015931
74.4626377362
32.1607986983
134.582862945
120.621177026
79.9752534176
503.098989187
360.788144751
195.657946657
140.616429257
56.3699532384
101.718997683
326.048072565
76.1219617091
65.9431636213
56.8916705454
95.2774448933
193.518992157
64.1197843189
