66.6661209081
98.9554426044
32.7235795016
81.7696725947
46.1611403343
32.4294031343
20.0044933453
83.7771022638
23.0099576745
140.884719232
106.238202303
45.6878880499
42.8582697616
58.6413572969
20.2485563741
109.430497568
179.302266246
182.107706044
77.7011173369
132.179928372
88.3476129723
84.6704334191
75.5590065851
83.3648146858
60.3525992752
75.523813494
61.109945349
157.73854973
33.3525218351
44.2967050069
295.671624675
69.6287757599
134.031321423
25.388765133
114.200133052
24.2571925973
40.0323855941
56.5174202115
159.325608446
53.9336033301
86.0700736648
70.9366260448
90.8934759077
41.0803905825
33.3189237435
68.2812265283
69.3537602913
51.5132492398
59.744084309
53.4190544288
52.55059026
63.2914124518
45.2517631488
61.6323349237
48.7161557142
72.4162192731
110.020220173
31.4006023481
39.3146532998
70.5482338569
69.0709525671
99.6213241904
153.31439367
47.0864359881
72.726013242
82.8137717471
48.4764983167
128.158628228
8.78671991978
71.3788604597
36.6759857894
71.7460749179
386.258620396
70.5518099145
72.1085310857
87.7600256812
19.3089915111
85.3219456139
60.5924085743
60.5937762486
138.233927138
34.3876890142
87.6185129295
56.279510139
84.1423428839
45.3729157141
77.7946079389
61.2687235922
24.0299364296
42.2277781974
81.0930835102
77.0509552129
74.0855240702
17.6291344846
35.0533191024
40.7170460016
48.4568981233
55.2622674769
51.8607222924
67.1951238025
81.3029846144
83.7810412686
33.9909880989
60.8769942489
77.3101081521
77.3066197063
69.8651300028
44.1622721735
106.824972219
28.4223604935
80.9416967051
22.2549429309
72.6236354999
35.0582968863
51.6193116546
17.7342892889
64.3670056613
187.799549251
91.4007587438
121.309293211
62.1568578874
28.8760338583
33.452933106
72.5825192209
25.7999832117
55.0581919296
47.5229763995
73.1025356482
22.2144059502
83.7119053053
71.8230496543
88.6448873642
116.958055571
64.152646375
57.5437599146
51.6041124871
78.0858658571
61.2678688507
89.2922185709
76.2714894979
355.438349179
31.7885380344
67.6634363107
156.873144581
41.4645968836
124.017676865
146.297059545
146.133891752
54.6956365279
49.3632470905
52.2134950614
65.7842242907
44.3668762274
41.8711509152
64.124488401
16.9230184075
83.7153967184
52.8955153308
73.1468384527
68.6883752063
77.968605033
70.2146227643
34.6154165857
21.9339931006
32.436688985
76.055557181
65.9824886777
35.1888676533
112.836042845
93.3572087782
87.1454420763
56.300945411
85.2782564646
91.023542283
65.5298927877
50.7169021945
59.6454597946
94.8310267465
20.0872809148
25.5229252659
106.662694564
62.4787045547
75.3280849932
104.018315198
30.2188680041
63.4519576473
13.6488441862
51.7415494043
48.6975099189
28.623826865
58.1289322491
81.3322587777
40.5876459827
69.7660772471
33.1450313859
47.3402455579
70.5320681409
62.2001275841
97.4304785911
87.5662313548
51.0194964485
144.901281966
21.2258824108
66.7941786412
77.7181378229
71.5269743738
72.4213269163
68.5664525095
69.0910125369
140.220717101
110.269950661
52.9288421862
76.3581174342
95.2312818136
24.731319372
76.6955177236
40.3999434571
49.7530107924
61.8647941969
77.5366103585
70.5405070147
76.3858298332
117.122824172
78.9140860217
41.7779147119
53.1886181448
71.0857050723
15.170642171
35.5386322715
49.0648455055
58.6101868056
84.7549401523
41.2057841881
34.096417731
75.6083955879
162.308556511
60.8313364321
70.675199832
129.771075035
52.1095527776
41.3326459452
86.8018059539
74.0826520891
88.094209788
82.4057039288
95.985912374
88.2492131513
40.9417353329
45.689966796
151.149117587
64.4041500225
72.208862906
61.6251903106
99.2964253557
77.112311266
78.0212348937
85.8513171897
61.8001342719
100.858117031
57.121752535
12.7976313688
377.181826097
83.3384248265
56.8726866824
110.722652752
46.0820754106
91.5620083729
57.8044525776
74.0465050008
662.811151707
37.5008303513
60.4352961585
60.5326013726
89.5250665725
15.3201870553
41.1070223639
71.6257187915
161.197713016
87.3487554211
31.8206694121
43.0713018213
50.774487817
74.9244584545
40.7324130327
85.1816640707
113.183332241
44.8228777388
77.7733559526
94.5155649517
23.7382820994
17.6052586246
75.0070423753
92.2273998823
38.7738809178
61.8201532993
40.3947765588
169.605697565
104.282293936
14.1421873938
200.64920851
18.6169658227
81.2267184176
29.751571667
49.6611756321
71.8227932812
411.997347338
86.8017461644
65.3439387488
147.056271525
15.9314425499
53.8546750411
77.263573107
35.6090725617
96.5858408462
94.1092367283
18.7964010123
42.9145239007
87.7625242479
259.357795318
162.721387267
68.8485797068
52.7405852486
20.290787861
37.2529045253
62.7626602616
61.4378797433
47.8453063856
53.4197600539
26.9345395333
89.9286669971
167.377010493
391.252415363
86.9904315063
99.4733265813
86.8012444659
71.2308583172
113.961123494
46.2268081718
48.7815379014
87.3510295767
76.1362692553
55.7248873726
111.808856784
65.0013138772
81.4310079428
53.4974588584
119.88859102
131.448187808
78.7357481632
54.6039865214
103.124538905
249.248544107
18.2849068629
52.6195138675
146.187248703
75.9871910657
36.6952039559
78.1613060149
66.3546774622
61.0191429309
40.931496654
63.0429216938
42.3528346324
99.9700118899
64.2154540791
50.2169999413
224.262551118
23.8637081556
40.6340179804
59.2822902102
182.530920466
84.166615706
82.8394791179
319.766575708
111.971900529
80.2914601403
37.9381656846
21.0754856808
106.337899929
67.5962234842
97.880097572
21.8962345097
80.0665431374
235.930025425
62.391565699
26.9252789566
176.512818542
112.740088967
32.5843023023
41.7467532464
122.145302723
71.9015047856
76.1193069003
88.1104178328
19.2078274457
82.0374442825
109.11783759
60.9754590306
21.9049304134
147.57326828
74.7386697216
53.1955395419
90.6066006118
20.5045426066
72.016896652
66.8577704429
71.8529698893
100.655291189
28.9941748917
38.9356391001
29.9039937621
65.4033291216
68.7814834218
49.5256667603
112.184467533
67.9282000235
66.5859936221
87.8569641715
54.1062886444
50.5138924305
41.7053617505
98.147032949
99.6159973848
61.5090716494
72.3766495007
78.2767478268
104.479575293
58.8913069063
43.8275763394
87.981822985
43.8085279221
146.646260318
224.372989795
92.3414031697
36.000474334
29.8232500783
78.3989773106
11.0750175444
17.6786353457
32.041601926
49.1256363344
163.783189969
76.511773095
103.533226091
61.369743188
65.788183041
83.1367117452
44.9266526027
86.6964161837
88.4229493991
57.6972210237
57.491818944
203.77905897
44.3710544058
97.3669878805
162.16590206
95.0376138995
88.753516013
68.1360347939
26.4794125638
127.206872577
87.8665947558
36.236330216
102.767504261
73.6142625549
24.7770697992
172.982597831
76.9092433545
96.8635178016
47.6353972975
95.7034140117
336.95875738
41.3406133498
39.8880036354
239.001203558
60.6452455438
51.7912210502
37.810832323
83.1893189353
44.5431333829
75.5636688099
87.9101897817
14.3556171647
35.8320203137
131.694878904
25.3629552132
415.165404955
18.7671637437
83.3500964454
56.8875248435
15.2774901514
69.1409953186
392.525894959
29.5345304345
38.8680069593
94.4487592557
68.5127498072
72.4788991369
58.0197708443
75.1776774108
55.1385431729
47.1935840936
73.7561030049
50.9320239125
87.2933500411
21.5395634978
58.9386798599
50.1852664109
56.1933318036
63.8747793052
82.9630488579
67.2252327795
96.4966814923
46.5474148577
67.8467402449
76.2704417723
92.0881823323
161.727322204
53.1628318839
42.4874279417
77.3168600717
27.1186319251
94.4103164717
24.1783864918
46.9279363602
112.865925629
44.690067774
51.1223067332
48.5761414205
105.51793857
136.933105377
33.1870889897
38.1711587282
151.967320149
80.9114852212
34.8290363475
72.9637330185
93.2730282652
97.2151848777
117.30603036
231.853954355
36.0619476512
79.9487463512
107.273896687
87.6221824763
32.052203729
84.7126908003
93.5711419903
23.7825138883
68.0448701978
25.1372169179
89.5022333288
173.876771424
74.4980281113
75.2149356909
37.9385933349
96.639473275
76.5673087501
35.1949691411
33.5211936091
125.265175573
74.0404616603
75.8946769413
77.6977534327
19.8903727056
39.754887087
54.733660188
41.7881224885
55.4551692796
92.1653860692
104.569716035
62.8329082154
34.4851470591
53.3034850895
25.8454745007
118.352529336
99.1511414769
83.7925522655
25.4524965606
339.617106643
26.7821024824
54.6854561541
55.5545363269
49.4979969766
116.964415055
83.4904033219
178.583779585
70.148917425
38.9480455344
117.796668535
65.5524670602
75.0508603226
89.1095302137
99.8414971688
30.7778316351
71.4706334708
63.8569856416
138.969590123
43.4015626813
33.5856245701
46.5057323665
21.9791977706
72.1074957981
51.8228367391
43.08850233
51.6321560319
77.8645673743
33.5924078607
28.2465563115
63.647840216
60.0622821
105.444555035
90.4574858505
39.943098335
30.2177498715
40.1189080236
33.1608601028
93.8720829588
69.8009101898
34.2895253616
92.0445821218
85.4106416184
27.1111822959
52.1973046468
77.0061979692
87.637187935
24.5834347111
25.0762713415
60.6003838768
18.793622923
85.6529460617
28.4243206992
159.303874606
374.585183292
48.977532159
61.7626305744
158.442408222
158.150108133
131.492978953
14.7489740785
51.4281006696
43.427006182
30.6695785343
30.865780086
72.4589220683
55.6466049675
62.9498367869
60.4848548623
86.2399346259
56.0379610603
65.2914134193
121.160092686
55.8588485983
31.274109048
129.216127492
190.539744109
71.8299422842
73.1873906138
46.8910215378
58.0542240176
40.2933478711
92.0985797136
77.0009259398
101.075843902
82.4418877618
58.8207347048
76.47057995
68.6958300315
76.8338404544
68.8010005812
42.9595970032
86.4306102794
307.40698688
54.630916369
71.4317218103
63.4000092611
143.510314108
67.2488225246
46.0013219901
89.0038354079
158.173492157
42.7393085074
24.1258621267
43.7272408284
70.2485597787
76.5333232849
59.8633751535
107.758541539
60.029963627
16.2006494176
35.9215832663
73.9224863475
46.9713604389
45.227742693
59.7082497645
54.453303495
61.8742187299
53.4927511037
47.9484912783
60.9837935545
69.5722583347
64.8759870277
51.2297320054
77.4762941666
67.0474058165
55.5685505991
60.100074639
78.221286494
65.9515186739
52.0398237786
66.9682669924
55.1311215131
165.492612954
82.5367523205
59.927742889
34.0071138224
146.579091586
113.367610032
101.357750601
36.8388445952
41.8447602877
70.8380451008
353.940149007
92.7753537254
84.813963679
100.379240005
64.4248441159
72.4781281035
538.769572403
224.080822021
40.8872223686
113.026935657
286.021392184
79.9227942916
44.3536703446
29.5718921756
51.9900988252
70.5176888178
116.37167922
77.7295260946
77.7554005565
61.4420121871
38.5952292278
98.1717345674
40.2967327661
47.263637524
100.865971956
56.0591908152
67.8309735867
83.9334894139
359.146334899
104.036020002
66.8322641592
109.002265183
267.48167915
77.9314747914
33.367002369
64.6696446013
185.402328217
74.0191554114
124.539261477
113.183078355
60.6680203148
55.9251783249
29.0174922843
43.9854127094
82.1949808717
52.2577365716
70.2289619277
58.7630703129
292.361445469
51.6139852731
20.9772773786
129.009803666
73.1542503015
19.841476983
77.2209798723
23.8614458071
94.7031362625
58.006092571
148.826360816
85.1817874065
78.4903017329
70.390041491
24.8619409763
29.9512998612
50.9740646295
34.3710213047
72.1214126588
30.615489669
39.7540735256
65.0962307227
97.6608723077
73.2602607748
30.7657063063
80.3823456154
79.8232674865
105.8263234
13.44607682
45.3892206543
67.27083553
119.594324926
117.98856618
42.1408979333
104.966994445
70.9904647405
31.7363348956
83.1786428059
17.2724862854
46.2112140846
78.6164443376
193.356213337
77.0543444916
86.3415388666
66.5862143551
57.1082313013
57.9488501891
86.7499182938
34.3236933967
72.7652853074
44.1878396484
156.512429603
75.2345854079
54.1268709649
78.3997594052
36.862300296
51.170772803
79.4001429783
61.05661142
74.6345944276
59.2979083359
15.7316209623
77.0541634984
74.6233156243
102.588027419
232.242506627
29.4529310582
392.289854703
41.3141695502
32.1101995892
35.8206347332
35.1013850868
224.006797779
71.2164417188
55.5247573789
66.0931883155
71.9061264879
17.8255905997
70.6950055887
61.6048059166
55.1379340602
24.6461857396
17.5808849837
51.5252993461
78.2625693715
75.0466064165
52.2997321535
179.570793605
51.1134063296
38.3901029555
36.0917961009
137.219644113
26.2997758336
78.8248391075
135.165716887
65.6827014556
94.5756398127
13.1728319552
49.9834597197
46.2929668239
19.6057590638
38.8376688831
67.3980304159
33.0087199151
98.6604167
86.1981140015
96.9251241369
98.5024780546
80.4040366415
26.0421713433
49.5272005477
93.6619547679
104.574392896
98.6100449557
102.146644055
59.2881652879
52.1000254711
114.234466667
55.1140849
35.061377627
39.5897706069
82.8684856058
81.0716813448
37.1023492594
80.5243658937
53.8733543433
37.9348348788
72.9881791223
23.8102939213
31.3797846699
27.3641720012
39.0740331234
65.2295095183
82.2854735108
102.178585891
127.12454751
74.6843616863
136.401092144
22.0329719504
114.1509268
78.6894834285
31.1030618038
65.086327977
82.2386457073
31.1031280914
69.9456037757
139.78891756
86.8470093805
72.8786810269
99.2262270797
74.0721513105
55.4756244483
53.5148762813
99.2537938678
35.7945050773
82.9744225516
36.3645089419
71.9042480089
63.8185166782
31.3537725333
59.5795627452
50.3016735382
79.7658030374
115.307155638
68.5233699989
145.720467092
39.4134477028
102.351309769
42.4894850749
80.3318961158
17.4447005337
213.909211231
33.1831828901
44.7865606365
99.4279632519
31.8792399009
72.1226868188
63.8122826886
22.0125025883
40.0369349665
50.9129633413
102.156229865
77.1117765246
21.7246726574
88.7451430302
173.740793517
109.625960917
30.5815246973
107.331994853
121.451026248
22.7432604926
51.905216074
107.857915311
16.8456138942
86.7724757386
61.4401350756
125.899421141
75.5835190605
105.987192892
118.470029681
42.3407406374
66.5047262307
427.844901363
74.9785776054
75.0628561045
34.6513796763
79.6912605412
54.0987694342
189.291320533
54.9525136876
23.2951614082
75.9009996659
26.7001873017
75.1002552471
161.461112276
46.1412286814
10.9080303714
44.7659947893
472.695129487
21.1599218304
33.834341294
186.582600627
50.2111475811
62.1641342461
72.7308470512
27.239325203
46.2517427177
68.8483896153
103.193236081
58.0525068185
51.8067397611
60.6954345925
66.7934974712
58.5827962233
28.2346697562
39.7523273271
35.1585911614
81.6941757082
72.7605123226
80.2614441269
32.1913988564
214.073116683
59.5672787457
52.0537147036
30.6523250646
81.3262678049
66.7861699571
96.7262260691
26.0213118653
115.997871317
57.5777370834
184.49681159
51.7668511894
177.166845872
83.9674240633
13.9024323562
98.4269902286
98.9022513996
70.6799618776
112.616290264
196.244231118
21.273262216
58.246863145
70.7559724056
139.262854825
33.9296933308
40.1782132925
12.7997297919
22.0318231661
34.3696984962
73.6634040809
399.465381519
122.243749834
47.4122160626
46.700060023
45.4963159371
68.3198146042
106.863293851
112.336706234
77.1512121322
54.561408076
74.0033793339
43.7036564386
26.3691754076
77.640507758
20.2385416915
87.8667411815
58.3662670529
68.0745443652
81.9569728493
48.828812523
47.3554958532
21.5782255485
46.9951194113
68.112051482
100.993527286
71.3688869234
80.4182855635
174.160655053
80.657856668
62.1426190508
75.6920677328
102.597111582
19.4182057488
147.942909613
12.4250118865
53.9536619813
30.8409665456
36.0111918672
122.056110975
86.5607770182
84.2561215813
40.9601993499
42.9159671355
120.857523458
108.562526355
122.172810243
67.3088337961
119.127007636
45.2594126091
24.2245859681
85.4152150148
54.0194181852
63.2332947347
66.6423310702
28.9222637524
77.4453419351
54.33024248
44.1091980431
59.3544186976
74.7596848751
72.8935193467
61.210862014
85.1150810232
98.3660019058
80.9988051713
67.2395280188
34.0735633302
36.2720679178
59.7510928176
50.6005425777
48.6953338481
77.1784952157
124.604437346
81.0559709265
50.8521366354
85.6224692577
29.1956942272
387.757404486
153.039668081
58.8374496566
58.3651214209
52.7677746727
23.3254891305
60.6535040522
28.2273332697
35.2725419975
25.8519050964
91.3897244089
64.0082913171
80.4883245274
50.2506857357
96.3961925974
142.606843798
26.2987603114
103.962605086
42.1135450453
13.3288349481
116.622107428
33.8595489252
44.2520386237
32.228136025
28.0195347034
69.428731512
76.3858416559
44.1582545623
45.0264642608
72.8598982879
48.0234159659
21.4141308248
46.3846601069
27.0541077375
58.0021077216
64.4480702426
32.6820526748
87.0657825127
112.340648798
57.0671574548
30.8087530193
69.50139681
86.8465346269
94.3978013203
57.3467641131
53.1902842414
122.663302381
130.138874788
68.295383712
137.739466012
65.6861664382
66.0601276168
66.4247424935
72.5399131401
102.957921926
52.7449621954
539.985762899
86.2011730328
146.599814446
117.01218686
120.009544948
199.336539483
49.8481084967
56.6223179827
116.354224817
29.2044942966
95.6730676684
78.8036834711
71.0710614654
53.5368507322
93.0897750765
36.8527520316
71.9488338972
19.2713722812
70.3926590173
80.5863792475
225.235561849
39.9325895171
284.156492376
88.2334008094
17.2430714544
224.516794101
33.5092949807
65.2826122644
26.1085453149
69.2105428801
59.4698530981
44.2843395854
82.647655205
139.774109877
51.5846071138
69.3359056094
105.521732879
50.608558807
75.3972035709
69.3507897165
19.5421854272
60.5447653579
34.9506552556
72.1705807607
22.0603272881
89.4211882737
66.1001067436
118.683528921
116.502103538
31.4829213793
71.2903576214
13.2769327654
54.2020682943
112.245154569
75.4073752641
83.0990415868
52.2280633491
190.951639055
55.454797443
60.2216253918
73.6341730939
71.656645138
63.9099938307
61.456637242
68.3791559014
21.1600699436
60.7910167904
66.2078085122
33.8962210518
100.661329423
75.949907144
76.9227789231
118.678918479
135.045660492
87.6721332466
39.8802510005
42.3769353128
65.7768354073
71.4303710173
17.7610893994
80.9018708265
89.4186624821
74.6344377339
98.2690296172
50.0131907535
106.488418251
110.755402918
18.2108143304
96.7554157308
37.2920757703
27.5806892802
87.2538106613
58.1326418652
26.5968470504
65.3043826121
633.324394583
28.4090192085
26.4149444144
676.038496201
73.7914168653
68.0361393271
54.2528443535
445.313790417
11.5102667716
72.4709024883
78.013263071
41.6273399008
20.0115994141
64.2503800388
12.5638031401
52.1764500872
58.026216002
14.0640877764
74.8835350118
69.1602605723
60.4829104878
84.674004307
38.7676030575
99.9952502613
54.327161725
107.584809077
37.8164319975
47.6985362081
51.5430716587
92.3386280883
82.8918077719
34.6802409942
62.6951341911
40.4666136651
39.302890882
40.9435410191
49.9978969647
27.0466304102
82.1070707157
51.6759235887
72.825882558
78.7739620674
188.098562296
68.8025554026
58.556657087
77.7389297496
29.5179291116
33.3008509207
88.650765784
172.377636979
98.0669473697
50.2396881545
68.5503626041
60.3215676927
74.1613571042
84.3097538924
128.097036693
35.3691397977
47.726255079
81.7510296371
34.4765992649
108.44112539
76.5268002269
105.80619475
56.9275957047
99.4341684609
49.3416334428
21.5105888822
60.4264391578
60.1398971618
55.7554124108
47.2024023277
59.9601094396
63.6776740775
66.8411772155
45.3532136995
45.6641605003
49.3078190882
87.4122832301
99.6812777386
30.4269020422
102.438059003
40.6504409116
74.4297603249
16.8014139147
68.5541175738
68.8845596992
132.826708003
24.8380533402
86.142783063
98.3214847676
67.9094669277
483.629656077
72.3076782017
23.0024390056
52.5506993693
58.7985808938
52.4121494425
65.6728107402
86.1088399919
113.605679426
165.764096344
116.01249409
27.5168482339
51.920589434
70.9112633241
68.536255877
180.622952642
55.0803459288
43.9249249923
168.79523159
54.3153985953
28.6441076996
20.7958648615
75.314152247
22.8164465816
77.132154123
41.7356076885
48.6065176344
89.5383082285
73.5363393287
32.9964245486
66.3461244338
36.4475862634
119.544692101
78.9192036972
122.972356367
52.3847362133
132.019465292
34.2254899182
45.0375288716
55.5425030289
77.1504905651
54.2171350805
61.4864887938
67.9326773508
35.5612169238
56.4905224621
230.238453854
57.5043592849
53.7085511552
30.6250522851
67.4196503291
181.420005183
84.6218829646
91.1204853129
64.8028423711
140.048290047
81.8009975371
64.6367282615
68.2695664036
118.924792652
48.8208276381
115.663783112
111.822514738
204.774908424
41.7890608751
122.927331441
41.5873626839
46.3694435478
35.3358211127
79.9744080844
92.3484287785
23.5906186766
51.2887561742
97.5331914637
21.1001791959
208.416434256
25.2643637241
76.2249839693
55.2137620032
39.2768523193
71.9142342532
38.03947731
59.4778176535
378.457726724
37.2602393148
78.8535554711
90.4505508009
43.8359578525
65.3518403052
114.738923209
152.933795233
40.0832474355
25.490789682
67.6273775716
118.207992287
37.5295031273
18.7005118065
90.0423363606
74.1760890744
43.0853026022
33.1327977562
57.4775011012
60.867667134
299.855323667
43.0524741404
13.958311029
123.078597664
28.5082125874
50.5109168718
28.1642630095
29.8334838586
109.523016643
68.3950785517
51.8339984571
91.1260366202
132.183185026
59.4609919534
62.3323550232
56.3041675194
20.9518821705
54.3924485972
148.370502463
44.1058227052
48.8751782521
42.8268509204
18.6806732424
114.731308819
21.571824723
43.2510049941
180.557132417
23.9287827981
74.903921703
90.9510974413
75.0008255515
75.1805575806
70.3242688761
75.7418063345
74.9534798326
58.5170126545
55.8081931796
75.9780707947
26.0942862393
61.8836065747
11.4795778236
37.9537793086
59.8985067031
68.8601989809
17.8640086323
80.0311547693
35.8666854449
97.5830091112
26.4759296274
45.6565548013
100.679793253
24.2198876622
86.0908706068
32.3479032607
75.7619197411
79.5671335362
73.6477824662
74.6345616929
55.6097279051
25.3588469984
45.7192091295
77.9501752481
75.228834844
57.0042139882
79.3253797376
13.3075547837
82.2362384926
73.1266116894
333.141651647
139.861572336
191.527430991
69.2160154748
215.303013531
63.3669901339
64.5954111953
101.796592399
221.504454787
72.2214923789
76.4537399794
70.0486564334
59.1771683824
145.769742657
110.233847155
47.644937398
49.1099003767
48.5938610403
80.4793828626
78.7797398609
32.1988402728
74.2333475906
39.6634919431
72.0999450662
62.5746407015
66.7955106028
128.802551535
77.7547344385
61.41556127
96.7256294622
232.071503877
27.3893876908
96.2831330271
44.8120771434
73.2894431535
70.4436103577
72.8364070417
42.53997077
61.1737308023
24.6950475535
55.3328571644
49.4409102608
25.6188466384
33.0459795334
137.833356176
50.7947220742
117.636709388
106.146948887
17.48897425
23.5189781401
61.5087331477
40.9700255648
197.548085977
52.0977955457
33.5779522184
51.3982738537
68.6957778807
39.2780700461
296.049049996
78.8229487335
80.8056799795
32.1682335625
83.7792363839
246.653077397
25.1060741863
71.8276061259
24.6200886373
59.2921292893
36.3797257486
50.1569422619
37.828534586
97.6453206844
75.5805318022
34.8905723827
100.187792383
38.4497144753
121.836234568
42.4391787074
85.1629945526
52.1210754631
138.529575666
134.745695553
119.281527626
61.8910770595
84.5452629164
90.7780951159
55.8562062359
110.700284678
51.031662543
48.7846907494
103.604864104
36.466558431
47.451062055
87.9126080364
46.164298692
147.255008633
72.8941117862
23.5865017217
68.1447685094
52.9841895044
72.8705036775
85.8911988194
145.024221011
86.3686094283
54.9744394793
68.8114792232
60.1552401902
72.8982687164
27.7480079977
162.013343515
71.1350933408
15.7476551883
56.566639747
101.293083661
23.8991273673
25.5675880263
50.9705521852
70.9500076796
34.8224610075
24.5706540976
90.460334297
47.791068075
58.244333952
109.233399021
141.164317165
96.1123230989
108.286323299
50.6807539312
53.1104668189
119.442688456
103.150612702
126.730228426
49.0039589551
39.8818721837
130.911744855
75.7984536628
581.687225871
67.4258808553
80.4547722239
50.800127367
67.6753879835
36.4072525335
33.3494840189
22.6529582975
49.6085176334
87.3295802082
20.8237146854
56.1444879165
105.794455186
82.0924473235
100.221456542
191.312870468
103.867232215
72.3773368923
69.0252330483
54.7906164215
266.004368937
119.80554208
19.5848692618
47.2907790923
90.5962430207
47.7008965506
13.1906280039
145.941249016
78.8573174221
62.5903091705
28.042625053
28.2661536444
64.7820226475
65.9090964945
46.7906862655
114.9008837
97.3415620966
86.6760289178
96.5736360204
38.691956384
34.8161528165
48.5790755719
68.2580133212
49.5199477373
22.9722098986
120.217139189
77.3056520781
133.351941131
70.7036705502
68.0591903443
78.7738778236
56.1741092934
47.7458025314
42.0476089507
229.032526082
79.8913864592
25.66296354
114.502995068
29.2603624341
33.8222214778
97.7097528238
23.005798801
87.0825238425
59.4569266863
75.5817264022
162.302291877
44.3330323118
43.3196422131
34.6725178999
17.3336973264
105.142745688
105.226405351
26.4507472287
111.607421101
77.3146479385
99.3332035205
64.909930995
173.264301973
73.530205462
41.8102602679
80.3002488256
37.7119304786
54.5540011159
27.0873080397
49.8086007685
37.2564880269
72.0630916318
87.0679466525
84.0167275877
69.9130164708
77.6040505411
83.7023374902
74.7371537242
115.93856
98.8847523602
88.4406634032
103.960534828
41.0175679508
468.727709666
117.976159255
87.3652141429
63.9554225945
54.8608272937
59.0202545229
41.7426446324
76.9686933917
67.3171988589
131.438389748
64.8896656181
55.1457066647
69.612411754
21.4524518366
36.5555141502
65.3467196572
49.738566985
75.8472670248
82.6946889341
91.4776688637
111.734822646
123.156804834
23.3857623122
82.7703776378
87.6271845393
250.718502643
96.0337405915
127.755991247
161.552633678
36.1709018543
68.7483619967
133.704681114
46.7630719092
89.1073215401
135.671936135
87.6962568292
51.4443364967
92.4277246764
44.3370314465
144.397949113
31.4500343845
21.0974948865
73.2364435921
37.2746224695
21.8551877366
70.6857983794
86.4514966558
153.899785545
120.286101583
92.130754766
74.4836915927
163.511875165
39.1920742512
57.5042239296
44.1972927948
39.7504023924
153.2311863
95.4355781076
133.344980486
63.4683423868
63.5499448865
22.9030181985
84.9322337421
24.6717558921
49.1437411601
65.1620622397
85.8065937331
35.0054127783
55.200973737
38.9999747324
85.1636616299
78.49949676
63.8640844366
70.6407848065
258.19138837
167.220912285
24.2069898961
48.5013887916
51.2795538516
73.8847471996
34.2461294816
33.436142878
83.8817912495
60.7804840768
241.935912653
25.6330678538
65.3452065738
82.4948643347
42.2609756677
31.8717098319
14.4018397124
36.3062023503
33.4132353788
80.5155301304
152.540585129
61.3707539176
39.5813847785
79.9962308245
141.878791743
75.1454564095
83.1663787111
128.840568415
43.9412702938
61.9330128029
36.8024137564
92.9328769241
63.9262733434
114.478733511
44.2568402277
58.1265329673
32.6523801669
77.2224784433
36.2781228876
21.37575603
75.8532865118
26.1308285109
71.7458013158
62.0127113704
24.2025444705
106.507132403
26.5678216888
188.88866329
70.9400495814
18.5704941216
64.1202001432
100.510430573
56.4952980724
79.1994723427
82.3330973436
160.007489726
165.844494303
118.686336879
78.1150540544
83.4432418209
52.7432005026
56.7856307436
60.5380129427
19.6054779154
73.0117953432
61.388405168
63.2260286225
81.1759341521
72.5160089467
64.8969434387
24.3182046957
34.7451862146
40.2648283448
256.845431711
67.3889296802
64.6768691617
121.009583563
69.4842461791
96.4248683
87.3372841683
95.8367727067
51.7287865562
66.3993151325
81.7007142556
114.41180211
20.5166811607
77.8545337518
99.0154465281
83.3659000028
71.5698266018
71.0481611795
77.0376695048
63.6204605713
234.473911335
70.0588712435
78.053895077
65.1276168297
15.4045832795
70.0463216336
85.358916636
57.7200717544
86.6222598425
165.807308672
112.427232761
147.179665363
19.6123274979
55.2009683692
66.9041516077
99.5966718095
39.6322607033
89.9346216201
71.8578408415
40.05742737
65.7078764999
53.4405792172
22.3465068691
53.6084511314
42.2438553006
160.473956963
322.700877577
63.3475860893
83.2290415762
73.6844692966
55.1491277669
89.4633153384
80.6831328273
118.456713884
104.562050741
244.391097334
63.1735514216
28.3019496976
58.1443354686
42.9725620349
28.5775717083
81.2410572701
31.0269289727
105.871911545
31.2560132165
158.542329205
70.0631789249
54.514287923
112.452770624
69.4672828746
74.6243257932
31.2218448967
30.3148078393
175.167898997
31.5920428495
83.8078659336
46.3611312234
110.606727724
99.8993181667
324.296249886
49.2415458726
80.6248766565
67.2267809872
61.9800404911
74.828296794
47.7555421827
50.2619525895
102.497480415
137.053953134
35.2419515113
155.651040184
76.4631527545
76.8503212364
90.2419215295
64.4336824342
33.9951789051
18.3293066513
32.7692177515
57.0287899083
33.3785045138
30.956695178
73.7803604733
88.480813264
94.5782149206
46.2720775826
40.4568611541
94.0161819558
15.1782719735
31.1762641051
77.3366849871
39.503373546
16.3177143838
39.7987142441
111.688486388
88.3424493602
62.5365291244
57.7733340733
107.549298759
72.7617764337
67.7803048698
34.2788439656
80.1117718018
27.8579724439
105.794615054
237.643753537
52.9076404976
50.3098259361
62.65768683
99.2771197911
29.2254735278
65.5509117179
100.042208837
27.0946910623
75.4896892803
28.4660121853
99.718303738
43.8793896441
25.2454963299
83.9990587109
16.958109304
104.203828222
46.5207513728
147.352461005
90.0297538803
134.026695565
69.1755140957
16.5780096539
72.7480674415
25.1366858097
164.595514684
26.6223816137
123.371891214
76.5689134792
80.1273980894
31.7690775341
131.398047507
78.430970901
33.7424408727
46.1580657639
86.1602428758
84.1912020912
49.3745361027
70.900918455
69.449199367
54.7939680569
90.5614854996
31.2907086017
88.2440343539
160.775678041
71.0034141981
164.887542821
57.1744373325
243.636999679
75.1664727777
23.2520340763
41.4460318444
96.5229414196
74.8164846575
57.9316641102
42.9961235631
69.4781754653
46.442286516
76.5331641928
19.8818628431
82.9564291268
43.4507176864
52.1086870038
64.6431826275
77.4285992382
76.7900705383
111.008236026
47.8541366148
111.040784576
124.873010284
44.5875545403
107.003337129
186.638097014
22.4291168709
52.0280138849
89.2922582714
138.43300998
48.8919506189
84.0256314423
32.4602020386
100.685665617
55.7447325543
89.7691400813
75.0018524832
123.976952713
62.1132375709
29.5196558089
45.0276280359
96.4428008805
88.6375177502
18.4350336075
80.486112918
68.7739061785
124.77891397
179.79179296
80.1639727206
45.9181456226
78.2698578144
59.9723381073
25.8281166661
70.2574565261
79.9273501881
64.7181901535
31.9595434061
57.88520981
107.781165062
160.071978964
45.2277266558
68.4684720342
119.198008609
24.289574952
73.4574384756
30.7304040149
69.3548823291
84.7813220234
58.9663081094
31.5458245229
90.5046088181
24.2556545115
72.2169227554
56.4343610167
59.8746289448
210.800884586
177.09837228
53.6014755
73.1858748382
76.7848023959
49.6196829053
33.8758764231
105.322042923
70.6784389293
57.7811139708
59.6675532138
66.2130699246
46.3363104198
95.4290553279
79.3002346626
60.6908973484
46.8094397886
23.6859716095
16.2721365556
49.8864400028
43.910423965
66.2265025468
29.2576540039
42.2902580067
77.1787942993
90.6319838217
105.33317196
76.0830243613
67.5423321379
43.5222717772
53.0163804947
47.4540540889
49.8826762741
182.281776343
29.9688779179
302.951529805
67.0993355797
31.5723822705
73.9018966339
80.2232257985
31.9661543463
63.719395193
77.5764764169
70.9542443375
215.063244797
87.2828848293
51.566506644
30.7786183132
37.5832479953
37.5355910859
40.8942165741
66.5587899096
76.7335128539
56.93672929
75.3011252261
49.984062803
57.5451093277
69.2658847879
23.5954585626
57.2404583098
79.31511347
263.451069169
39.2737092648
18.5228741046
361.465967204
221.756899656
17.5393240368
115.395745767
41.4819697183
101.417900885
57.118191456
152.569008863
15.9470412221
28.4201792895
47.9986712447
90.81224409
81.6938948182
22.1777448277
79.3571059869
53.6643139663
71.0133526224
88.4718433214
14.4566486839
23.8209664998
20.3764511455
18.8331478895
79.3127319498
70.8401686811
69.3428962087
63.859967027
66.7876568293
77.2486544812
404.942987889
26.0304618749
124.075547978
581.165121111
131.448607188
94.8847995423
40.505600032
129.844492012
123.533359218
75.8516522718
27.6527072866
54.2280380356
870.930340298
31.0928164882
64.7956277743
131.134728411
42.9645427004
24.1532214436
213.405679063
18.38897596
35.5433008887
62.3569876313
31.8277038597
111.842313789
72.6310392527
18.9379685277
26.0305447535
95.6240680443
38.916411405
45.6103130427
74.4322422858
45.5572991164
66.158659633
75.2717462107
36.4001369314
53.4170469825
49.3791905875
41.8912526635
42.3344385564
52.1032718094
43.6147378627
78.0856880935
84.0689005217
69.0326697887
148.226834074
67.3486330613
64.0984961967
149.126433389
85.8579703016
68.4986304792
85.4984275591
94.66183144
107.822975026
43.280951071
35.2432926987
124.86255608
47.4340224465
96.2985449635
109.618827343
36.2424161164
35.6442916054
51.4081063371
222.713495563
91.0300606047
56.1144092598
34.5356837864
54.106129322
76.3492772325
40.2212088554
54.5145509061
92.0020304699
82.1710057878
78.9889924113
155.984827849
48.0780651993
84.3696774512
57.6540679248
124.761862825
41.9181695714
62.1286444305
66.2702799927
77.545425521
61.4898260284
53.4036526981
32.1733267732
21.0945758907
80.4237235682
84.2319827703
157.627733505
115.003944696
38.3345768439
91.3720713331
96.9030237396
22.1361601405
214.63596996
80.4280737418
84.5334898638
36.3345728139
42.4706055539
55.1257475489
67.5927612634
59.3633981463
50.9277903138
67.8021769042
70.924678318
20.4887858935
57.6233677967
95.693691118
67.5220339428
154.21314091
73.3618468282
91.573884485
81.4244127869
53.9528140805
74.3402687512
70.1643885469
282.086109325
77.3607243004
27.5531570459
77.6912917666
73.5662750914
74.9806453346
49.5302572422
88.1286955513
232.828074255
215.385300077
134.747878123
91.0088782438
53.0819556192
65.5671464854
70.5143073526
56.4790033309
57.7818368215
82.1694633971
206.712384581
62.2205433701
58.4232320299
41.8324595208
32.2874818729
65.8723836613
83.5803444874
33.6500749099
135.035592404
308.153910849
60.766673722
270.711290056
219.364329365
76.3252202698
80.0232708209
61.0701541274
64.8873183184
62.5750652907
88.3961570095
30.5133846855
192.89384233
50.4339400234
69.0210370586
35.9610778839
116.52016916
60.7434792504
107.276189825
72.2214189198
28.2126473608
19.1499235894
70.0495424795
114.769843648
63.5569788061
234.086711197
28.9177035405
56.6377720085
27.2260104009
101.282752336
27.0573745168
80.1850160092
27.9605020922
79.8616556451
37.8752362498
77.9787223741
12.9778109492
82.1172101011
200.593529383
61.5716669995
71.4792478889
85.8817342801
98.0896292517
70.8990908768
159.486621699
52.6704001267
59.5849583126
185.795591598
64.0533318833
53.4486576631
61.9028463288
58.1336075552
36.9991323539
60.3572554792
54.7573154291
48.2541029322
62.1929403067
59.9716130826
13.4738754729
74.8408885514
34.9527505436
74.0493968369
223.931091038
76.6900084258
46.2877297157
34.8178544399
79.072859369
69.5853937468
16.0150112409
110.769610162
135.071768406
38.6406679979
47.8781026147
64.5509884781
70.4053153481
63.1326235088
31.6452478746
41.2162181831
107.233132635
91.9960744344
46.0740135958
52.059028467
88.3748208873
76.3627739449
63.414852602
32.8435954333
31.3775252393
59.708302955
101.12219536
65.5295253817
16.0465791707
25.8416005971
17.9798232599
41.8680908348
74.7670347957
84.2365316049
37.5654702387
82.0021037482
46.0137096626
45.2073650892
26.9832858051
41.1078135368
55.8524725176
119.753684149
70.3165728021
149.421500176
11.2310074427
73.3377554481
77.9861621272
209.84806189
247.142801856
62.1274627455
11.6308816956
73.6980455709
74.8435348968
87.3741750068
76.4659914955
31.6776443642
17.0937676844
33.5337631501
280.846734376
73.1580924067
52.56116837
50.6340066216
181.203620356
69.8523079153
73.6036117515
83.1208034948
140.751472511
129.673951348
80.819728168
35.6140453127
17.9042366325
53.766873217
62.0054658861
66.4923094668
81.5468101593
63.1634802061
85.3068512397
341.064356355
75.6136592076
64.755003016
69.6776213308
89.5812421666
23.7254505677
324.063072886
39.186612371
51.1414253839
564.56620281
95.3018148156
28.0797152712
70.7296317314
84.0628130808
82.3810105887
52.0900997272
131.03018617
76.4242182408
53.9887915058
232.631891115
68.4778046561
138.672962589
41.9277579407
92.8549340225
173.467536841
128.115731769
124.845549388
20.0484652979
56.8727520264
67.3446610845
71.6295717221
64.5233957272
146.111585706
46.6503618458
64.3115780857
148.947845352
58.1548803458
71.7688478401
83.7119733708
90.819902803
58.4774865434
42.1534688232
65.6675809399
33.0929495045
101.89912799
51.7300430881
63.2504606065
51.2571648698
88.0225319651
41.7137966787
13.7191667535
47.6257416724
35.562106025
59.709569982
107.513806255
53.5994509847
100.698932907
127.373357356
141.879249
10.9833992462
80.6733693133
35.9708866406
70.823974417
61.2630807262
100.742433368
146.16151014
82.0650140324
50.1230136227
69.4273911865
48.4339941163
79.3429165115
55.0106586281
12.9537966866
24.2203174524
28.2209379229
80.0709082365
86.1132327695
40.7634828882
29.0175785716
42.316714716
710.874624426
34.5947933384
134.494262131
142.277103267
64.8271340729
33.7041182185
64.4397872302
264.529948729
62.8002724935
90.0465921166
39.350140425
50.2149726088
11.7257778334
60.010231574
37.8140943851
126.36857404
57.8487438642
41.4630632997
111.477626821
147.260177428
134.620004373
98.7786152715
36.1580519425
66.4558238444
50.5015966664
89.9154820894
65.9446473892
101.107604215
79.4095250216
37.8449059049
68.2614139859
61.9626805259
74.0773893147
24.9369218658
132.804972783
48.0155580644
29.428482419
80.2766676538
57.7404700298
96.0569896784
69.6122227137
195.272201535
32.3990963719
77.9216475621
59.604515869
77.5947470362
66.71323703
122.636000783
56.4539130431
17.1795665472
15.8629384109
41.8701799226
51.8067544417
33.3730346441
111.951431083
31.0973239508
156.472832846
37.7827410584
24.1003917241
50.6920651929
70.0028351609
129.794536373
29.1764618939
40.165887556
80.0559397261
43.8434400132
7.41325687522
22.8082435698
46.1606791502
115.24212495
23.3612312081
61.6656360854
105.163184125
75.3984658627
30.8501419686
42.9796030402
82.9826050513
28.0238838498
42.352258442
190.028866999
61.4049317524
46.865210923
49.3444151116
85.4100228932
91.1779836185
24.7743394938
80.8640670038
72.0212814206
51.8730552616
61.6844853502
76.3913057195
39.8769955385
81.6097643447
66.66599983
58.0216339084
115.918609282
47.500578555
78.1707498772
84.831768789
94.6174625189
61.4397373419
49.9125076834
84.1990931711
9.26003452626
26.5080992949
58.8762473016
6.78554566961
64.5387189494
168.836382193
60.3170524826
71.390471276
65.2793092563
13.8760217361
83.3447346394
76.8126993645
34.5354736201
35.7621458355
82.0765856571
12.9145146878
92.622915362
40.8128118721
98.6270056844
32.1660760132
42.6413183127
90.6854857468
36.9047083205
69.5648710947
87.1397393612
110.690542784
75.9606936875
69.9230312431
43.1050132023
93.2000522601
94.8825681566
108.386287525
64.1871720985
64.9783748605
56.1059904331
135.23950188
30.0653377753
156.214543752
67.6742821235
84.3322054167
12.0383181431
30.1648311414
102.690364023
105.581768892
169.074369064
265.203541943
51.2431277598
26.6865061905
34.5250883967
46.1868647325
217.937466912
59.6843562278
596.1871892
145.025849371
53.2410388178
33.6482480352
145.865545146
130.597252903
61.1615674163
55.4216719911
79.7732421542
46.5351388417
49.3893830436
60.832261986
100.502973941
54.3188884249
92.5598810697
79.20163991
70.4618032754
74.8124123917
23.2504539023
48.6154728882
70.7232497393
68.1588185106
92.804173633
85.5369853977
40.1445514711
134.025529267
52.3594141565
99.5889249203
62.752814341
56.1512705152
46.2831366442
55.2309208511
48.036292537
149.869797569
86.7950114098
29.7997314846
76.3543025906
37.5799575482
77.0450906734
97.4509995552
15.6866987641
226.08396151
45.1645078843
21.1808398143
65.6953551649
34.1771650834
173.786382067
78.0836640592
57.9936912657
75.1159338837
26.9971235584
69.9323138807
79.9547050836
34.5697994516
32.415277044
104.711117321
63.2022944605
21.0091406748
203.437696667
57.4026236866
73.5335603135
75.4987554249
520.220154475
53.4498808406
97.7191681742
65.3420511311
17.9608831122
59.6257825735
90.4845223833
116.542768753
64.0422314192
77.2649511999
159.046089732
30.2938513677
94.3313394536
82.2821181051
143.917344481
54.0326433004
74.9159644212
84.1186985671
137.181236169
103.891489675
91.7026775732
32.9833665625
54.9586629885
53.5632143518
246.873016317
44.2471383284
75.9550539035
73.1910663404
57.8785579681
44.0405369401
30.4884494591
80.3635096076
32.471972546
130.381166943
83.1145222427
345.096126572
72.6260676562
70.6996486414
154.732867219
72.0859918454
20.1421281796
83.902657418
76.7201488053
75.2477655734
31.8742347591
26.6901683194
47.2402735934
61.0243430324
205.802489346
43.7992971915
28.4912023115
66.2232097225
57.2483260089
46.8293335581
72.1595520997
60.9116242177
66.7235763761
53.8541061352
62.5974179813
77.5594928854
26.0952090321
48.9076742173
35.5917675349
88.6926185578
67.0197342459
167.311586661
35.2105755968
85.4387500854
35.1594791758
149.562314938
119.837474435
91.8218734657
79.9085010765
23.4939264754
44.4932412496
21.4926403675
71.3782371419
36.3880048819
68.798880029
86.573282098
69.0302402675
29.1401923805
95.6659993452
82.1149724554
79.168755513
59.3353380295
69.7472650881
64.8824027762
110.862963235
15.3898260112
15.9260838002
50.6389317215
119.487351743
76.9212883088
273.260719385
38.3557423091
124.513896919
75.9401371004
46.3990984613
80.3641730722
188.652924258
102.643691392
75.0534031495
185.149138123
65.4920926871
33.9379424189
243.605562254
50.318401804
176.690938208
81.3999147322
70.7173268111
72.5432962933
23.3728690811
45.215830552
74.5233181694
104.664227147
91.0402127581
65.2432977918
45.7610602996
71.1126301236
66.8979890402
38.1069002219
10.5080199555
39.6007475053
61.3847628418
54.7357005779
83.4254503438
153.030997959
157.196058394
11.8571968587
96.7530698567
120.637378811
125.238120775
81.32927423
32.4122073441
41.00463849
74.3535128002
69.6439022144
84.8395488318
49.9463478151
68.1988404109
38.9350546381
140.999241138
76.8407897274
47.2319871386
68.8434108037
112.860137529
49.9264265811
55.1099265259
129.92214957
43.2264098591
29.5170883874
63.0554492387
75.2754021225
29.8122895109
78.9093641376
277.140145356
55.6970673548
81.2381613703
81.156851609
84.1829294813
77.2090669655
90.6320780058
50.3268327685
59.5435368704
50.4577267983
59.4835535801
78.8912059027
251.325573356
202.038783114
106.741264237
58.9536813007
188.995040736
48.734167044
47.241932456
105.583004722
106.626499445
44.0507384918
10.2499113185
58.5201971983
46.8359125263
76.1164190263
80.9375457159
61.308476216
91.0522511918
16.5449316529
50.0701700742
67.5891784751
168.06191741
55.2831094843
31.0525581133
18.9016447228
65.5683838399
65.1641121905
62.6453524321
19.6831450064
50.6534689322
30.0753989797
45.7108378961
86.3498079653
65.7578779901
116.94067581
41.6366766567
63.2155307061
56.6037428522
69.6705991155
76.9169563433
23.6115395528
119.312356687
51.6332660868
34.8222497683
205.190451609
48.3874716642
58.4515065373
46.0392075048
19.7201705721
83.4832371609
135.196268656
57.2457300638
68.6216150408
93.370437648
39.9660881194
46.2934524343
57.2148149021
44.115464867
23.4945006209
82.5681955241
79.2884940594
534.429169918
52.8973843782
53.6317486666
57.0646736193
90.0932287175
69.8958781186
142.814244735
76.9976451758
37.5983547752
81.3923526389
62.9081198824
45.5384284377
64.3791979058
59.1566757486
367.215909877
85.9789471215
94.0850890296
65.2555761216
299.787385831
165.421217644
283.583582711
93.8318895579
68.6729009338
183.94965536
23.3206651081
35.291068264
57.7325447426
93.9130953544
69.8110039561
42.184148624
65.8217016206
105.340924914
43.8613393699
40.9518601606
28.3224054019
69.5708418082
43.2588318651
155.35133218
113.410213805
39.588092433
149.23509949
45.7241509607
72.5387417105
69.2431820566
71.819361244
88.6549344588
73.6245039683
88.3748935959
107.445447978
68.8212572068
26.7375312365
83.907209771
24.4718334609
45.577929551
119.721034863
84.7866913891
67.3381926173
129.428446653
46.5893710867
7.39699244011
60.1506125456
19.479793798
57.9161759358
95.4399594374
77.0987348433
102.91623445
40.6567208338
48.211572208
151.592398177
82.6430102579
45.9239405314
79.1658401703
39.8905420944
22.0489090444
62.5099534233
74.6191652927
103.089843894
129.225796358
53.7065792265
79.876923377
36.6499454039
99.9810341764
59.248403555
27.6187452951
63.2309241202
102.416887072
28.18006488
26.7327600327
200.149564099
112.438853525
38.3843580118
300.497684707
54.3030556149
71.5134001199
87.0204148407
58.1009433593
114.605312386
55.041658865
80.0552461602
17.955013892
24.6863523137
57.5708672454
68.5026164958
51.0735865155
52.1574847716
29.1672982444
95.757094053
147.44593616
123.627666985
84.4820823478
41.3006967959
49.7875315842
112.374782518
54.9607482759
122.606008265
39.7110190786
45.5141845012
59.7636791602
53.0503557861
107.458851027
169.283678966
104.88665629
27.8201307052
94.2990111739
126.799247285
78.1026100322
807.483711863
45.2538608872
56.1410231411
68.2632016185
26.0081075266
62.8672597146
25.9049439468
75.8629628973
47.5608762223
49.0036372227
85.2962757356
68.7527037192
42.2258474018
37.591596866
157.590794915
49.3448519808
46.5873307966
81.5734401572
15.5645114382
59.1973119017
48.6830523379
48.4435165118
41.8030284435
38.3666179703
46.8090189148
41.5344240748
73.6558126528
74.8864452102
138.420551039
71.3338233945
69.4674268968
9.89102630372
147.30363797
76.3431918936
33.9464859765
44.9399380812
87.3618671388
43.4206263295
18.7950369463
71.9612208976
77.4922918591
87.9450976117
38.6239746834
36.0662128087
81.380835713
31.6934217261
41.025635465
64.2176091546
96.804758737
50.0374166279
155.176313932
62.6124223802
88.4657084548
84.9606169902
150.074475609
78.7359556775
82.4952241367
32.0822287576
64.4925027131
99.5975053377
99.2474877208
105.00337459
76.0594266866
566.617399733
91.2728510744
82.2187427843
51.2070367649
94.53314739
42.9040695868
174.929830506
141.606076288
37.0940944083
77.7276964785
38.4456492486
55.0674871067
46.1699094254
80.551758031
105.998409952
42.8353569726
129.724907457
65.3517839207
70.8630631452
123.019502204
278.070561463
34.1725879872
75.4878771681
73.6568792976
193.520904387
64.0010379045
55.5516288737
363.340957521
83.5729782924
64.80862226
8.75490391357
212.461919427
18.6171646447
135.602369588
115.51615986
67.2449594308
18.6614161796
85.0025851583
72.2576078702
54.3996086997
25.3270349044
57.1023774963
33.0711137115
74.9634340347
31.6737948176
57.6142400588
88.2198761236
62.6237650179
417.015917244
68.6366080286
34.7853542524
77.7386505959
72.874322989
99.6183075524
326.271322499
42.2521157311
155.888805628
29.5233578149
102.645090205
63.912803929
83.4135312209
56.0486490473
18.1893914353
237.680559352
53.8243276398
35.6099924574
50.5909165608
24.7669003147
116.751059625
96.0816463504
42.2627136004
30.0120407604
75.4418014313
52.9442960287
97.6665117053
40.8522348608
174.078809514
119.732032938
17.5668561683
81.955694697
36.5342252424
81.4517347536
131.952410587
65.5371997131
73.2530480305
91.2211925659
42.0364748791
47.1721694351
92.70717284
32.7483867205
38.343805856
83.3862268465
31.3173897119
102.129335479
105.342201468
130.911325846
81.2573669943
168.373556717
46.6777547171
106.370669849
215.958434318
58.6719080058
96.2696955213
30.3877570623
123.150588813
49.6991831468
42.7808912708
47.7053697974
57.5798689334
18.9351928578
44.9026572504
35.9355080994
52.2910296658
38.1833358665
50.6737709117
49.4460417687
73.7732448647
36.5576004856
65.6239464688
299.955522507
27.6073454226
109.681750295
31.8060221796
72.9202149157
30.7708845254
56.2540725509
37.9507403638
72.7148739217
122.271767673
38.6850765845
226.111956678
57.656924027
93.6037816008
73.3818423658
77.925815735
32.5559568912
23.5085051118
32.7895043297
69.8893435313
18.1333248298
109.308864336
8.20275511728
18.7631488456
34.4828109377
63.0925568806
65.7578991937
56.7105288374
27.2023235451
79.7982486822
20.2971031979
81.921064352
66.925656398
53.0449125579
88.4621762569
62.2454737075
19.7944732024
154.579854468
29.3234397047
44.6092316011
364.83522151
69.4022458383
54.7868248121
61.4623445684
51.3668507323
82.8069869492
45.121542634
59.3104921304
78.6039796502
22.8156900862
60.9300907197
43.689827606
101.822555295
92.2548791649
28.7716136929
62.4019980145
42.5725953128
265.427209198
75.975496358
43.9740386466
112.313312842
116.9030031
117.20477093
36.9211782858
162.485079855
9.15412240806
41.8780096833
93.9567993466
40.4271408117
211.653018512
64.2686101365
94.7826933361
69.4488923849
100.209440118
108.930520429
64.3575940904
80.2609843289
82.7790321466
58.0488390025
114.886647511
129.404460155
45.4498424911
195.86889723
74.135060738
64.3250907176
20.381868313
202.822488214
48.8010836748
104.674101846
37.7428998331
68.661637579
64.1194650505
46.780841415
305.791618939
69.9622146538
201.938148303
88.5317575721
75.1145815118
68.6468668423
62.0779462085
37.4533723219
48.0913362913
43.5277723153
20.5901943857
54.5686421008
61.3529534982
123.724911806
33.3157548317
58.4842953611
47.3599874234
88.3385190724
66.002885717
80.4756415643
50.6813225647
73.6907603358
69.7435414577
33.0745530183
171.33369447
60.7805278367
87.8033195237
92.281280759
48.2999520031
119.189945947
137.246472763
34.1016314946
69.5558483361
76.6560611684
34.9006532796
10.620870703
92.698251618
79.0733129646
167.19415131
78.6259036822
39.4167922203
63.4631404786
29.3153804637
85.1376063119
90.7154723574
56.2749491764
104.136864536
24.5573492953
36.0387937257
20.3989687376
99.7366771028
37.9933679249
81.5465542782
61.6899585564
75.4249822955
204.726673951
106.195419482
72.118025229
179.498561176
74.8202693075
74.621251062
75.4040404665
102.599882089
25.0029742215
19.6574311742
39.7102210816
43.5549108593
44.0836056452
53.143228797
53.5579098529
66.6198020924
73.8206599121
94.2350240991
48.5429373662
36.295998059
63.3247882989
85.4040154059
36.2307286248
72.5890968158
69.9934542797
35.7518671236
50.2796397241
28.7454336984
49.7679421869
111.869715385
124.826871285
79.0951059744
48.8708323795
168.81649771
77.7074650617
121.262983631
58.9359564309
98.8220326602
51.3773154414
122.953563409
33.5770632967
57.3774915857
58.422744524
56.1375123868
24.7798895266
44.2930415572
16.7961679401
131.129805111
7.11290631852
105.576775903
89.2085857172
108.984409055
26.1282833743
86.4638032395
145.195948149
158.867573114
73.904247907
61.1593417239
43.876589427
18.0032161782
89.1872758543
93.5289287187
36.1361063945
36.5215174009
99.0550843282
32.5577584913
84.6571064446
57.2007406165
143.313204854
76.7509705238
79.3792370957
66.4368907445
133.639882047
98.3421158795
62.0327460804
51.7019731249
75.4522945586
56.4793395415
31.1518244734
182.572971116
34.5666084158
25.6166647932
60.3536503084
45.8448954276
67.7962856123
38.2502106208
71.4864605123
95.4510166406
380.793149944
74.4210099217
48.8031141615
70.87037149
137.342084614
42.0292808122
77.0422460623
97.2092263455
34.2363360423
23.8590522926
285.636561159
90.8136861804
36.1856831672
28.1584920034
154.799208004
96.6251441113
65.3422112707
68.6579696719
138.475421932
128.486291721
160.691309019
439.798161743
72.1952349547
80.6539214371
62.6262947831
17.9140007817
41.9183976625
213.252085266
39.8826702805
199.447162611
66.9602825269
52.6935708284
37.2874668978
36.3049582296
95.7236576548
84.639512931
96.6722228445
80.8968886429
80.1145968691
173.337507729
73.513105879
26.4475997249
94.9541385549
38.8528861994
71.3572260963
34.4227939882
27.9682067005
79.5198718147
114.75171662
223.008070488
63.400190352
75.9450684342
10.8229729242
83.7102199181
33.4693468408
279.289518372
80.9780956978
82.607705387
100.626426485
130.293948031
67.6939270118
127.017427811
72.4725179179
71.2810464349
69.2821315837
67.6194303539
41.3674213525
81.8450914332
74.7980676267
37.2772978129
29.3285503278
80.7752144101
114.141445673
56.6387086561
77.9220473914
105.713125862
73.7839887826
72.6511233446
170.460219862
64.6718676601
66.0541136709
73.6263578129
86.5214278324
31.8215312998
47.4061003956
22.9692504297
93.8494783004
48.9360419651
113.382695265
74.876415408
69.5713498559
52.6493181172
35.9636100169
54.2053259064
49.0455257998
55.0295764346
74.7346114098
27.3387782105
62.7995382551
53.6067428161
72.507531141
45.5756650957
112.872265198
93.7032589092
31.1926340373
100.965840659
25.5452628865
66.7560383251
47.7165799037
78.6168847675
40.5180135517
87.8833450226
67.2511786201
51.2531827114
22.3450410265
99.4537860547
78.696064923
80.79303488
77.9426564107
94.5210208413
44.3869325088
61.4503476981
257.15984813
61.7947279769
46.1235623417
25.3088162449
37.9606478815
115.3322896
74.1880660039
82.7409468089
52.9816879234
67.8973362861
38.2995288048
73.1974093964
62.6244039605
49.2999747386
37.1906913823
106.687940307
29.8106473136
96.2491208341
53.3063668737
67.0142709546
51.6054950475
16.4698198546
37.4502510366
70.7224750494
235.373432636
35.2787631189
130.325358289
77.8688604003
25.7873842994
33.8324058187
94.9660825526
68.0240145407
55.8921426288
102.747296141
84.0616713694
23.3330913856
53.9639523015
72.4080836054
72.167757691
34.3919552484
62.0145002272
57.656042584
64.0210941749
74.0081123198
35.8460249242
45.6358031277
88.4319738384
108.970252016
72.5753318169
47.1193303962
27.8277800606
17.6207807184
45.3251110836
62.2448603902
95.9392014024
39.1355576105
34.7985253756
24.4097419838
90.9655660441
74.8079187409
70.9419347039
114.470301119
80.0085463385
63.3038513146
126.324083833
71.1375428093
35.3384210218
404.734765071
46.2383708424
53.4079672069
111.219295825
78.8677117964
126.693606415
75.5516307559
7.26446103827
84.9711925625
61.5255926829
79.5857048243
88.2071736867
53.3651856798
46.6566469686
147.00610379
56.7468455102
79.9326107
71.7027425277
71.81556466
63.3838247913
32.8791398452
65.8057770507
40.0937436732
23.5971845382
88.4811681178
167.716478587
73.9536880858
197.939753852
158.962960867
182.36877761
70.5081393293
70.6961503997
51.6936383477
58.4172897991
68.9576328069
50.4159094021
86.0113351553
53.7785535595
76.5240392516
81.5290736846
69.9049470435
26.7582140482
56.467576088
38.213515633
71.3226116213
62.4754273144
75.2380849447
50.8097001378
77.9590525455
51.86426515
64.9616792589
65.8352573693
107.830520827
102.928857313
60.3563705752
121.108304345
97.4333599346
74.3579573138
25.3998025761
17.3524523929
39.5350141867
53.1643947961
63.1464028765
47.961070477
29.4515619633
85.4100761846
51.499433338
59.1558551475
91.6100697644
38.1941599307
66.3193832686
70.853089232
86.5560685016
21.881071669
70.0357810502
77.3263183647
71.6871356741
130.365551075
66.3129535914
27.3510632957
62.6960886154
47.8074144979
105.84447125
47.2039357305
73.7562905154
29.8940332902
78.5662118233
30.4363709316
85.1191860079
76.1128032067
36.777581587
75.0930352512
19.0294390347
57.8702087551
80.312165025
39.6222363598
43.5626436954
59.1983581577
70.176767851
77.9410524034
63.2342631283
143.612816365
103.362111224
62.0195294737
84.3831292806
124.181244201
81.0964700585
138.665446404
89.118826671
68.2765508907
72.4206984594
53.0475855819
57.5721024486
32.4942181478
21.0712961141
24.2554443525
46.6571580263
82.4112298723
43.3083816445
23.907327216
59.3593234298
77.105469186
57.6846092208
48.6052947567
72.0566888057
78.5443865216
470.620416559
61.0021303342
51.8905673331
100.982072075
66.1110191828
70.9175373735
74.484032016
56.0526585921
45.2758346949
98.848015939
147.887100112
114.018549518
77.4881263058
23.3568796432
42.1715889339
54.1165320598
73.6642406851
101.30009561
25.3869819583
50.2644289981
41.2392894278
179.70752655
101.536610307
11.8743628162
40.5936372558
148.018960732
142.658109873
68.1684354094
73.3215676389
89.7432906919
19.2257841179
35.6007450865
34.554842209
85.6717809192
96.6134183567
88.6572412823
20.5690085021
83.8227907251
99.0103781919
75.9052010885
64.0307920711
46.6349948999
68.0687036649
89.4889207151
72.3020928007
85.6507988049
20.5810489083
98.5018248143
55.9219554714
78.0597806193
71.4107099357
95.074248095
101.639548359
33.9256556537
65.2265426814
41.1385068029
77.9018375292
94.7103570207
42.5091708342
45.724321487
54.8991314315
57.5748106962
71.087962184
46.1785987938
13.585118108
19.4456215099
52.283169288
23.3032548047
16.5616779767
66.382298898
58.3271961696
86.8511500732
220.053272227
57.8144063388
70.1987035349
83.641321987
50.5484589484
38.5891514843
89.334048473
94.5746039643
484.994507152
45.2818321537
119.461123803
81.7640722613
60.2408246303
522.051962947
40.8910208155
44.6054663323
79.7636216882
28.3130970769
74.8700913907
15.6966626717
141.651297868
61.2593630879
337.578512456
66.5221234083
42.0171182247
82.5986171246
60.7776271796
102.550729146
62.5336466901
121.462205103
80.2913232346
51.0916594953
48.1725553227
82.8902269942
80.7270066874
86.3860640663
164.146289122
39.5485992708
51.2515730715
301.821882085
55.2378175034
35.1783238627
80.3792795367
38.7732415501
162.454257775
182.133155158
48.6800771331
62.32753535
13.4485579904
8.24606073527
39.3834044437
72.0034727882
31.0898921132
80.3687167747
91.838049389
73.2662216777
83.4429120113
127.92091449
61.1232065202
53.4687476653
181.127278578
50.1958717727
25.9671297753
96.2108303441
60.2223999832
100.550700157
32.2878443434
102.386139611
44.0712856915
74.9563395442
121.317562427
79.0252611224
33.4922467071
51.2525351512
210.336387435
42.7321096888
133.588088733
141.211359029
17.1427884109
22.0789818425
86.9327140031
98.4915004489
27.6490603565
68.1211492718
127.688662028
35.1135789493
46.164676803
90.9558171704
20.9374581198
123.703753517
159.157799526
78.9653678426
43.122137656
75.80285477
66.4893527044
57.2992790557
86.6347496284
234.857123043
44.2272445622
32.0861580811
76.1318342102
115.772278657
64.5656691519
67.6156772317
56.6654931135
78.964848771
123.355855124
65.6801107531
88.3427834697
141.759593877
86.5716554104
8.93296237011
57.8132940326
55.0441666679
73.7456534607
104.660566353
82.8982156796
153.600785499
67.0494091462
160.876823036
44.3669097934
41.9556313399
22.297366496
393.845430156
70.5239126758
156.070211885
212.530124524
121.836119795
70.4247409213
73.1588371414
54.5833573568
93.6425222153
35.2687280181
19.7033681881
100.237964398
69.2026345666
23.9090743748
52.2561254743
73.7042517965
29.8384609972
39.207136992
86.9107752644
41.8630669619
245.381021711
60.0617014012
58.1415028428
84.3262918593
101.786377408
81.5155716973
77.3825664459
107.54048486
14.9021546617
50.3005034988
48.6311562739
57.0583553338
134.733814736
290.764142885
41.7359801329
144.222008905
27.6082021803
46.3023741326
122.767620057
104.79796205
137.837731998
53.6162245131
46.9231462525
126.624470995
73.1622269084
228.078411849
42.0763314829
19.574206859
259.315020104
347.240008229
18.5971565878
83.2477305406
86.0627673808
144.721457816
11.279532592
69.9806587646
45.7424757403
50.4039247343
54.322682815
86.7779089808
91.7377123202
62.539450646
83.9401724864
97.8811103017
72.5501868322
71.3785935029
77.3790531125
70.2388825486
128.430181479
117.81804678
31.1807101368
66.7068821139
77.8360259488
385.123035999
21.8677326954
54.3968580147
60.7632263256
75.1896715095
34.0683149684
93.427573921
79.1285772258
21.3091891397
117.360610649
319.077424406
120.555661659
181.655813735
40.830892725
73.3275028864
97.7357658539
111.717557503
66.357858196
70.99474399
35.7765406939
31.2752076649
97.0618340459
148.096017384
65.1556041785
42.6180417734
48.3919277584
233.682239526
67.6873814505
58.2700371642
118.375512717
73.6970047204
169.787248114
56.7296243452
57.6722531144
13.5919182907
37.3297316986
161.686921813
71.5676025228
93.842961941
59.798991324
70.9253989748
250.289109206
45.7160136057
77.1210925257
19.0289508329
40.5753046988
69.0514167833
58.946976012
10.3309003668
69.4733673827
42.4888013433
79.3132975975
163.729459078
76.6700817585
58.0888979353
65.2054529254
57.524732763
176.329828297
72.4123838887
651.174018425
52.9757569636
79.7462913085
68.0029676918
55.209925656
39.1319496107
152.86925598
59.5970727863
164.509818029
36.1075350704
106.584047237
46.4728719758
49.0695319831
51.8560081673
67.006474091
13.1136302393
48.9699878987
98.8152890288
79.3108586933
60.7888912764
125.376653665
68.6614910528
19.9893167443
81.8885979756
33.3461138806
44.0565686987
89.0781893407
69.4097085642
64.9950491658
155.803978717
93.1543504332
131.114918688
60.790615434
66.8901780649
46.9595200575
55.2995656111
49.8349778031
58.4800179031
56.128108365
64.8522652828
85.1797561414
87.5549051448
66.538645385
152.666694439
54.6798754606
52.1849282018
69.1280694322
113.405424569
51.1545681769
43.0084865749
81.5375535825
42.9074661031
100.215687105
16.2206080445
75.3076288968
34.7827684836
167.576051619
51.0498846748
60.4668059041
34.8266020929
53.9261867785
91.5997899228
82.1215704932
26.4188901446
124.075282111
45.2702354978
61.3621613022
44.7293386575
20.5648117149
99.1019898182
241.700699341
337.814664539
80.1013864711
60.8102980352
34.4308892718
69.8975124797
14.2523805237
35.361452266
77.0041728861
126.844963619
177.779493181
74.0615255989
35.5955292507
49.8457394964
128.283201178
83.087287895
32.3395300531
112.871969751
209.472486675
87.4901348092
97.6170087516
51.2640391885
70.9809333655
49.7020486136
109.454609655
65.7035963904
29.4365172979
291.624310451
78.4739812938
16.7020548027
32.0826189323
84.8006618723
108.605455357
145.008524622
78.5005735488
141.928321942
135.812291072
72.8241675727
56.2016906691
66.6751053341
76.5732225598
47.4814660613
102.745575426
90.4048778062
88.1010578522
51.5594356255
65.4413013291
88.3632929354
102.983018191
256.720603176
81.3895941787
50.5324633543
42.2204240793
48.6471665444
146.902442916
215.610493664
59.3319625597
16.7979627566
102.668400879
39.887937439
106.165173318
74.1001931658
65.0466589392
46.5395938009
180.450645462
89.0550109696
77.52195293
29.4191449909
49.9302078818
59.7109078523
58.5890756471
118.174163649
45.0226064658
68.6435150184
78.8467735416
47.5077684992
70.1447289165
48.6266521465
42.9001209578
80.760151602
73.5032964514
92.1809071922
23.1184599283
17.5832214394
222.773905168
58.6543609438
74.5270494269
68.684906418
59.8137398997
101.401303159
82.3941285211
31.1623179415
96.1771805899
160.360303912
67.8508726627
35.561761216
72.637832564
45.2965553181
28.7223938663
120.461857961
57.6079091712
51.7975047678
36.9389837373
37.6831323965
51.3107138183
58.0243374291
79.9926322283
39.6717978236
55.7340023571
28.2472309947
45.5505770336
13.9639160178
142.433514258
40.5600124823
221.882069605
93.8084090902
112.383314336
52.9921850524
68.2212670624
179.713054294
25.2560415172
125.658347462
22.1277472325
78.5260104272
37.7982295979
34.6810013467
227.27950161
50.1311571773
139.767342741
57.8868031749
18.3757741692
118.353469921
30.8528467543
30.7832142567
78.1161004147
70.8406239125
53.1116867752
39.4941240927
46.4852000253
92.172398635
69.4204999522
71.8248452845
30.5488844834
61.4603286618
236.458217069
83.3872645528
125.675819192
51.8272675647
212.272964747
97.3840848494
66.8145711645
70.1811710752
31.5563357908
78.349620055
32.6505444007
39.2321083584
71.2546162071
46.4266202699
53.8425585706
38.4862704395
80.6920813751
76.0027520108
108.950891884
28.5077645004
75.796256815
26.4644280037
53.6706589058
62.6324803139
103.353806592
71.3561780506
34.4521176221
77.6411862352
87.9025427906
49.9609117633
116.666211728
76.281185008
30.473182113
28.7212303154
38.6503165994
271.98381829
34.5348355514
42.8287954333
163.101083025
42.4676474435
64.2626833583
39.2228554738
87.2015685412
59.7080879512
66.9681094734
85.1466736686
17.1345599775
65.7919966235
80.1454986013
265.834713951
55.8131274841
152.287536035
28.2119722478
90.1748355643
69.2147227525
24.4546707474
55.2400769179
133.739898342
72.3304870644
40.7596834236
20.261817247
64.0654567883
64.3216103936
19.8055050138
50.8942976993
83.7278952612
78.4761939778
81.9090624291
60.1548030987
103.189648235
101.912674202
130.988764869
142.94744206
84.9533066436
70.5177806027
22.3857783909
61.1075714771
76.8718647827
155.698075195
32.6699345753
78.657136565
72.5441393448
103.001358668
78.9377178445
23.1096274628
89.9727067203
64.0414231647
59.6188591139
60.0100592111
48.9941971614
67.7882970172
149.227129961
45.1048577904
85.6818957954
649.031244089
79.1238565237
82.9991869261
85.0332988875
20.8263186884
74.9915303234
105.718684791
352.87299483
23.0094214385
43.7207124522
57.2239017647
122.364734122
23.5037439376
20.3550924483
98.6939844698
58.0023403444
48.6129601905
69.641643626
73.7796326088
45.1849276521
72.3846083097
29.381554543
97.6838030577
59.3940997354
70.6487603434
35.4283826995
27.3298080256
55.8127080559
55.5093743858
65.1431976413
48.7201661777
20.9852020454
78.4717497512
71.2142455394
79.5880286665
78.3221736344
48.3077768115
60.8575580838
57.0151703278
258.910444187
89.4412207654
75.0946883388
331.882755866
33.28430307
54.6210167863
94.0189553639
76.3487421587
33.8461648881
75.3535718189
99.6929312237
54.0523076291
61.902101927
127.600355166
29.6632649553
89.2591604919
44.4670823516
39.6087332601
122.031849296
67.3378960622
17.0808746824
74.8689174256
21.050750525
76.7778494017
107.308362926
60.3139976069
169.003067035
57.1292389889
65.4219410674
132.889733737
212.345320166
68.692838778
64.1976376813
58.2490707804
18.7640188035
144.715884894
56.357376371
92.7072303812
68.0928305547
206.479276727
93.8684085365
13.064299137
110.071761732
