173.1357993
133.353927729
176.504523683
153.785686294
139.182252889
114.706493415
164.880975582
171.864776613
151.010703771
139.784713303
176.229401244
142.362150072
136.459733344
252.526469801
149.232705665
669.388081624
174.959470912
257.391219209
376.722253231
377.686174128
207.061010364
184.444942306
124.614715824
161.188215996
161.158285623
164.516266009
148.342723858
307.059246496
316.162445373
205.038036463
215.413728315
157.002550433
422.065611964
286.636141823
139.639348781
165.617516638
209.350293645
492.531019448
204.114304062
158.956188459
149.084704221
147.742732012
300.513701681
192.884151028
135.837358477
184.625199688
507.215184012
167.429572271
1079.19994982
238.552852804
163.481505673
169.781015426
224.329263911
160.531054063
463.98063035
182.557388276
382.471521356
165.891604137
195.362537497
206.108321162
181.674633583
192.327895717
296.24361136
123.042388148
157.425429876
137.177145525
255.98596832
114.663801279
193.170304428
132.988250444
142.712173526
189.134922565
541.386479845
271.590198711
249.837102367
151.070803969
213.464799294
194.80065274
178.115651461
463.305547708
225.013497238
162.98399943
186.923939655
133.921281247
175.404281303
166.843453202
129.921707386
310.863647278
597.342579056
334.884357603
177.826225731
179.948680826
193.634770431
800.563262049
125.387095486
181.995386217
193.469103315
179.657255103
360.719608721
180.133380809
184.718011158
381.390529332
187.731854707
178.403280739
182.105254761
375.868256291
240.632717784
142.281578546
130.624431532
245.888004897
143.774342509
188.058016841
179.761622361
168.537303193
163.839349541
164.615257803
107.341970715
184.115979035
303.125504609
263.955135454
145.791806604
152.696085379
150.887225861
161.030443669
279.853040948
212.718197283
166.640179906
428.944657426
156.58948669
142.997624484
214.788893002
180.7003661
161.614356612
97.6442067726
153.631442389
534.474722261
275.776814997
178.810615832
129.676608695
154.329828416
385.133528696
161.27263324
228.34452484
183.379867082
212.959348612
146.888794534
214.898255296
156.35109467
139.368318146
148.556229346
143.63920016
146.239745775
373.538416052
367.615256791
171.975249452
178.042996265
207.020495758
588.420651365
305.03924966
158.296169191
161.006085009
164.927335118
160.995944202
202.236550342
183.292591857
213.20322829
248.291141229
160.956808819
255.336874148
146.211656012
161.781373324
402.910791188
99.2515224741
564.319681271
175.885442225
264.848150285
294.793858921
235.123361127
176.369818387
172.41905513
342.939391385
366.119998231
225.776176252
211.047438849
285.351476446
184.416204483
208.784879549
118.462778082
125.549271768
174.182746625
247.148763072
148.807082487
194.804630771
144.445166942
239.393256026
142.329874435
145.776551769
1169.92890177
480.709029854
672.020658351
285.031416005
288.88051008
168.246168137
164.2207538
428.118419877
226.717748698
181.153922261
157.502668984
175.030114542
209.82278813
201.646685745
179.443294508
157.148541646
333.623795814
477.085758911
123.181409195
216.678940961
358.521837848
171.455344686
236.445302144
149.363423665
186.986741823
171.840590584
186.88816821
95.3112232735
155.837231413
164.035629368
226.272476272
127.317372779
162.775015655
185.245990417
237.124550854
187.588553069
157.390971506
300.502742645
158.143914433
177.763505342
161.226384655
597.648514754
249.032127495
186.144505035
194.043789706
244.915483886
210.663501902
347.686237518
154.591006012
221.480958782
151.395649072
178.393436228
140.331944158
106.700824214
188.028838945
499.619659629
269.15733867
239.209409701
267.054799281
168.318132681
147.778853614
281.502659994
164.701726344
288.679393977
203.602225883
164.672895949
189.393296031
263.152643862
174.8023277
187.40918303
198.603015727
174.018976697
185.149184047
158.859285253
243.780090439
234.173542074
138.000680484
183.230504368
153.771451319
110.848288521
260.333432016
207.351061427
192.211598826
349.322593952
270.841823291
160.224607056
350.481997146
289.672162121
130.136090564
245.881885935
390.747783118
186.942686444
158.13149956
761.111617632
162.841207598
182.137951473
159.251647833
161.93291613
160.55260617
157.349023911
111.997310813
155.389365544
148.666408847
143.580144492
125.157172092
193.225783701
245.125180546
334.889339725
168.681485856
196.048736785
210.786108649
180.429940654
145.044981904
147.253783999
161.052506928
163.565855096
166.904248751
211.382392697
186.530477001
386.256572165
432.791811023
157.714457905
174.037518576
282.508872384
207.079103451
174.490686773
204.740080113
445.270804413
173.644045402
135.425618768
349.633426838
143.581737914
247.755484168
454.782169844
197.51593714
194.144039791
202.088581947
161.350415323
155.328056239
151.714980428
267.560879092
183.675303297
149.542459256
264.861042862
217.456669113
157.202129134
169.748762018
179.304718718
167.685464201
222.061562303
286.063558151
179.181078147
202.605515674
309.060002672
102.142542082
296.732390153
239.700248643
182.551492076
186.526678365
164.76126389
178.144436005
112.799697821
184.065386076
193.750300582
161.755433341
394.404092282
398.095393214
153.094546293
235.217771006
189.677382726
122.807675878
315.158440844
259.701331409
168.61615591
200.045035182
142.896356828
148.583286975
193.612054021
659.516910907
168.347334584
160.775456166
181.271213436
537.957675913
193.765610655
147.178099798
247.96214469
412.008015366
179.4066257
319.445323695
176.786167801
563.602536128
279.108437033
288.264947493
150.560472044
197.486709366
329.848156373
177.324741755
110.104168594
613.654265084
181.558440326
116.73675597
199.622476696
178.271289431
186.712241752
170.961000795
131.94253689
98.4183190272
113.899013814
133.211698166
457.307522583
157.686020851
177.458663887
229.086868856
176.923545448
130.899019107
166.404180804
178.366136285
158.169732022
556.928593441
375.656795024
151.286121325
161.767630276
220.785309761
178.078433906
143.410275303
143.565258511
96.021866344
171.754136568
278.721205039
343.128387148
139.026532421
273.368587307
200.006254271
153.961904562
163.809009052
82.2846592112
195.149390289
381.365286405
184.743317769
175.46544545
467.638949471
186.630049189
220.834482415
212.790292286
407.55701115
141.999036371
199.686625024
504.240514309
295.12847169
233.325786225
452.050520154
116.940959662
245.021776058
150.027746216
225.943396963
258.344170153
249.108773676
166.274581998
171.751128665
443.428153126
181.605881888
257.720113366
155.516820702
230.508418297
848.604580564
261.568263488
156.28922642
191.796482569
196.79768799
167.871551173
427.233847355
371.197619597
372.33426272
171.602926192
121.324795348
167.035913903
269.394448176
81.426335873
365.232425974
137.708108998
96.487303897
169.678789435
113.675017142
208.292161925
225.45841031
173.594077149
313.772047453
146.572283504
188.036204356
278.441928661
183.249836189
210.352554377
264.360536005
169.725419234
470.184292498
473.94625312
279.604667015
169.550189071
205.362214916
129.942069708
321.185760813
373.27251032
194.723556685
214.976272045
192.248489886
152.765864287
601.920683336
149.633596926
147.906171643
177.340801093
200.358296725
525.640278224
260.094663748
710.084405069
171.992053651
149.765736037
159.203873002
414.983816941
208.166502633
178.178206704
266.200417604
186.058156572
149.533679151
167.0408718
139.766702778
180.453546838
126.082644178
157.710872037
371.098705518
164.324088893
137.591931197
220.456896875
158.659271536
647.176306154
112.105410885
120.940699441
172.871201817
170.463713475
139.32345972
175.373226723
173.484785191
270.777675016
322.827087549
188.695618308
199.338950817
127.295119016
284.735230591
189.122193726
167.282744219
173.426159914
175.898128876
250.536583571
79.8946800385
672.382929584
162.933367006
136.064348305
157.077422854
184.588893821
131.628727416
191.373527716
149.321698533
136.121432997
124.662630482
126.27414296
204.775277452
149.273455526
107.305469062
164.924491734
415.714386096
175.02804928
157.646305975
164.15207145
167.641620295
192.177179776
183.576818147
295.643011668
174.991695678
187.530360535
299.828482143
171.668767907
162.880834429
157.252978155
179.233193835
139.02745512
201.037736918
155.254799702
156.188741812
450.23984205
486.08171748
109.513915468
177.973950597
171.005651635
738.177068793
100.647441267
565.951600054
343.372923913
183.135432188
162.323037156
150.90720815
270.608886684
231.625202557
160.808745484
159.249031718
173.293981728
220.051032973
204.518772765
183.32342877
154.533015414
249.75654875
231.834017296
110.60489942
156.119336424
194.59886933
155.806026502
530.269227178
360.889580201
191.455502406
181.328393588
117.073814544
106.002237564
320.155397306
151.004667482
241.943270657
277.777303959
180.753177379
261.595539566
119.834045391
134.694231069
268.69592201
192.652324688
169.431463924
277.558292531
115.561795997
194.765323586
175.462337618
260.673096987
146.703783546
406.223468095
167.568001202
230.964407871
309.462047831
211.112134091
225.831864293
144.484347934
298.336414832
161.790775112
165.503301869
767.340306239
203.330976093
123.848475296
163.403232967
264.014638724
145.535208777
163.91480696
197.150457109
536.197613941
211.797312394
158.432791471
698.652686333
240.474345043
323.363037913
153.164377905
345.58992232
153.910216431
167.600751856
214.011663579
271.057032286
172.213332923
532.616047963
109.212755924
143.118310784
272.621388987
236.404533313
177.216957389
146.248844435
173.521096004
163.096882825
182.45680772
200.115386413
316.360213941
193.182534526
214.537205377
199.218640821
990.560592055
237.700688927
432.715674256
837.04526034
154.809922139
162.797714552
218.088699064
214.555988443
146.990491009
130.996080553
191.792530499
212.33194612
176.403444457
181.415950277
241.259202808
164.741092968
166.183128061
144.987596951
201.764555443
156.032782806
203.973550391
161.687938328
351.343085912
218.333748404
473.95920606
172.815559243
499.920425171
179.659772415
161.955949216
349.550788236
203.997438552
478.652402034
393.096800536
136.192366346
101.611371013
346.794571596
287.568802012
171.392583375
122.643285791
194.526014937
264.865171036
152.685118761
615.009382132
204.683644528
304.882646781
191.025878389
138.408255173
188.462822329
209.248800956
214.026427315
198.423952128
225.885910179
178.898193355
152.67400006
281.839378365
171.510408958
194.224612158
149.013146654
196.611849926
147.977038908
651.057698239
166.055161532
156.492954752
286.342448133
202.04363764
243.575096567
251.52675138
368.617728127
164.519437196
206.230985002
155.338784962
260.530809591
178.343186692
100.845067529
167.955531008
189.902503044
436.123409566
114.029688728
194.978722511
134.772936777
202.525613826
264.345454324
158.888785658
207.019930649
161.422020586
186.531288869
266.318699131
222.985217388
432.436039129
185.115339167
197.738357585
159.917896583
156.605476993
167.303682236
185.918760442
170.572119578
188.424322443
168.980464711
667.022126246
169.25737523
244.620422407
192.290673769
208.029475627
145.873503265
160.44853267
205.592977944
475.207882349
138.259866108
130.365075863
161.344416124
171.76812794
210.738632819
214.866476834
254.406881498
228.445724565
174.640393919
177.899206272
137.759958007
154.878431899
142.986021791
175.259073049
139.999133014
224.876513707
302.296375574
169.371494364
295.211563599
273.979798111
142.157730867
238.107690612
107.08069174
494.659773248
171.880209425
176.825867526
166.931379732
190.405418178
641.712408591
188.217911949
151.958377274
189.265750582
189.084350044
98.9426694207
214.672941107
165.60056495
161.139636982
305.265588106
183.586262489
366.582451571
142.711477372
220.287988582
176.609863358
178.26377216
130.396087042
180.46066449
263.585098973
284.600756323
227.962299053
137.069706131
816.338759858
161.61175888
913.828220428
182.971282284
222.488848137
149.939253789
150.940959777
169.694714601
150.262244486
135.534888466
175.451937821
147.163251968
418.378874621
290.854493094
478.334195586
272.876101149
155.849961976
126.560857334
154.407483065
158.662001353
274.921256679
119.680003955
217.239849736
179.911415881
278.373419154
357.467774221
746.984573248
253.377305661
136.689435407
166.228019052
160.725656306
183.177073845
252.99761724
175.370117766
145.344250582
200.000994622
195.902679392
224.564013161
237.009800478
150.158606557
171.411028376
235.732497864
236.383965716
207.117373735
638.524891262
150.829730864
173.948181502
136.863311605
109.251993049
165.244908581
588.358034753
172.411730822
210.38245436
164.227175276
1108.04375335
790.459887133
404.738053705
186.519815607
205.087424861
160.059701694
141.038833875
334.897186065
215.866198441
201.574858047
174.820067242
303.971246899
309.821739535
218.115288934
146.773524415
176.042631369
147.834969563
433.525032305
173.244726018
210.693496515
178.033254378
197.132322296
158.772978764
161.850701428
183.397712959
187.219366093
134.694014738
152.518985181
184.85714594
349.577878722
162.623318412
202.03371454
327.037039942
460.741381743
1080.83944606
170.015385438
194.283607516
120.922177254
332.856490413
150.394442822
475.067347043
67.9267449991
153.805437156
177.88916514
353.730113125
162.434731553
145.246225131
261.248123253
139.590411431
158.550563179
301.521025023
306.181496479
206.572190235
446.352020562
129.543662403
316.65812241
136.264677657
202.506724053
254.074364169
146.245115194
169.428163503
433.62820686
116.948630832
158.561880849
125.029526179
226.283958729
177.880204639
196.941891889
186.246591126
185.971322273
174.14034277
172.64916596
145.226240704
253.912924288
293.356159305
495.9987664
153.212580491
176.438991395
146.825688696
117.630030456
205.450366981
208.92944867
247.395658331
423.168338623
144.631467439
325.161858785
159.250188027
352.230436546
138.640582179
102.829077776
1389.96430483
210.700873644
355.65962997
190.682514301
212.620535995
196.099733583
187.321302055
820.441668311
153.537451446
152.881183053
174.428006418
166.569954032
241.538688346
612.026113595
370.570215738
186.827255678
762.298025945
217.790006926
277.602884926
309.502942764
177.441491601
173.844672903
165.834620388
223.265515472
188.393116145
152.899414043
250.915101602
193.949077463
219.874862827
159.906155928
240.344597815
182.891320544
178.714144257
153.474833097
169.926165406
170.180796082
213.743223456
190.612815258
162.802632719
104.372225055
162.795116693
165.840697891
159.864803919
259.59792925
180.569596104
453.179565325
171.235469731
192.074062068
244.088643904
187.897283728
350.438231441
141.250493965
192.271721374
252.791950198
175.316805571
378.499915411
161.10482598
164.54587658
238.360090574
469.678889509
262.894686768
591.968009922
270.438394415
236.814146349
140.354753933
168.501320748
189.34371968
184.758922632
218.61726744
90.9340547545
173.614284853
155.567840154
127.779081091
238.146094896
180.792357387
180.658821728
229.057083047
192.31363328
168.26452901
579.771069408
190.684526254
195.763325751
182.361627652
183.115767936
414.873702743
164.498616429
953.799766216
149.937601673
164.962203037
126.543307515
117.6904881
186.012464825
136.907426474
159.08263419
368.59078276
155.272005938
218.086745553
550.027038367
383.790889249
195.991838671
180.269771321
178.914915835
206.931388385
513.109428715
172.650976223
574.741242375
193.483974471
162.151544732
139.780611219
153.001814433
187.419985415
202.186367898
145.048346867
201.080052314
105.760849289
201.763248506
117.927456894
134.475017492
147.938117044
432.28094742
297.527399803
174.953270093
180.380525769
212.001619774
182.592965056
128.595908593
151.722691115
116.640267696
168.533195917
141.400078116
142.639673347
136.131720397
160.950543647
115.484035495
225.55906149
116.940911243
233.343046728
241.931927018
216.188322495
166.669818199
167.744136078
174.37255525
103.749560872
158.654532967
207.070390369
535.687890739
221.785432981
270.296963158
148.82189031
178.216619116
194.504345056
389.126963536
220.676027915
166.835812948
169.53552152
207.181068481
215.320984179
190.121194665
165.500324793
158.244719091
198.345108005
152.698930073
284.534618698
206.481775817
560.719545143
228.460098581
172.637480453
176.690476987
373.270675545
117.655104709
153.881495957
670.46938645
131.47475373
182.658127561
155.259050015
173.884781425
191.760591742
123.872510364
415.625990267
598.680737213
327.985629386
238.104165794
202.130449559
170.288954314
450.451297073
153.008141907
177.03195796
276.563954022
435.622997643
253.81373324
158.525450327
169.611462908
163.717279578
151.313973775
145.955741514
155.442276307
166.092942463
209.351463903
154.859371067
156.482447387
611.111808062
902.953743979
132.8193728
268.326383395
309.71080079
290.625659693
232.130048878
157.381295176
207.382610111
158.269760316
562.640101245
303.459136519
197.89787512
165.531717047
192.280369628
169.521714957
210.213233691
607.524643643
225.83728087
139.896417644
224.964509162
168.586501167
203.828501577
240.261923629
174.072911028
110.241912422
145.899364863
328.150945826
166.987882726
123.750700386
193.190800512
166.669707235
210.700266286
129.671338473
224.475341644
161.981365978
130.609977147
171.546405784
223.075005017
361.750784218
300.545419169
725.143289261
148.471590195
287.629981508
179.759400846
160.263477269
341.016681535
221.557453814
159.87271006
379.289298039
195.573744086
127.50394665
151.766699012
197.777373255
174.353299758
124.695798241
172.17359913
171.838093939
159.768415695
289.384976372
158.426182898
154.632302536
249.146041079
640.147026232
169.709756579
181.535335791
345.225940065
265.040744901
138.134391565
221.57228056
577.880969075
157.840571878
312.806567338
107.089594156
274.260035418
145.43171326
241.064954244
176.357454658
743.217154794
293.352821503
240.564788235
162.557955004
156.985044925
262.848049982
166.387677791
155.110375821
150.321948723
184.652884507
391.052058367
179.671213689
324.797477878
270.638041479
219.027267196
150.582447972
152.075237125
268.677053851
121.142222063
125.680405302
116.893576518
433.367811757
176.389409738
133.103563526
206.521883635
163.596748557
107.630585205
303.467978586
149.708945965
176.529160998
209.649669837
178.330622238
171.76948479
246.304281766
392.572318453
119.155809268
174.943759338
451.095412121
297.649976697
191.614906558
193.480177832
109.834310706
202.792836574
141.262357035
268.995174106
300.103471799
176.178444714
167.558914678
155.127171616
365.926186544
164.253731876
151.205667786
383.51141211
157.278459554
257.39235184
200.010413331
726.054081883
411.134637038
143.459674952
330.419807867
147.592580275
305.295656775
212.320816205
220.045912234
318.721757571
251.449394703
230.739897513
1006.83238543
421.155055652
174.69413848
157.792478334
376.170270763
396.00374314
274.687564147
152.127008355
135.825441414
127.51350483
171.19874558
187.498368026
473.43754877
168.508809498
306.958810968
211.297071058
154.999460326
828.39272749
282.778022763
121.634065618
168.253696574
284.56675611
585.357359581
166.559741663
197.001284366
142.289002231
269.936029556
408.821623592
161.649720399
1031.1777463
154.594270517
157.826420477
179.673131362
166.36876958
563.433640157
371.425288644
215.882557754
184.362160607
226.787926492
230.374180938
215.562689206
144.436064725
141.324954983
196.292747324
232.213398155
314.917508736
133.279335951
238.024737227
166.8609455
266.003670181
170.315088833
182.776288421
874.398156678
1381.82198704
187.412540154
175.963147568
260.185055204
162.391869532
207.856932308
182.290829815
150.35167923
153.817100239
180.349174432
200.80408055
142.357108106
408.974482765
151.70284271
272.068910852
209.267931419
158.654310557
172.237238006
152.206108668
297.178974091
149.442316229
316.977709506
165.790158175
177.089981768
119.561335952
420.476783785
172.885532031
414.762296151
181.164044546
265.28511944
148.841038441
462.081969452
341.648842504
138.600809349
110.038386571
150.969629064
212.960187649
489.471432092
256.887375468
159.497363038
218.414782232
165.621266814
173.093640696
156.549540096
148.393164994
254.191559712
173.220525338
208.47750767
176.587065383
225.668014203
175.972016932
255.383158517
202.383954904
341.614732705
291.38594592
190.331298042
138.754931492
422.833761442
179.864218515
172.391741006
326.034737687
196.171302225
483.716502465
218.516780199
373.10034877
377.048803404
191.927918821
158.333264615
179.700979426
170.562714417
606.10893008
307.96794071
144.479346927
102.320324552
152.46865737
223.198534998
395.432246149
167.159474827
214.445141351
338.115155871
104.573659021
554.016555935
175.535174218
160.175110704
294.910102635
263.113203605
314.891430846
140.75747896
164.347640722
137.981091835
231.588620481
269.881076933
244.94513556
630.169842915
153.209916522
661.129046129
235.417728079
347.416685495
111.081349494
157.065348511
714.085972769
296.447653258
158.899025101
197.201486731
175.634045577
886.673320317
162.476288767
167.536408851
421.975215184
184.478545202
217.234520282
1547.68747908
178.484231173
240.858084614
172.494931306
181.290332798
484.128561374
197.585517723
223.408038783
153.409549511
265.441621289
135.042306445
93.8504268821
163.399262664
155.372090796
154.078815847
184.063590072
345.194267613
139.086619299
229.977727902
158.754748368
322.301560389
334.522037204
90.0892653741
134.558840541
528.15903116
164.174011261
316.612958754
216.034583862
132.732144075
207.275783497
206.657423432
433.102025065
162.463395212
142.699196217
295.413180394
460.976720869
178.852348845
373.286827472
150.766511882
131.756091734
281.62144397
442.426710462
204.94407596
115.948361404
271.314334314
258.859237721
427.997736877
211.403485535
423.721464177
182.454890098
176.754062358
186.901789075
362.499714167
158.272117841
159.243601159
452.390397277
355.277225792
164.918993115
175.2305885
371.453576766
175.723847725
242.64921293
203.808641347
209.960113421
151.824314149
165.566168535
172.775966747
491.663773121
572.347784317
364.017007757
171.97450439
268.357794229
369.230296909
134.651928889
506.116076293
172.643187586
203.919105629
411.502685094
158.112696749
121.269333678
521.457083193
194.545885275
485.616745294
178.094391393
175.445121272
268.820154846
431.362443734
673.058472327
215.757649023
171.779420721
190.466498196
135.339185866
459.579134663
135.894247503
433.756787008
222.327387132
212.431602213
146.856039492
149.637992824
166.158075324
500.366832381
298.054616233
155.484609844
133.460961437
262.594684822
262.768238299
184.408614601
189.440775456
277.022999286
217.737051634
145.191314925
231.683000635
147.837206208
371.940597579
220.327811427
196.858945265
183.019504968
128.122861751
155.777865013
242.687467542
194.932659
182.705375784
151.230090897
476.374806838
185.907673919
195.006091175
371.920744754
185.401599074
193.29549869
285.230626417
330.69083702
289.353020211
164.074854762
149.307352228
360.802959693
216.903964819
164.240088923
377.653606001
359.710690862
150.18988613
452.787139242
181.189112831
146.139536606
141.077208124
196.189136483
125.336883279
407.085568374
182.314242652
145.8130148
154.145745244
348.505627584
623.773680476
159.71447554
346.081130149
215.970674226
179.776733736
280.895869542
144.104182774
442.990332305
534.961366997
157.463909596
169.565467005
157.90840533
177.757694255
96.3984111312
471.222786456
286.174471773
181.981162432
171.534294294
196.962940663
265.269384241
235.900325513
223.852260611
275.887490734
187.080802372
152.898395752
141.218604701
484.480948986
168.616603276
187.768554964
190.940988701
184.796379161
635.332012213
196.877139557
172.479404288
209.168858392
147.505235708
127.064996799
114.095156036
155.08805122
248.765083569
489.293117113
164.602569155
164.958002877
275.505828277
92.4076266933
209.326155995
134.263715945
683.70940555
123.978418932
175.460131933
147.758510039
182.021539638
160.487387521
167.060531594
365.943156987
179.638387282
178.670310258
126.842192722
544.528900807
235.160711768
1573.3226719
230.8111283
143.55032897
153.853812448
166.126938677
224.723782452
249.977904685
168.163923028
177.415941029
269.486904506
152.747334026
248.766014613
136.177550024
149.94707545
968.779320618
152.233161084
282.477225904
152.144942779
318.50096949
283.034250731
293.445094129
139.628106718
219.086685995
181.622208538
213.477322317
164.587531909
178.453541027
210.813433478
294.222862332
456.095371993
397.135165387
259.936162709
507.604526396
149.850940319
185.197742403
170.258881095
179.050246409
476.634110341
188.076469426
170.876538769
157.378951598
398.114769492
135.077197085
150.234496012
192.893266468
512.926556423
162.838309291
131.749738227
147.198321262
164.398330252
186.614319324
235.606824762
246.177077029
191.034409192
541.833664264
344.706473295
234.876177848
157.649474221
222.079162537
181.101235398
186.566111763
349.148450393
414.460402378
154.729220963
130.11223839
155.418885207
415.508060733
164.500451221
253.447919214
209.789681581
200.813827464
151.579385503
876.711226236
169.834384184
181.077791262
192.889428319
162.774859955
139.007845319
169.526742007
214.559295971
357.275625939
250.897989027
155.970624643
146.775323996
171.184421892
169.567002881
156.169486568
250.161758595
287.089396724
200.051391059
273.392817998
144.475517434
155.86340105
167.313723567
869.66819273
144.567927538
909.169957651
132.867739905
154.554507782
142.168336446
172.40695118
284.881336731
119.71435462
203.791719116
165.519186264
165.963409996
329.157457659
154.031153029
150.669005258
130.556252061
1548.4522855
328.944679901
300.333003417
146.450517879
205.182311178
141.477318288
177.196830287
134.816923893
168.23435527
128.321583113
172.696454787
142.814459313
322.713112993
165.096485664
165.049166692
158.256593998
160.648409692
265.585134093
198.246983223
119.686423977
279.993191109
200.533862259
209.236422238
242.737834057
294.295555497
164.11759631
343.611599552
149.83455023
191.666193708
130.860539964
135.361993292
197.751037454
153.835250355
207.041052734
155.391863525
345.744919476
690.061597578
543.265155863
1058.83630595
122.149972245
453.548859419
145.261564956
219.410309432
175.073710283
222.798996201
183.724191929
154.32808298
103.604110485
320.85480229
294.842321141
480.805169417
200.597184644
955.313797847
240.30283888
265.921894323
208.131484901
126.001524334
198.753229875
159.521289839
318.632315999
254.465586743
208.257369975
227.457959873
176.485225686
168.000706931
141.876392201
173.728479264
356.045731474
193.266762444
214.526892398
163.898941369
132.16476973
122.174649809
140.134297286
242.675992435
227.505288458
630.838780308
148.753827853
173.099979986
196.992415528
189.258293407
311.112495879
231.497993515
917.125713014
172.44718371
500.034714609
146.065601774
144.688695691
150.482466032
242.821394636
159.673349321
158.387823417
184.590977782
338.158657079
193.598475224
142.403164646
158.212953499
175.856225965
166.844273294
137.178842734
203.400706545
149.21996952
198.629461017
220.474935871
169.058543379
267.25133186
136.164707168
152.604832161
177.077759162
287.175821432
213.585101684
193.250454514
532.137863343
211.647892631
146.36495532
239.658147695
162.663188504
347.889967182
101.367991279
182.097233772
332.833258394
279.318753323
333.564652359
202.572471322
174.484040529
126.386886015
506.294165421
140.668305054
132.289955414
152.907988522
175.246054011
243.036241336
188.697276679
311.218500252
188.266854362
125.575165424
161.90064569
272.127730817
280.105095111
182.733346654
178.843281687
254.630694869
256.505080769
147.818014087
692.946551721
185.465305601
261.559718953
330.513602405
160.588250483
576.173134128
215.926660052
299.8781818
175.34048533
1142.99492627
134.844625398
261.464654553
123.058328542
212.506958712
152.865095661
134.822679554
165.237578717
190.106041957
90.3942161886
172.806265527
710.68884661
375.130268408
183.087277354
416.943359722
134.957727198
153.277099701
217.282835453
243.610510851
217.429791324
285.897492216
165.811793208
138.92394217
180.277303998
196.482803142
197.472169372
514.115319048
204.955229717
446.999432166
173.012638357
174.219025372
382.066220854
159.830843272
742.319927041
170.829020882
155.644616566
143.166040444
255.313682939
107.905938218
166.138783028
133.559754322
178.451443693
301.670994275
157.429078346
213.066942613
252.190027921
239.224416399
155.670173587
169.566494803
125.856497317
167.412086313
162.919579589
197.032435761
180.014539713
145.713940709
177.809268988
136.102739812
381.373408782
155.609661706
131.823730141
181.77231958
252.349619607
189.021404004
179.397411928
173.116480662
178.683223497
170.756789277
274.891251206
157.72008376
465.540187883
170.848054114
99.7124216714
425.208734903
223.330656587
166.659456984
160.865753532
149.977985648
230.334800248
215.679465862
164.9200449
565.646149113
153.904640097
130.786583825
138.223329232
124.543688865
202.876939464
101.472768963
449.521036615
117.697039663
638.179142934
190.902886607
228.852033694
287.94328912
509.649711824
140.216630911
191.815885599
176.07811542
167.555420445
174.685840452
149.719731012
227.517970485
189.200280974
161.209028977
149.892902611
280.312223675
232.937966257
181.501499731
128.512199768
287.169586834
164.454090781
232.970065166
293.592836108
144.475368405
100.582216442
248.959089277
125.397143391
989.745688126
271.661560027
129.115556603
173.49893261
214.122126323
190.55596993
141.13846624
147.451988257
172.482612837
201.030307205
177.779507248
176.203788908
314.944880492
736.631755087
635.80056787
170.951814038
154.051175162
184.089276766
207.143317028
226.337609781
169.227290453
144.775247603
139.124974215
113.676540827
186.188947722
213.740666397
549.323713325
177.922937762
969.625641695
191.131322174
160.904371312
184.99535267
192.631416403
323.204297699
168.572420722
319.455514303
280.746147724
279.898416154
179.339961675
413.332123243
204.588347333
187.036349418
189.304082511
103.706880718
176.907504934
142.87934043
141.049802426
205.374513785
366.268260441
116.971286598
1030.91754677
151.6419424
170.8185535
152.119219547
331.777189239
163.644904846
125.59018221
168.623748132
148.001860904
186.016015406
179.319088746
211.779236604
259.447624956
317.56755676
263.248862564
173.623083299
166.470728431
944.96110763
419.601509327
549.728628673
145.97359102
270.321225812
127.603916104
186.67316033
161.009266567
193.347886043
183.843058477
172.31938519
132.921923977
185.415840005
120.946531341
156.803357524
162.361887265
178.169585989
179.358339351
191.212564827
188.268302045
118.170793292
191.396509282
168.684892481
190.270831137
149.187722171
614.816500121
330.068869438
290.091650263
196.998919773
209.297339512
195.708104225
219.084813496
174.927031401
250.412519358
163.427943463
174.820534864
130.418376364
164.996030392
142.77935944
217.629295769
223.04704111
368.1886012
170.372726641
150.214959945
152.523427616
940.698799844
161.873390654
167.17912245
154.149307529
177.081462785
107.601661784
155.307762085
173.117186929
201.32721449
158.38340667
251.036412364
196.288670781
1327.04437295
153.397538879
220.776135625
249.760488251
355.886313775
150.400014206
195.843598964
400.157194097
280.985087659
149.539146505
169.952051038
200.07530296
166.520538141
178.67915771
277.723534947
195.432656758
242.341057538
169.025507801
143.294429591
596.675720218
166.39483523
166.038627381
463.476608907
185.894733837
1241.79818745
180.808536866
196.557451334
197.356679662
192.615600735
247.007825463
179.402834722
170.369484383
189.225933514
191.810084904
506.068303185
173.006478581
169.690899764
184.738063423
165.611068349
166.764498877
139.25842454
180.940645552
175.726607482
547.062518777
147.64092122
175.408931723
179.950918377
265.847601319
188.393481398
190.564554941
171.56689232
121.626383753
150.32688687
170.206455022
180.930094428
260.467942474
179.878026651
158.503093208
617.665804304
134.468312832
157.58528958
344.366070308
221.735722668
440.647895661
147.316611811
358.669860309
207.324631712
225.835940942
156.800776689
355.632274721
163.934371359
111.417945441
122.127759453
210.484441178
521.79529856
290.739920582
147.457715232
326.457548405
150.124751087
158.067151035
358.88872666
187.534641259
145.033521012
215.726818092
401.788627571
169.453994022
143.795267772
480.655958884
220.607038083
721.641250712
240.389697795
141.147327258
641.262686815
158.1889551
122.833831573
338.66818923
230.155964078
188.421456443
272.584119553
307.894944147
360.951501162
158.552582907
325.985316246
189.583599034
207.065065014
301.186425506
126.436746256
289.391445544
178.405254096
105.00861292
213.608318004
200.326090201
208.952699502
105.123371889
165.876574696
204.595302979
419.854786355
198.290346546
672.016362483
141.856856821
184.750781799
135.977077949
161.369675993
227.986809423
492.166257806
159.056574311
227.379078332
503.353728574
169.451677097
192.584714282
468.491810768
507.545291475
195.551931789
245.825747199
173.097124789
318.280510404
156.264607716
139.992448707
167.586000833
218.790494723
196.794574298
560.265132795
253.475383852
379.513248467
154.163227866
261.560825666
152.246057633
166.568400695
695.237021738
218.66328131
160.291375145
334.091182743
144.188890076
149.319552775
650.267597973
149.612660833
351.458015701
174.410131977
206.852130227
159.942785658
132.784021768
175.370617149
229.838261813
278.314867044
304.965049693
171.661705962
179.313376957
177.737801896
251.133895385
190.915717077
149.064374753
174.970112697
142.692145376
169.514325246
152.274068516
1580.91564605
385.529734872
151.419051835
225.444291988
204.062155992
121.450894183
245.209892823
180.807584464
155.565913286
227.45429842
188.930522048
1125.09363808
176.917162653
182.866749349
174.770285536
160.267727125
191.387166894
154.760220184
244.464324002
677.59108965
184.634298165
125.30392585
227.717122185
169.533046817
667.013921426
554.467386651
262.899265855
224.875324863
206.848403531
167.961503005
211.829569393
181.248357151
171.410273744
178.840421821
468.379600577
226.485436825
162.717106253
115.628586203
157.220222275
211.384126242
162.293976494
196.684429373
139.821743119
141.679677636
399.962888936
186.184747798
209.60774312
238.755783578
861.653823677
207.603551875
459.922052373
185.087219881
161.198203793
189.61221593
160.984617141
180.262857024
182.782719902
168.360036488
312.668937805
117.224720605
215.907485204
366.309624111
216.467577904
423.964593811
188.934740313
219.526324721
782.002838199
194.577247477
163.51486424
232.141196023
145.876717267
173.828947049
251.886918778
179.547447358
106.719438089
185.8453151
170.339148461
133.01249122
147.130191991
188.088994067
137.969125496
156.136913525
174.104198601
164.011015168
457.505737011
174.764338365
176.097709304
182.612378428
141.274102355
574.856527055
287.837340456
601.996717904
162.395883767
178.407502069
163.229559606
162.673023729
189.577055014
201.686074565
151.952359626
217.163641491
261.185946202
149.961078445
145.464522845
146.950894368
243.343835301
262.548473175
216.282015184
173.108938902
157.413546381
170.240178942
150.495010708
147.006339671
163.355443495
253.365823607
203.364430724
503.920594037
206.465896547
999.321966886
141.238883109
299.957367047
172.047319666
133.632159322
116.233640357
800.716557473
220.005585117
173.542130666
291.661254097
265.022072932
178.288992116
675.881116564
376.006294548
207.528153268
228.205107658
313.089596773
168.238329929
125.428420574
217.01603597
125.230093074
622.615159838
212.192215434
126.222057963
155.997012488
235.69998976
128.37577113
248.439267731
763.615232773
176.376169706
1023.0813098
129.843567235
194.548889212
182.881795897
487.100348969
190.004325462
209.470044712
408.681415838
155.915616761
108.193453345
162.863404312
140.486300577
157.809995086
572.21265678
167.939463416
246.733744234
186.125150504
221.129046469
159.590632912
174.026787425
324.328279923
552.066076487
794.92982822
120.597684102
255.524382123
250.489143104
177.151290468
182.462397329
164.931051938
171.625397689
189.539533439
158.295796152
182.10620223
119.362263182
241.537081801
177.713154578
179.632044239
198.264948892
142.703447575
162.416089574
425.940119563
191.552738001
391.05919818
175.078773347
234.872724908
144.578924808
150.553623779
244.93515979
161.971779683
184.474838278
262.486108993
250.099467047
260.79088077
438.629334663
155.282905116
152.456253743
172.531886036
176.773993088
143.988608894
286.21497442
452.670874849
161.442697406
132.25950192
207.298218401
148.282298288
192.684697451
203.941846763
425.99428357
480.206457365
755.240932957
126.28283014
176.234455929
176.405467842
173.771206269
336.916797568
600.538634189
163.190178448
174.592211898
213.084252091
152.914545496
172.03856114
240.130151021
378.746206956
121.834180458
181.680411708
238.502994304
344.604594836
159.664307125
145.590960216
1046.53648658
173.395476718
441.325270672
576.442515093
225.593196315
440.418534831
197.58598997
165.028471481
271.7602265
202.500976989
174.058475426
176.538150621
157.413411466
222.775141511
172.997224531
326.241633224
378.023224173
148.839647995
439.318728012
428.597837938
137.4465046
166.111466381
226.948027629
113.416396851
185.934612327
222.832455215
177.86621968
121.841025857
206.174519739
179.499083917
187.684355634
246.917204529
172.765542101
135.216447071
189.34079226
251.105530874
135.38591202
329.194859435
248.634184604
126.849848366
506.162489211
191.386731003
142.829510334
165.633086976
387.09899323
159.101456713
436.869789596
105.988840707
215.065243914
181.479225876
186.956298308
168.823452786
255.832684742
986.504028916
228.158569797
271.564180074
155.571626263
184.563816489
184.099353609
360.228236756
161.691605267
253.367203252
143.620966788
207.688635198
370.585254717
158.984514014
281.712035613
133.287353185
174.062182953
229.432604532
173.547966903
170.558805515
160.10380283
165.307628264
229.988290784
92.7327782644
249.60616418
299.885451705
143.581514704
260.449035538
175.970660994
208.78071333
407.948498137
1900.46403752
173.138820745
505.021098363
172.717421274
334.804039894
171.065183671
181.108034185
135.450575122
188.9586983
210.198179861
176.931050023
122.864156991
297.470533039
179.039742518
182.394261633
167.397910778
160.216457655
155.060253578
146.765738703
211.656913386
59.3621865306
513.919373299
216.46172968
222.487612896
165.669539367
121.580379601
56.590213614
282.826675485
263.135314066
250.313099511
127.785909573
224.121706333
166.936234594
183.452507142
193.226034113
397.547151104
217.675522136
337.627463531
188.205813938
163.691180493
244.92377977
133.594031466
194.611534622
474.658020565
92.6596526124
746.374507635
161.813006416
268.160251707
191.910617256
157.626462543
134.475868527
171.068904235
294.916495042
160.051447729
171.633861553
174.041583192
287.789804527
189.752192263
208.951304993
149.644782971
397.644217107
168.602052476
154.233940371
393.55978946
233.967142439
120.387438171
183.878025679
395.345995593
203.043632687
165.980432145
150.009146827
176.885105806
243.961097146
657.300569995
186.750302424
180.128078607
141.625250606
1484.65498098
329.949344736
373.901152247
258.574361
205.039053266
381.526969443
155.277278335
179.527862027
281.894217714
293.694758649
98.1329414752
425.365781262
171.934974579
173.231242706
234.73486744
160.380475684
139.67526139
163.732595874
160.038865061
152.611100478
624.221432288
204.346363011
147.256171806
118.777439383
126.674407318
248.74462318
172.932433449
161.446754104
162.927619908
138.04742359
170.199597914
299.470046071
148.578298993
139.194081349
117.493948459
198.537280182
330.794805639
243.770330496
181.860885516
336.657465615
150.782705148
163.510618852
349.987027501
158.373482371
160.194527061
602.456141285
175.576102472
166.642363847
239.994353838
158.698919687
636.843195596
135.485411703
407.111199917
119.127255327
263.074623933
139.956158219
414.678101466
295.6993524
236.021657845
170.880186084
121.921926192
99.9199508659
404.567782022
160.153518249
298.148919258
171.284947647
105.091572363
188.960267998
630.984994383
184.141406436
439.423143457
225.791468301
121.604831865
148.151789905
169.214298822
432.042885042
688.748280393
154.637360928
219.169201547
115.201926692
173.827046958
183.89479494
180.489263832
259.750400859
171.074276347
208.979676095
88.1784671708
203.935767593
141.698196583
222.172524241
367.975158953
219.478475877
233.759593313
259.972143856
173.821192232
165.61628812
183.006664149
280.433198704
155.778863189
171.807838038
490.227874338
119.540063111
290.407161077
158.115388991
144.360012149
192.15381998
164.877851639
153.806277581
165.233458742
271.877781154
162.641090567
140.599879863
211.531786161
136.836415866
151.263287624
224.1184228
179.774685935
335.394447562
164.320326687
488.186963726
190.979172476
177.135625641
177.377366248
223.514842884
155.800995153
147.408598464
200.221242661
147.238624595
159.773180573
171.48490608
213.063849655
173.184925252
269.747232225
405.784636551
124.963963276
173.816030626
272.376867583
258.525318671
211.867213887
144.776330944
399.144649988
227.813033116
175.076947088
161.826301001
179.000657985
184.901331066
164.081025581
164.219730095
700.368528202
210.400468729
151.827515616
261.101941054
542.695962446
804.066492355
172.360610167
159.738198444
287.495035345
173.186267866
148.235984299
251.067860761
433.325032647
141.865022576
216.078429826
913.409762365
162.116872186
182.954599655
91.9089819622
209.757878741
319.255253966
153.925110234
190.164716663
219.304787401
280.594323679
241.531912738
249.47985459
246.77725271
151.099735166
168.779507576
172.382463627
147.190721067
153.099670649
879.661057922
171.445026619
166.9596233
723.889546655
131.130714869
175.427416627
645.779877025
313.29500541
130.62508925
142.090978812
202.064211451
198.185626678
143.63227513
378.639637667
204.30296864
261.704189455
124.723076235
114.192846717
250.007671408
906.381662775
152.534975604
166.353711227
467.071071634
146.279828055
215.87287976
129.278657135
177.27961106
166.213020796
255.133991838
129.259040187
158.216761187
198.594444708
173.608617798
318.600035732
154.054453776
149.843090234
127.522095327
183.690063442
170.188542432
154.887876234
142.077604272
449.632242439
160.808131573
584.46989169
114.995637858
741.532155773
159.529959298
195.96068369
293.194994205
331.942300588
200.14871525
142.323629467
147.792434919
145.062044478
181.614118685
169.676383069
197.813887521
319.151873015
167.151728956
164.484622842
305.701214523
183.776678388
173.133543294
190.200236601
180.833870704
170.491172144
173.989378885
238.429662049
101.56672464
383.995581315
138.443392158
197.715086846
437.452361725
175.629493381
166.336224326
162.58379267
224.219388076
229.829766447
164.335182104
175.657853241
193.72481765
169.783959076
202.912284339
164.007243896
279.373055857
235.541113231
207.835202712
138.277144257
129.843954793
258.623878735
367.078540697
232.408915404
101.612233575
133.992595853
171.84737849
208.064011122
141.84901139
367.856575888
156.316323776
249.426857685
303.369307477
437.733884239
128.656811778
165.612618977
166.502456225
190.235326922
122.30275213
161.834043436
130.873904843
141.567505667
140.822352902
166.435573742
148.596796228
1063.46213713
171.361845866
199.729850456
221.848932048
271.006207848
515.438558277
790.106017112
517.079105696
434.620915759
153.47920234
718.031972659
189.799251581
170.229325205
656.923890625
508.161502828
225.233780319
338.878059098
167.734215558
220.979829503
177.990840203
160.172259854
255.988418128
174.284379734
186.574284721
248.26319657
521.733108674
219.682895708
356.605968339
602.959997545
171.949636224
170.832292606
224.308655583
177.386395575
160.770654653
186.942453121
185.211737904
210.739350969
175.7711258
166.988742423
150.66541015
154.792859549
412.646743369
129.524097975
168.243659332
190.070688182
205.57287413
449.345100599
134.513660472
107.501383124
146.774825512
206.10359854
186.717628281
296.730889004
159.278263989
168.820415076
372.958957039
174.870532534
149.022210407
217.466661215
149.59507932
159.420148103
155.572019182
207.789674265
172.133447168
175.753118553
332.595268029
156.838893391
186.201124645
168.435749657
170.140340143
510.724853906
192.0597375
277.034747346
92.3293246585
200.322959338
167.64010078
637.843203221
222.829729743
174.579817246
136.774580936
146.805384157
395.521975908
257.434126206
113.636285097
151.250753452
183.773074439
142.433760005
250.946189684
101.142709902
143.593412825
169.616127295
172.976761904
194.137348774
209.091816392
164.637082638
500.616718491
220.008464427
192.943457157
194.88216673
241.91116257
163.183623186
189.989156057
245.330144126
519.196935242
157.682724682
362.726902833
119.535893367
181.776576836
222.407572573
256.54736396
313.446900448
449.474220391
200.116945925
162.875485414
164.257457482
174.347347702
391.290046874
215.956083071
358.999982774
216.624425208
177.89777517
159.372396086
403.652289348
178.050406791
326.062439284
133.896546099
106.260515094
167.775217911
139.457090702
125.320343503
155.869813481
359.44722234
446.491270892
126.461682595
248.843473885
233.707316532
170.266593408
167.54741153
259.48806786
191.829195595
216.65287907
147.410533383
129.946218885
149.30835859
256.236932772
180.234610393
457.868502537
187.313499008
182.308695437
215.716893506
370.195011022
193.441057837
190.928722154
352.36085266
267.446045903
139.707444986
170.983130563
137.932904484
136.21855146
140.978064225
179.10421283
144.103429337
248.931491078
228.674422087
264.870900014
142.642625676
157.990529107
166.009163519
191.706333434
168.377067399
166.716695411
120.692516358
174.925901378
184.660363529
184.1531718
178.2442829
162.776814596
255.018777551
161.767276022
172.412875116
404.800225963
158.934394238
167.488879476
258.949287099
197.913242546
193.966187741
170.248025212
131.567524443
181.395266209
181.34546815
152.207350185
170.58214697
141.387671746
182.421009102
175.203532077
194.827939604
210.313354922
94.8830280454
626.287490208
154.315233276
719.173214151
544.68357405
149.566255468
185.045928318
220.787402863
128.630114766
165.396577496
172.264037026
198.64815838
146.394289497
229.073015456
167.837907466
179.715431105
242.915403903
278.61745944
375.208000077
144.701529246
146.660035436
427.446786563
122.757882158
125.168385981
193.449112456
134.325537296
418.289702699
124.830131912
354.290601615
265.32674351
169.797567024
139.31286599
302.486690086
364.37809637
198.773557454
224.226482606
153.139820427
152.422132324
156.241695397
731.075333403
220.132134883
134.204289041
174.946182967
157.679186073
151.924683914
170.208423522
99.4233414112
168.848110923
182.816705872
136.975537517
177.71523379
471.915108597
155.81116706
318.722828829
161.57898398
208.835023691
166.053632323
150.888312902
863.655721848
138.120091825
211.907302556
1285.67492719
183.462551479
197.833926655
141.10500599
182.722047003
157.511912396
162.873416001
154.475073991
167.561350307
208.074179165
71.2419157733
208.206095336
250.843760533
163.99041028
289.125494591
220.697113169
479.826699876
165.399518146
351.975584348
178.174354951
184.996289444
617.556707159
134.211507502
397.835858202
168.179215447
128.161771771
204.512495778
173.972124905
160.599460284
189.527531111
197.793686255
180.962518501
297.791247347
159.393629211
137.940118234
179.188717307
175.805878507
126.487285794
193.172595876
143.792398208
333.836603766
200.746288552
508.045943429
205.412586978
134.924664691
345.797139448
234.67170407
174.304420274
183.545236116
238.316540616
217.216265928
231.232022439
144.107762697
151.356162841
149.544124668
269.523293734
173.079532001
203.449127434
167.253917337
258.314531956
166.5502771
114.812261038
186.347174519
136.216297937
161.829659827
149.347175758
149.202643165
470.08002295
153.916710775
164.612097255
461.397702587
157.174251585
189.615253007
155.363623355
175.060815295
260.811427841
210.153417911
998.332118491
247.82825188
167.065338691
252.79516911
136.507860932
181.063287588
205.975410352
86.563065399
210.38280485
120.938989362
412.548179251
437.412203252
134.70709573
175.099711634
159.482389017
230.329229037
201.229806172
177.715303151
170.939652457
440.719666806
358.442762829
263.554301487
244.914178909
489.71269526
190.977848674
191.501026627
186.089873655
360.047689326
159.784023323
149.828566735
134.220559593
170.499567062
303.891358217
281.276595765
232.004222358
167.871222013
190.989864471
150.493216311
137.220634959
405.46695952
142.86051638
455.973199042
510.630360075
328.836265308
504.305734888
316.049102375
178.380301528
163.433302215
139.430942218
407.809152994
333.115377955
153.902746911
154.041961341
182.089505788
117.394655036
153.596531444
202.750639401
160.263895042
116.923040492
222.406907492
152.431105968
111.751852476
164.380280613
409.422836456
172.367158333
230.372810597
193.334143044
249.602489047
169.187306915
165.115716971
167.609901989
173.274395322
222.543507474
379.093226082
527.656800653
192.700492646
351.442187819
169.616869614
172.817851151
232.82123358
126.486196305
614.963421082
460.856917586
152.545046442
135.606309762
540.446297253
132.378146921
85.8511023088
180.125313501
163.330979344
162.325687831
152.63419229
293.390224702
123.839258414
267.190477281
551.515834049
207.952650935
910.108040288
214.439937459
166.354138044
159.060813375
180.065034157
181.461419195
202.290460386
190.505692111
143.742747937
160.496727401
154.199640902
295.33106029
148.367055615
293.485138367
129.750708678
165.062510471
151.324457502
203.916919671
221.694596401
220.841442031
279.320933891
222.919047169
181.206962642
486.175878054
200.423001566
250.888953576
102.581460635
164.081647513
327.717222645
158.451591722
423.224133955
97.7937934609
245.879976873
155.016209392
137.360629455
377.818599744
201.983863748
115.290180152
584.602249258
150.446589434
188.743119589
178.490444637
190.950030159
605.721154987
163.396124198
464.029721242
186.534572848
138.332156044
208.645430763
118.018802168
161.318223919
209.612087688
189.404432465
231.385703455
135.767175111
173.452716844
150.732173853
192.204040643
479.607776771
140.964968176
369.716312055
201.818149025
612.646515163
599.116236186
148.003182609
398.80018829
260.067476368
152.717478573
206.384184104
151.34085551
256.025468342
149.498882928
311.913191127
264.15025258
180.30261468
194.599409075
123.210650497
200.234666887
117.192427286
183.875738876
134.557526423
138.957793467
154.571327916
96.6705642425
158.458471997
390.999531406
165.943409414
506.995891304
878.341507178
173.386842287
180.029714282
311.741187618
175.375779657
253.361241001
284.054342752
163.930536774
181.034128287
146.819743559
155.49277685
153.462865581
117.357586265
212.009932459
212.066403625
114.593347403
195.040832209
154.205005421
146.311081223
1598.01217248
576.533703529
170.141136103
541.064239549
691.818684986
181.873620675
197.524139275
291.306175857
157.233979166
131.45485088
459.362203492
173.928800483
174.938090813
441.893029979
589.129009768
396.757357573
243.601055449
331.317729344
1406.08608671
166.275928139
307.307597326
179.877896118
216.18443556
253.715422653
135.820640341
273.647383496
185.204360897
124.277673356
297.241356966
381.32177659
224.377147483
193.939164774
428.354794286
347.855850333
159.543180103
309.372671077
174.948917093
188.490377333
190.3952912
226.712350245
128.58435212
172.982465026
135.02154107
126.916766006
135.574793815
156.443200844
163.758099648
783.123444476
144.237301127
178.333025426
163.698546817
115.720537154
110.405623377
193.628097943
162.980988072
203.966023956
462.142275226
239.7248008
219.38232635
152.711170259
166.990906874
168.289590198
177.129551528
129.7854897
129.734098455
140.214304377
201.384341536
170.694916773
150.811695103
122.51536509
124.315421242
251.546430145
171.279800435
204.049372238
490.390560098
181.270225967
157.306132759
145.844320033
195.40396569
291.018160094
264.97342076
168.655350443
324.292179822
199.56056302
242.930953912
174.474899972
277.060212391
348.865536687
771.804940537
323.055037323
177.028897889
189.985706247
132.681819535
222.807588157
177.646235623
188.108925952
322.088601919
626.019036325
280.051109675
218.73400855
513.473838359
141.221968335
193.087975076
131.611763291
144.016359191
228.034325654
270.01881721
208.330135038
169.206060524
399.131740558
419.963713382
353.165865687
162.034280773
293.250422358
163.955155178
112.257801963
339.576569354
144.014186443
260.838954782
160.925264235
241.351694759
140.816835545
259.260332219
434.383801561
256.361071636
199.341198071
308.753545526
134.038930673
521.780648891
199.35711175
163.812281085
190.507174582
166.410233272
222.550023892
167.01696865
162.836456604
184.895697228
130.578974872
168.68082921
202.003431176
437.956469522
277.987580441
140.676641374
194.573569301
229.410177477
232.837752361
366.568669266
160.491727901
181.630855494
577.456713662
92.1744819739
191.365165006
368.494459866
141.839093015
182.967985246
158.160225785
613.676593784
764.709861502
243.850780504
224.671129881
140.96852052
204.92694336
230.110798448
124.270159256
164.592918262
180.051253431
228.778776215
175.157190543
197.640177321
169.721617357
128.319519634
199.72465819
131.156130561
202.617163723
220.002104875
177.658624121
227.868544131
373.571549185
181.545827696
195.662696805
189.5625927
239.957797073
381.584566282
643.673805418
421.571602966
255.695661222
373.886743868
175.998251359
335.766409162
1076.66168256
212.473433298
188.227867553
218.426854837
289.599981427
168.996990447
139.498842841
191.028205411
170.574134275
172.796322547
167.501384108
159.341722707
179.408219427
177.051045928
112.999333769
302.032738042
197.653570129
159.516360364
190.850755306
140.294165753
262.256034277
225.888852343
127.506023458
187.636461144
264.013390912
159.10154427
243.067246439
156.266571125
225.127553622
124.485786595
177.755664412
216.724946489
113.410297392
130.79506657
224.44559018
108.23175425
237.760348875
199.565347669
125.869455473
532.262815279
111.725731429
193.278828017
126.091128492
319.085488185
144.78557029
497.265656211
167.577737032
528.529129115
517.950100536
174.17780645
250.565768961
154.513815693
151.881377966
165.221151558
164.879174081
196.351403393
136.24719442
205.470591669
182.351353857
145.939674119
585.340305229
209.747452285
125.717088911
186.429099624
151.16932788
245.923471989
227.146598038
178.120345134
164.766803084
249.584106867
283.25084704
353.171194914
461.166493683
192.544863201
188.834966061
206.12581386
149.391627996
248.026767977
164.625703042
152.580468025
202.948254799
116.499208155
184.496680065
165.22128535
207.553262223
129.744044662
177.194091789
167.472130347
163.664213942
400.28367408
273.801582583
818.069063288
196.259259141
239.400639738
168.872845672
174.635818513
198.845804455
167.591677805
135.298495906
192.025120086
508.738074649
164.150658769
178.559322226
172.217842235
278.209067804
212.89568896
178.657385771
174.524267906
422.483792659
223.436398672
256.619812429
185.482340719
199.258832748
159.224444572
285.720912364
167.119094038
202.34505572
479.211995418
240.719866298
180.537592343
166.15692855
169.637665401
377.866504233
169.367175653
178.917068369
162.096887181
168.689865142
188.855453725
190.568539262
471.816405032
179.596071401
194.640452001
151.073232757
214.741025332
487.528551509
170.856931313
206.278603285
131.072650539
304.913198258
209.815451463
117.762789622
547.703462656
66.0595216164
157.430021795
177.639028149
155.441117583
189.02056777
180.99034495
124.848200309
303.670644949
152.551896343
97.2085250885
326.004253256
141.815330662
199.02431775
350.905055446
129.585767916
167.358951871
259.39570075
176.690071296
174.511171257
169.935263007
155.308761937
182.166777167
185.697852206
268.248946862
165.989977447
693.487070304
173.270508824
272.883869779
151.299595712
168.268342576
174.622172059
179.26012716
160.089660373
680.747130537
152.83852964
232.143091118
182.018051055
156.945899652
165.682324775
441.355238741
188.065895123
281.316196796
333.849411734
139.141867434
183.049190516
103.508166585
132.852555897
328.094979419
220.77574955
123.244177996
251.51683945
186.200222533
146.360404432
169.96536852
171.812522737
532.481312237
186.869799428
151.008977945
149.497737467
319.179410352
160.653634877
233.324035149
290.74183045
737.645167651
267.179116014
167.145970217
136.65254386
199.297609913
201.632167714
132.391760651
228.435032424
395.666308517
744.747602591
408.180994832
498.407679433
1245.4609641
236.438687915
510.088683564
139.897318223
132.350299378
244.148068863
160.340709939
187.875090268
226.859008238
172.963827078
846.651956372
159.048211932
320.165271706
161.558597163
163.700123076
159.142997728
474.24994823
657.292248189
981.277277686
174.020128818
164.695193474
294.65785182
138.009033872
213.168751419
171.648246832
146.990104049
153.454972381
259.876754486
361.455055207
132.949051815
160.453616334
323.292345542
161.842873003
342.464990978
228.523434712
755.371013567
452.51003704
162.650901432
697.301151274
223.560182327
148.243409972
361.625256839
439.450102287
341.312701282
169.321458297
179.0209231
150.898768688
159.792608899
222.348262766
90.6258726404
163.204472046
664.739589018
172.275753301
166.5582674
211.52659492
521.668848631
304.655249318
203.294769426
758.664786027
171.802933505
210.611755653
520.287122302
451.25153327
76.2949315122
245.093134788
164.257334397
198.352286151
150.09200026
200.304175939
139.089957643
156.544634294
630.986507065
160.702562145
181.123821966
150.511813103
137.502659442
129.776061075
499.988921156
220.556762818
112.2953955
340.949647376
185.755177901
159.582546858
258.286441428
229.528814195
301.426953699
148.91734241
160.390839523
387.342610783
212.523386594
242.632380967
142.264886431
221.592768187
700.623882897
167.356831219
305.249080727
149.494199497
545.474324211
445.178329924
177.46694167
475.708913756
290.306794424
346.866494156
316.233063452
217.33609695
178.864565279
96.2537758661
280.604516838
170.39670213
168.003858142
163.326461763
341.205864187
133.864372845
135.229499156
164.537562906
136.014273094
144.550347476
242.32072876
222.876088515
354.675823472
123.027811071
315.369021978
200.763848957
260.585377615
632.564712156
159.644825711
153.360935642
148.949254576
180.953609955
181.267190101
164.436850402
181.706464762
170.891543657
167.485666703
176.269023023
256.921912831
312.957523358
152.370622826
275.806364974
194.237189985
310.75615586
143.033154443
310.002555492
231.699037819
300.183813871
132.274085291
485.168241417
165.968813436
200.387039884
299.24084892
144.846939128
259.38904809
163.747153383
379.018652954
183.572957961
151.917679705
175.206527941
177.154766754
391.266896056
110.516203286
160.924297032
273.361483276
279.543865693
549.484101033
120.85198105
534.210729818
158.331446973
105.378320472
311.919025042
155.003512276
211.715117327
142.565929398
145.527370502
201.761083187
150.40063917
168.866816325
468.200862521
83.4689890923
184.468657943
150.668486141
138.44721807
165.993341302
363.419165096
161.229213893
245.996198645
170.741161588
367.494268091
128.818118879
158.541349195
141.95713323
201.382138896
249.661907943
349.505208116
470.75847199
166.467948247
239.77520716
206.022403065
168.440349562
311.864667958
200.629829171
201.814429545
291.952858211
176.257007826
160.260543502
266.12087843
221.463474056
293.599987953
200.536891232
190.514855794
168.227419671
358.730871421
306.664041014
82.2849551799
156.862338495
159.171395712
126.53254163
141.642252546
214.375687921
187.687012451
180.619648954
354.660296906
154.508732176
396.899671878
406.515720362
358.160161544
164.831094648
157.275882298
284.207263187
626.82986782
154.404471082
153.244167191
299.553157523
357.171560202
548.622965221
179.299514446
112.044656553
234.736609765
298.3981026
170.784060535
160.14739475
133.998716046
125.194038461
297.537326115
349.713016937
201.582398031
284.429388614
608.902914897
221.130107118
168.702490979
169.605399537
157.544716441
220.67763228
159.613836527
167.759302161
194.935012037
156.906619532
165.828712508
168.777604666
181.014762592
379.332329113
321.110243276
343.732006921
182.868403657
1233.77771784
462.671745897
582.707170965
579.04398837
181.347605567
171.864976264
370.724711683
149.561347566
203.736190625
178.6074486
735.542753303
136.00444309
392.786438853
148.962537151
156.512964174
174.28061718
178.274617122
151.683595473
675.27081521
188.316751617
175.915587852
141.093684788
112.032958336
298.627921938
170.938411669
107.080287294
177.840081874
198.510974152
378.05403479
405.261308056
173.212347932
200.109159637
510.123225638
354.849855165
240.260791061
149.323739211
477.892721036
1011.07145734
169.31203015
753.36763059
152.719164342
130.451776239
215.033137953
247.290207378
140.59586015
186.774940266
186.142705486
257.644644087
129.412224945
469.223884318
200.788045926
182.649557905
165.663862344
166.279839109
209.185933859
164.36354446
168.751685254
166.426296464
229.79923143
174.440539891
169.183828847
218.508653759
268.465559612
309.369414391
247.412448863
161.640447879
121.970038732
229.389520225
138.556183741
296.074630652
1312.26649794
215.046009164
572.976322235
144.807360789
141.358259959
694.686116372
151.329853062
264.982341662
283.083246862
166.501753618
251.161939974
121.814452355
277.927034827
125.479241781
392.272044607
221.090121634
180.947157741
178.01769745
297.00517088
212.256675664
177.972418815
137.656315136
169.21731249
160.549426016
156.716297269
645.358771462
139.811936788
192.813360694
249.688899508
166.206530632
179.095561133
162.095679519
157.073623886
175.863129689
549.206581822
355.080556392
643.556514015
136.649348113
183.206184712
220.894137942
231.042441991
192.668094641
184.441432965
108.870590334
165.530314664
179.924567545
410.914580847
148.984386362
181.696793049
153.725228619
292.3568865
166.894821638
151.875293103
523.886518829
208.887813211
173.866166559
241.760486916
120.662482064
193.60562411
141.881017527
468.42420273
226.56646581
131.699599508
223.674380551
165.294521665
238.696091101
132.515255342
153.36393714
158.221771925
169.03428685
155.38758028
133.331228681
417.381913907
264.270513629
270.166370243
224.247395656
342.759899534
148.001983622
221.571073018
178.993582747
229.83047711
152.229229537
161.084579128
322.059361028
246.073474796
222.211915774
210.275404336
253.353674167
121.667182689
175.879453828
185.292405339
268.698537214
382.362354725
125.541292321
670.85820325
178.938235537
146.923856769
191.76667565
122.588786195
165.283859035
365.769074102
134.099780561
437.710997232
194.92182822
180.141822705
154.830109946
151.834621603
215.913813203
165.389980545
484.315528712
161.464468746
485.444403338
166.521219989
239.189623299
147.298980628
160.576459857
180.483468841
143.361608919
163.508938308
180.522829286
147.140080776
666.214867228
167.214444577
160.587262568
174.317774072
243.024178053
141.825575501
231.005184659
525.725988989
172.54619336
245.111839255
134.20173381
769.90144712
102.683672805
66.2307768372
138.353354101
205.936788932
168.186831604
274.290801003
153.669173892
178.082963552
218.878250547
113.504844722
164.662176325
248.246710209
186.829053474
158.793303279
171.587901431
350.895947409
201.731730731
130.697905683
235.195455182
404.213314791
141.270604546
228.820213732
81.1787485487
128.806076503
148.577605533
694.779332242
230.583905963
203.427415215
252.452329145
247.228849534
157.831622047
341.670575508
172.065099302
242.307961645
167.146330982
195.998867439
204.314430025
181.09168297
168.944647342
123.413202791
276.071405425
79.1771817701
252.422292619
626.673155303
392.897406757
497.01474269
188.524555727
180.042306991
1781.88411273
194.384563604
177.337521873
371.140543252
151.444068173
437.899152293
157.487143561
201.949234481
265.116815618
175.978273009
447.360175433
149.728018124
144.546934368
235.498676362
244.636447689
458.377256973
570.644017446
110.114858521
144.512274171
142.623098261
871.897943605
220.823427309
122.964838355
458.656922437
174.753916942
223.41811384
167.035854465
180.283884178
123.715467982
170.00259248
457.55925545
161.519627557
143.418172677
209.081817083
299.604411886
165.082092854
148.388636539
157.902151341
164.31216874
163.252773025
175.894830183
169.222912317
167.18192278
155.514738143
316.502552212
179.197230153
192.292718057
336.488496048
97.5901811734
184.976428547
189.734808222
257.926448901
156.060478572
211.845333313
145.810901633
305.443756778
273.746311761
179.511387387
327.489739318
168.315965361
324.253621341
178.733673735
1045.63989415
174.974751164
195.298530498
288.534872367
150.021326943
288.517295261
157.688051108
388.925226436
138.251911225
185.886844507
479.909239357
344.025683693
146.758010803
212.937984524
170.136946937
381.319195631
237.326239731
156.076066147
192.177755577
311.552772514
161.183950359
196.51022516
70.8348104929
172.322487459
125.983431886
235.921660615
196.145844348
219.892054962
242.40886243
169.782592273
626.119474939
384.928271693
244.445558109
166.297681405
142.746648009
148.703708435
372.502448192
166.783779351
363.17804507
155.920483096
157.084918115
332.887858989
218.804977799
