157.818099027
179.439625967
138.332079985
177.496097642
151.078037754
103.255425847
147.631654362
151.529538774
92.6390855685
213.735684299
202.581600254
262.53648309
165.014080543
430.608484372
110.54126779
574.664953187
207.349718827
289.303856953
203.159102172
234.022074823
141.984258276
108.944025601
165.803577329
248.125680574
241.595186903
155.575515668
139.084456756
227.683836598
123.818580563
132.946466266
500.030905962
139.644191399
266.103045858
129.151273825
235.368000146
93.519282431
173.955684237
145.005187367
310.327223748
148.044615137
180.596297976
158.955858549
212.688696506
148.502983209
128.81200062
179.021883137
115.978465501
121.79206863
141.880864944
145.829598265
120.758380314
143.256095117
119.297864046
222.033889436
90.6506329237
196.687353266
221.003019231
230.712268657
251.751055718
159.883887405
144.097026288
342.064346464
169.753650749
141.950085279
168.036076731
173.744220952
124.545647412
228.18306898
128.631904652
157.672237734
166.175901914
137.490253694
490.463279524
122.706548079
159.639129793
192.599837361
132.660084385
215.205374744
96.5482058482
347.09303662
274.264460615
139.097266653
175.420287412
147.39209996
338.477289279
148.680937351
155.698779505
96.8086101722
103.826066682
373.398780374
168.171580101
158.133755668
213.419231771
70.7391869828
169.503126338
124.542062326
188.005487077
138.499310922
143.131600318
161.650757259
182.829281811
472.666132755
82.2385018417
144.549910484
160.898185393
143.888696719
122.442192258
129.545713965
180.945178459
135.7325545
161.444151223
54.4378234094
139.566089468
103.922227786
206.95537424
64.6814964312
144.013023541
347.554885135
154.04098484
229.030224045
92.2502584849
109.540283095
96.1525600296
164.775828984
102.782527432
73.240499803
231.648423384
167.672006602
108.558721414
173.66712554
127.296768888
176.376011342
239.391043455
198.313578356
147.996032729
201.806784055
165.914823326
187.912905754
168.842903073
152.559952169
436.605945052
124.170748853
77.4109483803
301.639480157
309.759833191
141.922238769
224.182931155
187.151771355
108.705952954
205.317309101
128.792370084
135.852931637
122.368938629
104.022054388
96.1707034178
85.1959400573
182.840798556
167.730048187
168.692206984
91.7381877251
181.353962997
178.949332439
179.792105024
72.659699958
156.345066423
140.225989277
186.051792892
117.127755885
176.027431792
129.249318528
134.822453586
178.873468858
176.609601791
125.891945843
246.199918775
198.10932728
232.293814885
165.133489576
115.522757923
160.861650142
402.646002245
133.693460633
273.202634424
121.477520012
180.871223965
215.023635786
201.301990189
146.145559019
77.4196062051
127.065159987
120.704168163
153.686808614
107.852014583
163.022542788
172.025626343
75.1918432742
134.166152676
168.546127682
870.426129427
188.656173133
249.548300923
394.083288224
140.29271071
113.007528466
153.296238384
163.153955049
188.685706029
151.147151168
147.429083163
303.454773669
146.559856862
310.164541886
169.740426456
170.045453719
92.2653973639
218.242012987
124.290097613
98.0995014756
272.186036195
175.390309104
113.526078556
198.148488763
208.602133578
142.426707249
164.66045324
152.315617729
160.14148285
172.748748694
183.698010402
86.8629373318
95.8929980586
132.977302026
360.150694287
51.584340997
118.140033039
254.309814661
127.365751232
95.6751833664
207.426337289
99.798238816
116.009084746
124.775389077
169.471029629
133.665040015
144.341718842
165.051971491
123.305101077
126.825116087
117.885092041
366.720851414
161.707126585
161.0786567
155.762645288
159.193717954
158.748675131
152.656601705
218.723708795
126.737770834
155.529451596
113.632231962
175.236069561
495.896419298
168.231238928
142.09568201
240.114578168
108.492440214
207.955520145
175.68672583
138.862241372
930.664211818
243.194352775
209.519244242
151.453767203
140.439052377
55.9017308982
205.059700769
191.567393267
334.491652904
208.861030261
167.020901937
76.228372441
221.808095527
156.479226544
296.960874783
276.608036494
245.292906958
155.992105757
123.428214353
172.823572886
175.098574497
118.942009808
156.173953647
162.267110452
97.75245258
131.63352461
130.677546799
472.187627285
323.233572553
115.591917605
355.918919363
69.169676062
159.80229262
151.31932786
137.222338938
207.972202231
445.462351818
176.178521511
71.2148394636
257.366390697
324.513230516
142.764698604
161.483074708
177.765717105
118.536493827
164.164459467
135.318539377
148.291967394
159.031236307
325.053660419
829.211196048
190.719789459
136.783437552
195.395980051
74.7449564874
157.784243469
88.5233037167
131.479032688
208.529591697
115.783660556
92.8623193508
192.741136554
413.115613729
162.417412887
210.502889757
187.023129116
152.476304187
492.845125384
111.35781576
192.539739366
123.341328345
157.667877479
149.205062469
136.248935879
225.079456681
167.754819762
104.45961609
225.770974737
290.659660061
277.20106142
127.073917637
241.241957614
295.237723001
161.690387589
121.910544179
324.749452505
153.671290568
155.163933731
152.320259879
169.120583223
186.059930492
115.705031301
175.08456987
184.353417005
111.410957199
166.403377601
130.710484205
250.934131305
58.8086136764
145.13913567
92.9170504492
272.148730159
107.118938347
165.26853954
451.154100873
295.628023847
173.668580109
63.3689633542
109.510318825
161.593586423
169.888051948
104.958313024
61.2390066013
137.588815733
340.914905764
196.307206632
209.674091281
299.393619999
222.4077034
119.075111529
172.509038465
216.77535717
144.508851134
169.366368968
158.501232918
152.474452829
179.049165362
143.827706914
138.648415866
65.7386857983
271.209977156
173.496420408
133.394302839
227.58179491
94.5438506064
169.947404025
172.733808326
155.462160301
199.778447685
76.8348890888
106.061066342
93.2384367543
113.132620907
157.438843888
192.111966896
207.08527709
194.110536066
285.716924897
219.956248014
165.310131058
220.41930405
137.923975186
192.332056385
124.73693955
90.952553554
161.310095424
137.235945238
292.702120695
182.609970911
134.082917794
178.963760807
232.300813378
224.859499282
661.329987748
247.756891438
100.109330248
47.0396635688
169.759138599
96.678618666
125.58404657
134.002733538
210.887588619
366.45266601
160.536486021
157.125815096
147.723670227
113.910227458
199.308268575
148.913487597
177.749478712
124.664908651
88.3614648989
189.505408526
384.470720499
262.84478614
159.514222208
495.333493102
197.291537154
164.73954838
221.570498673
124.640833984
163.099369833
115.658663538
133.0136604
178.67559708
149.882159579
110.27152035
247.561080607
143.287272023
178.484614026
99.6739516538
262.303935365
385.884688113
167.956694266
169.699890872
344.257273243
191.363542929
143.924956224
102.054601398
123.709241463
87.883350632
149.092816173
179.453786692
45.8177170344
58.0252682838
206.074445658
109.961435106
562.41044538
228.576538696
154.017503522
210.990284212
136.469824697
160.009249911
525.404642429
95.9726600897
134.086696159
299.343330638
148.656857569
131.57808349
284.934003911
91.8585102795
175.279972893
337.268740558
162.289381334
160.254891247
174.066287573
62.3107087279
171.28708346
78.9029813677
136.129577703
153.327566717
190.78479134
218.406910808
178.015603144
156.765571004
149.189007241
182.653044538
167.739522768
516.873922389
192.320725014
131.713154764
190.567263019
175.618801236
164.76141677
123.422780699
168.522533017
158.982883496
164.532684923
124.482572916
130.256512219
267.439618526
254.254556802
99.5036764544
162.381060393
218.309056842
135.429631093
94.3115034387
149.228900576
143.233375163
214.876477605
165.581335173
300.74265197
163.218614439
267.04743214
164.19379313
178.592406357
111.832353276
156.741949596
284.091308937
157.933716649
169.861244052
190.240593729
154.119706359
201.447307574
156.323510796
120.426163125
100.781058894
105.352456704
164.18342169
116.549275586
81.6548469934
247.751890494
111.213852767
143.116384225
121.463314614
228.39115037
225.056928209
102.600873737
101.822211331
149.546068474
169.906010762
153.649177618
114.001537098
183.126725448
139.405011666
47.7317869605
345.856613762
194.344808683
188.618912314
141.053553217
532.522566167
64.5476857713
171.654744412
130.020015886
211.110282948
284.046375672
170.485520987
563.25306491
111.539071943
118.279624162
206.212108368
163.536698699
165.920947904
187.926678031
422.249754319
91.8861055548
147.928967476
285.557472241
215.62168439
91.2663189316
90.6524206707
106.585924556
153.474581769
118.70721687
175.345227824
213.497535344
104.173818274
206.79149063
135.001396019
165.158328685
157.987016998
338.230864355
243.575880182
216.224775844
84.44744822
95.3706694258
95.411177716
731.69901253
159.869956593
120.144148355
101.250087594
129.033566544
156.416424604
169.201940994
153.047485088
171.316235185
212.724209837
126.654372065
114.904036899
122.909087735
73.1703982795
130.079776796
83.6799832004
442.212714713
428.043558783
96.9191868669
199.880551219
252.957014075
239.81902697
172.069581049
306.911498602
162.013394543
79.9825531579
79.3376454837
95.2895239598
144.472390549
122.804653281
157.739618311
169.747526849
152.708651183
148.129641617
177.554746794
239.362923081
503.933230134
162.505819467
254.106730105
242.46944451
183.322374584
122.797355164
137.493059498
209.848898584
140.320123534
171.887341158
281.415255031
175.40028847
255.903685908
128.55439733
214.003295275
155.874349379
173.756002385
174.701697683
176.926758773
159.569684815
426.603548006
149.447317664
119.425286837
137.966508728
349.423861022
164.267892211
209.941354717
130.272698383
463.634919706
197.419139171
122.560209577
358.129340622
158.635897176
156.466960702
132.964818972
163.915511877
201.384997545
109.639809882
145.488811892
178.212997871
137.427025387
144.574767944
179.077640922
115.861354473
141.913444167
120.286764695
140.711769277
169.262891989
132.785221671
135.90337693
125.654234969
225.390099468
165.303671555
123.321235176
223.633434223
166.291725489
123.849215425
151.316873406
162.55408951
176.730994329
273.545487045
891.707429264
114.23855356
252.622649943
200.338921242
348.906251406
165.569524149
157.056048003
138.716396444
153.331632373
680.53231759
184.375097514
132.575365154
172.607603178
163.657195139
131.821221393
687.234584964
853.685511133
413.257258653
119.803152783
321.866090248
114.776599372
191.374767502
279.239742285
97.1116101839
142.075778344
184.050576529
195.882919916
169.94614264
147.681526568
224.088904427
216.729157156
133.892672955
209.414529745
551.757430973
495.875137058
138.872898875
185.906202634
572.668795443
165.74911148
191.02240274
203.822300667
556.999283764
163.23264703
218.678328299
153.012991651
257.143214669
120.696237392
217.585130622
144.171752231
144.880907205
329.845589569
126.93246953
157.007095689
217.916550516
108.780477439
174.472173886
212.656160476
311.68917959
150.61188151
111.951010533
299.701402627
92.0670316946
94.2596142538
160.394727757
131.828550853
209.259192548
88.6512683872
172.733726108
219.658724254
319.257564226
172.672919082
185.677246326
60.7273185211
139.023536427
225.05190785
147.83902271
134.200682417
187.138426149
256.768683123
154.703006216
158.645973069
146.036372243
184.550271028
189.250755324
135.946724479
72.8119854313
176.16662748
161.704421259
227.732853163
166.989311787
137.479378787
163.464642612
187.428839372
80.771029861
132.184845026
93.5664229951
172.418828237
194.526001316
241.617008653
232.403111747
226.216313694
229.713486097
198.98651521
165.543262554
201.991199396
121.376039283
171.147910474
60.272150354
290.296735434
146.602127395
85.3739929036
164.761978483
173.063280291
161.405085762
261.901325941
98.9731384401
160.438584112
99.138668448
275.351860261
156.676968748
237.235757138
184.104228944
324.395255918
89.2849085979
468.898520353
95.4119274714
82.6606243862
203.594417393
71.0098110496
332.767132724
307.859748699
151.315312564
145.426016269
164.022870875
94.2652706769
128.903800509
195.534000908
121.390630627
77.1926926757
155.809957135
251.927635058
147.659552506
162.647649091
84.398926776
375.744998513
137.232624802
261.070822175
180.503395394
226.812156129
81.3307506487
341.47303049
325.600874837
118.701797879
258.121713023
68.4269054856
175.530050016
114.936281615
115.583628882
111.927107935
242.001385067
164.819766347
194.455559029
256.793624595
162.52585844
187.495056431
161.41084753
149.678149548
171.30558998
395.709193558
237.67497866
176.409138851
128.663003982
123.489328573
152.063449406
368.067607215
137.975455566
75.987124406
142.618077047
320.34896289
188.077801662
195.898515919
209.774637928
133.579707064
182.791966508
156.461351037
55.3325407803
129.776803483
75.9304713997
91.0789129115
163.5337691
114.91534837
156.188287957
180.583363939
80.3940627487
181.827389812
104.592567049
198.897516451
149.285279692
160.72128503
144.176733536
197.719915716
87.3587605107
152.32403102
248.49834481
295.381221521
157.677796683
169.21518195
166.966889719
212.182688438
165.160372484
216.968550486
136.042218768
118.497126677
138.579156532
160.611187354
155.459745719
104.058971327
123.200824056
130.699510905
112.435291164
192.763713488
197.275968618
303.63347844
265.36167093
112.834347643
110.551986024
217.815090936
75.7190230648
285.862304711
176.068241838
158.837759864
189.005752972
169.528821646
159.193617981
141.229482206
91.9185525154
132.155683887
186.735703567
215.220685185
130.05126062
180.848137531
223.611332853
205.159452081
451.823895172
73.6826154888
211.635594541
158.224530816
170.32571539
95.4750604071
169.117847337
117.0202457
235.175937098
197.934425362
223.290455497
169.104102621
136.991338492
216.365708526
119.794216879
132.640764323
964.377254068
127.797404253
185.21671953
133.373753085
168.097438063
123.746563456
463.700129065
126.24919539
52.5141579073
276.255015224
75.803321102
120.652612027
219.053561988
77.4425325335
113.683000082
106.944404186
502.947047325
179.036373469
291.43468361
281.421796386
144.099203997
164.769473761
145.238238256
89.3042134638
104.257375172
251.914636417
222.860141958
155.497415494
158.863212268
140.528248453
123.426909291
212.594284775
317.149426778
108.893433607
179.311573287
181.854782066
180.648871935
141.753154014
123.762182149
347.609164447
123.054537904
110.570576233
113.821239847
182.762820717
88.3779645832
415.342400306
199.10075665
162.930120975
85.725421045
623.240536859
126.086920953
186.425507354
149.762824157
59.107154232
348.351222196
159.957217031
128.77577425
328.335166103
260.924949302
161.411483236
136.480636477
102.096579206
536.559059182
198.209266843
163.105816234
93.9300687233
149.893247258
92.1790815144
274.866186409
534.013278715
216.834909253
252.312514147
108.735574892
124.539827938
222.71888845
447.456061352
402.93826927
145.868272673
121.912928693
160.21210071
108.194376438
195.978358958
186.983289399
85.7336065229
136.797813503
189.854506868
152.50679271
200.552456921
155.841251816
187.69625094
62.3306947288
166.137267305
123.200871483
295.289187608
129.834136066
226.54063314
216.415638166
173.090892014
155.425847527
169.767670814
140.668632574
409.475437456
155.529402247
298.92244982
143.777365281
126.262614959
95.2503156364
189.673309452
185.982938128
130.212968606
75.104364271
220.026565354
152.366821877
198.424759582
208.919257115
129.443390494
150.191022965
134.257573387
212.711181758
167.710673186
177.649913469
198.479157848
93.205924447
158.494553612
231.981584478
144.613165168
131.315082191
165.778977747
156.71694362
136.077131767
124.798801409
149.780772701
254.623988719
179.96009189
138.578393315
137.075743969
56.2204652335
156.687990041
117.353231001
268.347209772
176.139756704
161.4729774
161.26406459
71.3852043939
184.819340362
98.9106541358
504.019562561
364.790460815
101.087004519
126.424242258
376.6862318
159.209092326
164.702412089
244.585174797
186.518751935
81.1347898307
194.443163808
95.8145363814
161.097937829
105.232258646
209.507945748
184.249713962
60.0555495365
172.915442165
141.275435911
113.287514204
302.504155808
186.535380524
184.950164851
86.0375595488
89.5490120793
176.619790917
149.29505741
273.466914728
184.024247991
125.320268872
152.627938722
182.275465418
140.451245402
140.037770358
160.47036007
190.268803597
104.184040801
196.75364032
161.688547145
152.03061601
146.016628474
141.098561596
209.659105677
118.489811056
157.529762588
129.328189282
218.618971849
269.120466565
170.763681827
464.045067529
405.880125732
202.897434329
209.680658269
145.358072849
171.707035844
165.757258472
718.252152051
137.640025398
156.609505514
248.104198304
300.947151873
254.383814687
151.907038017
152.960425337
235.382959694
122.176858626
193.048044511
251.286248233
170.548895929
266.384045373
231.038226743
81.1536692181
184.191267696
136.868156142
112.035103533
163.615694188
357.951996778
70.9780381559
447.416903973
181.531343394
119.060968928
323.445203188
234.658408843
133.995817279
172.822269488
160.584082492
196.10731529
134.921399836
242.706925787
275.282497911
198.276253234
241.255389381
291.507906316
265.151374958
179.634702817
177.046091853
75.4625539044
134.994848464
214.42162116
222.324348325
130.081411494
164.603070304
176.697664898
273.56304137
337.580445094
103.776877996
163.420442138
169.062295619
129.518402082
217.974601082
147.351840084
158.96188938
110.569233846
340.598990602
212.938319635
160.226137695
173.848608415
105.332918829
125.93478021
138.236776643
166.551385398
503.62480962
164.903921338
124.107318387
77.3104187574
193.590503266
164.34855728
170.78163712
176.702773824
176.642171992
170.533819576
81.1873851646
257.426503803
121.728845053
135.921808236
452.44316103
188.333161419
159.079300515
164.201186311
131.274703837
145.718313911
254.697257118
220.528005956
158.032707074
321.170357168
165.816834341
118.47521866
197.879533742
193.081681839
168.714688164
195.527952106
1670.22502098
100.074270609
53.7449159068
1063.05853801
139.895640545
128.494287326
164.186378492
604.443082397
77.4562030814
155.19520747
155.423488097
157.475632725
92.7046310968
111.660735415
157.392344105
86.5081796896
190.602774772
167.13477131
162.251222782
156.976675512
79.0806966936
194.133650978
138.064469767
168.315198518
140.907804222
216.670992009
123.496942523
130.294499648
97.4026668144
142.72762357
125.696174146
132.367756047
108.330545884
193.737485335
99.9952107673
68.1947658368
168.597533169
209.544994642
165.369373972
73.1449942259
139.578652602
162.59426626
247.721422735
216.060783844
130.33315119
174.492573991
232.04113999
187.558235356
181.753784965
219.097826941
468.841772275
143.805147076
142.192002563
151.735883229
187.000078721
241.096421417
544.319705612
136.914094818
221.790576532
134.041482592
94.1975859833
738.339719722
186.54801345
285.068187585
193.332310765
185.757222644
98.8860595295
52.385407407
142.920437947
129.858883999
106.992466636
109.139129431
161.424233706
128.672755656
363.469793075
217.865637505
217.431146866
89.8494358876
199.961837787
248.199397721
131.109748916
810.170879221
219.214178883
121.868052978
221.587041935
150.515089284
170.329835715
343.685047732
130.372331605
177.297014813
304.687782018
149.227433817
751.450765858
191.220492528
62.2829434998
104.43269409
130.259819574
320.673495678
126.06053079
198.523241647
195.154364553
494.77433497
153.348085974
91.6313722408
119.401973585
115.679101816
208.015000301
272.98517273
180.625117985
263.132600261
755.120282102
97.9160688124
90.4971436342
122.969240626
162.123153208
298.775061396
143.553138103
110.775544362
92.7475566075
147.581050989
180.484068576
243.440637686
147.834740095
94.247690227
138.74197532
157.983946431
165.650014596
118.475693612
283.75214005
204.669057717
88.3108172782
113.060132191
164.174417733
120.68758629
209.762977404
162.443451115
86.4916864933
281.452872026
338.477615104
206.543351869
129.886155428
258.064196182
198.044448725
206.029924411
166.076660334
236.418657148
74.9422309195
232.263687328
160.308733171
179.245487111
158.278575018
225.208612086
132.960927351
147.464434231
170.886869038
385.937797793
216.258289282
320.88115258
251.72802052
107.320864729
123.594123798
198.396992648
143.243399282
209.810467688
227.990987748
126.618055783
84.141729978
325.851298878
118.119902918
151.789666603
277.634396876
125.72445541
261.414716967
84.1813048472
133.266456711
673.370151003
139.596173608
157.461100557
146.123970733
95.2011461869
242.486236382
257.187512976
188.826440985
104.473347302
149.099242971
149.655940675
307.685249663
88.7817285966
76.1653713343
399.224327996
218.971617932
211.863011076
116.722365978
94.3893888894
221.777778887
448.889548786
99.0850361575
96.8597805425
231.904779272
164.320454541
155.432348983
130.809637223
152.301239747
201.012260876
162.209510797
300.129865883
118.176492571
246.584841146
251.820758779
124.371056204
186.563297002
164.111106824
174.703505034
197.278767801
286.636360858
133.94661085
146.371731243
168.36834271
198.090576193
66.7269142041
275.101689694
255.319065674
86.6653985034
140.969045792
341.776662132
163.164244695
380.836662961
312.735873497
177.139154534
130.304766472
217.132651785
243.985135403
141.565730741
99.3972831677
88.0941823748
45.4525518298
81.1837014922
151.093032097
127.013848313
181.65003012
132.638066723
104.122680428
112.576048751
125.866468951
99.2548987815
149.592377104
126.089602709
150.004429748
104.697252848
179.005580013
175.103986119
130.7732268
158.690278479
319.563357288
373.347670431
106.970602863
162.950034421
285.210189261
113.291674827
152.292709752
130.400876297
193.995284172
173.180233483
354.64015546
196.148974276
279.419033282
129.831168989
494.647373992
136.873979014
191.859179016
190.921803741
253.465310553
181.00144279
198.274512163
138.197283134
162.611782444
243.91457567
196.711365374
152.048245249
106.071232215
123.797634559
200.80346033
207.068107611
120.794141503
111.629621859
229.315948443
211.315974153
96.0721321717
174.770451489
226.970767247
138.141158521
135.224103717
176.271626213
404.357591247
110.32327011
480.471407001
159.028005026
189.187941238
176.565778374
141.798208996
100.451187153
205.209785068
113.965247942
161.021139444
162.69691066
102.832842564
114.481946942
167.628162016
143.85364319
184.71091197
282.687099664
77.7490327671
132.972630796
203.799709864
61.0128179433
472.15631127
136.035612228
100.378985024
221.68579075
166.045194082
190.64339392
568.523586241
154.415289299
169.112259003
104.385021185
233.982067718
469.587425256
97.7762868018
301.308310063
185.047830177
155.837862488
53.8905264097
102.491332063
141.370329988
166.494887852
190.374047597
147.468801129
165.133624967
141.369504564
187.999266493
141.177403738
164.442313302
92.7909768755
204.883340636
175.440270579
223.743111731
156.530542295
102.178055656
371.074151915
147.223915178
189.544449975
164.508829431
196.359671331
202.216431098
108.393077479
122.135673157
160.025140817
170.582732156
257.113789296
134.926193189
76.6464209107
142.701908225
389.962607878
170.321286722
114.800258528
165.966466957
180.217975777
256.625285014
123.020819515
106.960497627
157.610286831
113.007449367
389.407492073
176.428959277
205.494667332
116.495187632
108.66169621
73.675892193
115.249225107
125.861627141
204.768593859
82.6217646074
89.6563292327
144.473516357
162.399955847
200.511945583
216.135926587
229.281357571
132.414884225
277.589269165
103.053004988
163.016684033
198.375659552
383.539533606
234.509810367
336.724837894
209.821341762
235.190908341
559.542887515
669.589841697
162.191497873
152.334189056
114.498947902
150.541415983
122.707094013
167.364141525
107.603458956
156.498377725
173.624550498
99.0795273399
89.9416924157
160.059136226
177.63427585
502.312332152
391.17839403
175.539269432
153.119876028
189.396544786
93.7100533481
563.367952327
220.775423843
113.325145669
152.157686974
168.105514331
187.984578523
108.600345558
242.158991989
211.476205686
164.22815391
56.8101087144
106.169399792
117.992264274
282.570297545
99.1775382025
609.719565681
383.060409822
172.564706837
179.84358323
124.935901759
87.1169759316
110.979301218
114.630979183
90.0267415098
150.816609089
163.487415978
179.087785824
202.66481578
118.714292048
234.325428395
144.939576193
125.375648319
187.261098715
166.291353657
549.274029056
150.124051408
107.557745564
144.641408479
84.7587973324
67.3995673587
209.964282024
177.083080434
157.939794958
109.866390492
197.292918308
240.458313158
109.838825949
206.018858194
127.338492931
127.628568216
215.38381609
256.032811473
53.4352305917
300.622780193
114.816537485
346.418601226
141.196935535
614.322876845
130.385982065
158.695834186
201.775894195
151.121277025
145.345173611
96.6141437578
141.815747916
154.835333046
146.848269824
204.635015246
221.104484177
187.663898499
286.200446901
173.483946394
168.620943953
171.477345221
204.099316572
140.674327353
174.132343449
183.331697557
573.850046763
201.364065736
151.135530661
99.9890496708
176.41555928
108.044833174
161.986692668
405.206388279
153.274820716
193.202545337
131.907739618
193.689601103
150.772976824
86.6889705803
117.669713325
225.500439598
189.859198561
143.484408618
201.755563034
202.791047474
141.354952621
382.805285085
109.191197559
259.438296659
217.674328688
360.708042457
228.373074227
206.058756062
221.474064074
252.551097642
163.567578907
426.727049273
115.072125204
227.16193831
345.827536583
232.648000859
232.559160176
201.463050741
117.245884796
185.566492271
108.600598022
142.207629832
173.699275575
67.2442478524
139.491087793
138.397267977
149.488030488
265.877785874
202.983506125
137.109079669
132.844553096
206.213048969
191.805786765
86.44195587
138.503680296
94.718589433
261.425935973
154.011787691
483.810135099
163.892130209
137.683775263
161.483868554
172.723959458
100.923586517
178.262805475
161.88105538
147.035066994
142.305467618
218.309858326
82.9835759653
189.810585742
177.265325796
156.43467183
144.098786775
267.977265253
244.226715703
89.4450855699
109.769952269
83.3951145594
156.088333741
199.251578944
159.145873424
170.153090618
170.71765178
907.122647771
57.6083587054
105.05869395
193.292483962
124.968517256
101.191688593
164.252490151
158.498034069
115.183768512
195.173883496
173.43896138
549.745020051
136.74775833
195.273058413
241.502939644
203.072128092
187.8576381
290.023597433
130.883936164
148.725683764
140.722020951
525.807270901
143.886705505
153.529730423
152.665983588
134.741915071
78.3117832943
148.658219042
220.653066311
135.052285395
200.911686456
131.371653206
155.111901604
112.786080788
211.743794992
170.646054441
95.9408818923
558.030482531
183.231170433
64.3254816235
207.872797426
467.323715026
156.847689728
143.380875566
171.250462236
247.278245474
315.832271666
197.192081745
173.656184368
267.253831139
128.614400205
153.484440547
191.24178582
92.4682404501
123.047096043
220.149995529
214.017027258
258.99753436
136.837333004
280.368239867
148.679729863
122.713832483
253.761181977
323.971408513
212.138269182
131.413242272
229.979914925
129.927195919
224.082324445
150.025446909
199.836065858
175.777028088
177.43483657
152.741534579
305.703616031
84.9417562203
168.437508454
175.905017617
167.153296993
142.540286343
232.764761698
121.725406996
147.391668593
458.768644374
145.463956206
143.902505432
179.091131995
124.463345366
101.811418333
307.47348805
160.9237921
164.154398525
302.025203241
445.993065607
410.501714954
78.1212759094
107.767987484
129.311320527
202.789595993
135.189350303
195.474159519
119.326084608
160.530643247
203.890595593
168.098647841
239.731070653
169.985149434
143.391413987
228.938600796
334.484003901
170.335748023
340.783000014
262.051751895
123.79731033
170.46725903
143.048305856
157.83884865
276.426879296
264.093526431
104.754398282
60.1533754127
161.152585319
202.962193814
75.6750715629
170.439969631
325.198074231
155.198832899
184.504358645
368.15594161
197.188723294
141.742539378
280.078614611
279.410858677
124.237766131
221.210531622
116.351133816
297.179292004
51.4855611119
125.084143186
195.240177915
247.727149062
190.80544825
568.265537515
146.825316438
174.500134141
146.208805525
100.873276002
167.680649206
200.314115924
170.701704408
210.470553785
211.20753716
65.9111755236
322.519187452
175.519700958
205.522935511
182.249959282
232.026809293
238.465518258
226.285835378
221.152853879
150.156295927
188.082618252
83.046553879
258.025897669
187.681990008
177.025916111
136.270221521
114.255448772
250.2367144
116.08589604
147.574394075
134.204791401
184.032988325
123.409915211
156.013320846
151.750306346
145.978327333
144.280764671
156.139299551
220.799917667
170.063971805
162.152206823
175.590925328
126.992523928
75.0179415617
139.215736033
372.143792806
300.523697014
141.213686575
121.802457584
136.856090207
121.471096638
251.311110544
217.573416207
57.3601945836
122.556718876
160.347214816
167.675978845
88.1397815782
90.1766895855
124.978701441
66.1227509996
411.583437134
234.288068848
214.425153467
276.179947349
298.689772517
132.058669166
61.1652336639
146.853746567
80.746875263
289.644514082
107.987780458
204.496230289
166.020719502
143.433365585
113.697693054
198.681443772
168.129671838
155.57043213
151.937967786
215.885118293
174.107594712
327.058244517
158.573822954
120.522776657
99.2039003989
524.006480256
201.986172615
660.328858031
256.624409736
231.353338714
172.992215265
175.088347492
294.745003312
161.187742771
169.115889354
78.5632170854
196.560551407
231.587964039
138.742118943
130.041287953
183.672037235
166.386498386
161.315716868
98.3937195387
232.039331216
132.785129036
124.687054806
134.068485144
196.98522406
167.817568242
120.416267623
120.2386883
250.659953931
396.797025305
135.118992232
164.094052388
293.241190936
74.3281086414
121.503627342
101.503679295
150.802915421
71.9244410808
160.689541079
163.975978839
157.403377129
197.683467201
142.555027445
177.486260943
227.890406566
173.723776086
128.706439699
136.62966836
162.679075481
148.429412217
123.993888899
263.821202429
192.472467411
183.229778106
256.625489621
161.990935194
170.191876167
177.918874611
127.730672277
163.53265388
169.207163185
203.814517606
219.944490967
99.9225132205
223.412870871
180.095639389
208.65161271
150.358683065
156.627229403
215.066307969
246.559130266
223.723739566
152.760380973
160.377858507
177.652698369
100.95627507
142.359023936
179.00021579
54.7256902098
154.705416513
155.945688237
152.789133667
253.234722253
271.819085506
174.904638618
163.800317255
168.846124878
92.6215234372
131.565828348
192.207885536
156.683445942
105.023055971
136.49424943
157.991995768
160.977874487
242.875453575
184.519851147
180.20801418
173.51265387
100.065614775
163.86735807
228.546335982
110.461113274
131.581988949
161.906523661
187.916010161
132.257236368
464.980374542
197.376134235
158.918491237
156.465743085
141.937614241
174.840370149
174.171562928
112.580830818
290.959753345
87.3237744093
419.588886261
115.198608792
157.971623825
162.860314637
175.440807973
122.631736294
179.534213797
158.558106224
195.235183884
242.836793875
176.164637531
144.549776785
103.922274954
206.841232636
122.343121507
80.0820036012
191.999120033
100.446891496
102.927028707
162.37615521
147.643465559
153.150025459
111.622822551
94.3453892877
211.390948394
126.13954987
271.743689792
146.948592513
90.500330252
537.925021891
249.787183891
47.5713466479
143.896395373
142.773776525
170.159475246
135.070000363
227.739933159
82.4367396369
180.947406352
303.564037182
166.937092427
186.321599961
74.6279490734
214.200894892
87.4921348735
126.629100816
160.065539031
102.423001429
108.81249008
127.858056924
92.9246222772
169.102026928
153.967123991
150.309066359
193.721890411
158.064183379
153.477818423
944.916361283
141.649155279
135.964361119
639.622864199
162.587916907
147.81804031
166.41597898
279.727748036
479.901751492
132.964170197
86.0769533282
146.673296134
948.646030213
312.381224224
133.640937841
228.841596914
110.296466258
73.7731050245
348.090314997
117.794718228
111.737271134
92.3602559039
131.652784704
192.230232483
164.538992117
124.992157503
297.208304718
179.574329649
221.618926319
118.815900663
186.754440956
673.788512976
166.717014647
215.458569256
61.9911974279
159.047503808
116.514183642
104.296500695
128.303413981
129.133403374
142.896410785
169.284906196
195.449690493
127.796567608
203.652816343
137.347661376
72.026774344
475.607789875
359.966383095
117.024639518
170.009111826
184.894591843
152.422769112
118.046918107
252.841895037
134.611953337
115.676286994
126.376600525
208.433749742
127.552781185
172.024467017
165.611507412
272.828948349
148.296587645
134.773511189
173.870236426
164.822542585
207.491991391
163.718280338
290.904295017
161.926041416
174.348440648
295.404673031
201.548250281
194.439449626
175.317035409
206.55365179
190.181274105
144.294024703
123.00762027
191.587476911
196.551112225
148.235691911
150.230117812
406.614429099
105.350636628
148.95605374
162.624736104
277.534026335
315.228951287
95.6897423925
166.783277732
243.614281515
73.678314481
367.004851595
334.178660307
176.121322384
172.722418471
200.901882781
134.989682169
135.059397615
206.352271833
156.160848932
165.882021235
202.569306927
104.209912588
152.725911207
211.357188486
180.742618789
261.154733388
131.264694831
178.064653124
206.006450426
472.30188864
141.73654145
225.480651471
465.414579449
166.843072575
99.6420904273
139.302246444
161.386732448
177.471485959
127.575006254
160.386695802
665.795301583
335.435661397
200.624757816
236.718204674
190.459278398
139.530771404
87.5888287872
121.374026382
95.2008164191
178.309170469
276.264406455
174.646714924
169.471208574
84.1410644091
108.593954566
132.078913419
173.827449871
153.655957663
215.212102458
497.160835926
178.656099099
289.827140736
279.003082109
484.593323422
166.510711013
101.818515542
210.27687641
155.925546753
176.359747774
257.127055749
370.447656589
185.696497785
97.4224281106
82.1785190369
182.619934158
75.9766965668
241.686955806
164.065373386
110.842672734
185.84635688
164.339192587
141.180877625
185.851931646
295.06670994
192.04369166
150.244664925
153.513418557
167.690091355
155.524668424
307.721798102
158.952882616
200.113618916
169.308599168
164.261460348
106.812238768
171.935492272
268.778705123
127.870880269
183.871575773
183.930159339
227.006359784
404.993456571
343.537879293
107.549693909
219.452972574
304.592223775
217.766610575
320.909312425
83.6700449127
131.290339243
222.80269075
153.639023397
235.604127072
128.563816722
152.025752598
148.417873724
82.1600665141
225.690569673
235.475446634
146.518408422
263.821501233
128.156546241
143.437093845
186.800516357
151.822508865
161.887215773
47.1111507166
248.943447229
165.35749264
101.693142663
198.748500475
175.38906225
132.552456557
120.65603602
126.492093365
171.380480152
316.09444175
185.184845744
129.296100185
119.641685026
145.153992231
148.622233076
159.178633533
139.230035172
175.950664308
112.608565883
211.216619146
168.881760048
108.123548463
95.3638463384
140.365851598
140.522166452
340.882622052
152.993741178
104.239324013
168.868219508
118.458469257
133.033643622
116.390097782
170.703568251
172.457413542
255.730707451
175.784274105
473.860826698
102.323245487
292.120604359
169.653648915
439.950845167
353.592523603
112.33186034
238.677514827
161.074900134
256.308806957
185.943688497
136.406263743
154.925375644
49.3054456578
168.140278266
393.981905675
213.185365769
185.191838065
208.348348156
454.925144003
146.781040065
173.216291288
119.880848248
503.782356626
154.797119204
145.743442135
198.425777371
99.0539371469
501.829437348
396.876135071
146.138620342
184.636556939
202.563601433
273.004245126
432.989846902
146.22468138
207.723856213
130.578633751
157.111925538
125.244722209
348.355539499
165.797110919
191.912416092
584.695666459
177.508229927
81.4935327797
117.275800593
173.440386503
139.556900237
171.489686054
168.311665641
150.690921967
225.023752695
305.476183029
223.876175997
279.51984533
152.389669819
191.693700213
287.819671531
389.318630924
173.098649906
120.466325899
191.85394426
128.842130816
157.950688875
171.630530839
276.376871831
158.603023577
326.862166831
200.155065405
141.909122966
183.643980832
171.058034165
175.058216443
139.066395048
82.8374260348
223.526321651
117.74976845
253.930747608
99.4812228698
153.060920672
123.853730059
194.105644355
246.543914079
91.4549699156
103.476900304
140.772272972
118.694013326
130.711609972
203.584141295
173.163844921
225.120906949
199.400986547
52.5876509223
169.666689851
86.3350436084
188.914268679
163.788589113
240.671672708
543.359793382
194.80243194
292.479347315
165.407717902
166.243557542
120.326537287
256.710128295
30.9691101252
124.730310059
102.421485267
150.030822604
177.896648849
90.4098579754
68.5771602816
188.205257173
757.224929771
105.477276407
247.518044696
363.1274064
225.718546387
158.665443174
149.552333268
663.938276381
164.907789161
161.782046971
64.4734104624
144.842975532
111.393442506
152.840685443
203.020388272
159.518609172
130.25976952
178.501318898
237.59426801
172.52204024
162.234328055
161.019234478
154.858536555
95.3582268724
110.642689637
305.70532095
254.980402979
187.228553567
206.015680177
218.858118958
124.00204933
176.338914229
156.49427714
60.4360675677
208.372134459
131.461153743
106.666212587
125.415396358
161.234142174
197.335274787
170.195123252
437.647101699
73.4177459142
166.683368941
147.367909944
137.397543858
105.939763006
265.816621637
104.178817118
159.69060028
65.5649664397
77.0373783762
88.7118960325
52.614201081
130.034469661
192.980966869
327.916318127
112.312085266
356.192261529
462.68691244
230.123422678
175.601659377
80.1292877606
158.340607121
174.793252109
93.0135251472
93.0534937768
71.861349396
379.42707161
177.868937362
94.8583753194
177.050988999
276.449110457
132.309822132
130.556201941
157.100579451
160.496638711
93.3975448894
72.1518482606
243.680623093
127.787860263
203.394864654
296.365248967
131.986526195
233.312809441
67.8848804103
188.696638809
159.267250866
221.699057745
409.665661843
150.05553732
142.804998145
93.8070063209
171.117044284
285.014474657
151.793460198
110.506616877
177.259407461
200.193048625
177.550881368
297.006310853
192.745661743
148.884825453
67.4417185351
409.191041162
72.0148622706
242.297823956
149.071223141
312.993488787
134.340317361
123.019573967
153.710595437
185.623287029
260.960559036
150.614236186
188.755745838
134.54054979
118.808211388
122.556322002
159.686751388
72.3569233206
355.501166888
71.734112099
190.03648491
168.996054054
116.852516054
139.678607178
191.767683992
187.279647503
158.106516537
132.676321478
139.195269073
124.484080068
160.446644462
154.128297613
127.353258355
151.26174776
203.075388353
269.305364355
111.723198245
358.844756801
125.889012691
177.359812848
215.640885248
175.602078084
208.828774643
163.226247449
247.313921531
299.733188541
130.442413368
93.8272693489
108.011744589
106.339130385
260.396601061
155.333616615
800.47971122
244.636689306
223.71809186
203.726066156
222.965188346
434.709764965
204.688826859
950.052931775
813.170760323
212.295093539
105.202660517
198.870858763
132.031741516
277.230346516
372.269951513
163.383580252
141.554262214
160.527833204
111.418068929
164.952444459
136.855154688
177.024885954
185.469149498
140.986095929
137.538525494
465.912643995
144.795196375
133.308222144
190.779378252
137.469748647
158.74647897
147.713089175
147.31918005
190.336436181
107.889922685
147.603034282
139.206538474
166.036104713
173.929243675
195.962306758
97.9351466939
260.440547552
206.861302226
110.643605083
234.206507455
105.103864891
271.591139072
186.914741246
160.315178549
140.416308539
169.793152535
474.163030728
167.146377384
193.070677498
96.257388609
216.601310827
252.313370439
124.510167231
400.458664205
199.319639903
164.81686619
273.888728574
785.8282817
64.8342355839
200.353766909
196.410320447
122.440574541
129.116438683
150.563004558
386.78572028
211.530609446
136.349057399
198.784568855
112.280714917
185.287011187
127.893680461
191.948099638
144.110418406
111.464852763
230.561598947
280.898173599
201.265748168
330.575897403
158.329937239
157.335092608
101.305985667
264.223723563
120.654988152
152.842110036
149.393826191
136.880189389
246.734354295
146.016745976
199.26189423
186.057531684
241.350968595
105.619073138
572.738566269
148.163483888
151.60265775
238.132555433
205.807014389
125.77390214
156.541364091
159.763741343
161.839542556
149.376555055
103.077630181
208.403917637
132.374804947
374.612653455
139.704428623
133.962152647
114.224828276
83.6589594901
82.7441378315
161.877404266
226.421580775
135.163578327
139.437731479
118.381425476
127.34486602
205.936120959
110.73765305
71.6623584767
177.798953903
97.3770340451
469.629846011
119.699583785
178.687325351
99.522409489
382.989473591
285.773161594
174.89178266
177.700813407
99.9769030127
119.949424276
134.698537389
222.450357756
190.941771553
109.507053754
183.107551597
257.606585196
71.8950835525
536.516291838
276.611063847
159.321010247
142.307539127
201.991839279
169.763882361
217.299976475
112.798873759
60.8877197266
272.710137876
156.087603618
194.236341992
421.012048386
104.260765732
235.242204413
286.798571875
105.104838982
156.61466473
228.068882302
141.20623629
165.911275399
369.624451418
169.055626537
157.559869883
362.893372684
201.650280103
270.862821181
119.201016445
103.098961036
172.193124924
237.441962345
132.822597992
212.561308056
208.006855738
116.224599868
143.561126098
172.89913132
207.412069564
101.565091908
91.2977983473
162.674179124
82.3380747955
157.855310188
161.644607689
177.639403162
285.787564647
181.768934675
72.5941796563
199.756005195
251.89713211
204.023073141
164.672489906
120.206033061
517.343653058
139.619447337
150.450434546
112.835524891
142.312172219
260.482846277
152.694338379
312.008364589
134.530343076
135.945106547
136.967727282
208.876835957
101.193472684
130.970102305
174.863788558
147.459343572
121.566601357
149.366808618
152.128329164
70.6710390649
172.671080047
292.152533658
142.355517619
134.107984902
178.232537884
171.124025659
170.014348262
270.521104
153.441670048
114.120322285
246.970350957
117.362903157
271.85355802
577.976909333
344.095766464
209.345612108
135.865975081
357.296532836
121.863700177
190.125341727
199.954295054
333.985473265
139.815640206
64.3007118586
118.201871352
139.060245636
173.116535267
184.134732784
123.171971038
281.778631074
87.5498894083
132.572449817
211.454699674
347.348166303
154.698036978
151.535265114
44.0618792605
1179.79494336
144.130171393
135.805250509
73.3661448354
152.692460487
204.711571838
250.869031045
170.574673752
163.819789456
206.051338385
69.4015708021
164.628179439
205.848516858
172.256207916
127.360995925
130.45049065
196.498338426
131.501952626
245.838367408
443.155091055
208.209966618
150.86464005
144.081701639
59.9183550553
191.326368331
188.59842597
208.988301546
297.561986923
176.094440827
132.113351768
257.658404575
136.644928018
138.340363119
116.763090083
164.360492542
154.132646192
647.791168992
137.551163659
129.824151353
134.386489182
105.98095442
144.809964116
168.690620897
138.679500485
159.840472631
126.77937041
154.926378835
190.653540229
186.224107563
159.791072311
595.708290385
221.199837247
175.612622684
137.700485825
432.187478738
232.920151811
374.012559979
225.448245388
130.796570261
276.582763505
143.210852502
275.933441433
166.531854305
159.107098563
124.402969992
135.61850958
222.861159828
250.537446819
307.148626413
132.761058168
65.3246105384
118.380401251
107.90022685
168.352794158
189.258914206
229.69600602
184.312870077
105.715190094
107.893013979
143.169811671
157.978115319
191.304954836
181.590284872
165.48649954
133.980891385
149.550773682
95.0566808138
156.572212146
78.4123540404
140.39834575
223.311771697
153.242528182
245.239292235
171.292320175
229.166556913
97.5224832625
132.964250538
93.7906778615
163.807290041
199.00899885
200.820388177
150.043897934
89.7384775557
195.89335199
229.863766665
176.063238247
155.520286195
178.813932109
176.614415201
171.246499695
328.138163318
163.983263831
418.694828945
199.060171467
136.156718432
175.156040424
129.804318799
162.796671407
85.4499178784
233.983438243
283.449171915
129.493987966
88.9024459147
81.6903597783
592.372679539
465.420414474
120.560205719
326.001953209
137.733439067
156.515635497
162.099923305
190.443756901
126.746763223
76.0279311966
84.8480898196
282.507116882
152.935365034
126.657419999
144.30107926
188.245927472
255.750405059
151.48060685
211.355765195
229.592933497
151.852489519
138.879594631
222.494850069
156.877672457
134.135870885
118.460688546
171.006814429
111.469152388
191.76736145
194.705385296
268.746000005
154.453005648
287.320669107
258.644405887
189.468092494
119.701835028
170.487199821
165.318548354
953.980272946
136.093741247
155.624766831
188.730126249
110.133261358
121.948774891
82.7354673212
152.633435733
150.769079466
105.660721398
181.110130402
136.751796483
120.060523509
160.468757617
206.424105467
101.341727656
113.358641881
143.110449061
177.126964177
193.335012436
117.840068282
131.142331252
117.742235853
60.2452405711
179.144799436
166.385247148
217.811421457
135.915591929
236.83516516
100.744223051
158.364430625
35.6191151614
343.167937029
169.154841407
123.444917616
102.017937028
149.772012348
68.9428778409
90.1428091663
290.615162456
121.514948918
284.25268351
111.431382699
145.546434568
149.33130196
179.338472595
73.8520106231
146.456119093
230.1864414
84.6367038574
204.491047825
199.569081003
166.83377696
135.557762508
266.092448033
162.413250668
168.552600851
221.401311722
143.811700405
150.04852886
107.422590436
192.322348335
146.725320548
681.771618274
126.882009361
150.996795519
196.149745811
195.303457624
159.606254073
231.021966274
560.126929167
146.756236343
143.833264033
122.9039119
188.2443966
128.874074653
170.843559246
373.218440071
161.65633797
245.562288759
137.65773665
93.039306734
159.504581945
617.904227453
554.123019983
102.98274548
173.099843515
357.236242293
152.958142309
135.786211417
416.204339383
130.918793188
158.174919302
62.6810667993
233.844251085
446.248006194
384.860849787
193.951002109
79.8006514713
102.190675117
551.099345105
155.055861904
120.250341705
68.4254086
152.21861679
239.406663477
168.8216873
163.655448978
148.981126746
214.811090242
180.172287341
689.467374055
230.116247316
98.4069532026
159.930329132
203.957892432
129.184386075
431.199618257
155.838179988
273.490776402
169.235986164
203.036832544
170.038152166
256.525051728
124.085830902
188.670143233
300.055573601
99.6405953287
123.298448951
213.180121409
99.990183
181.964412647
217.002921802
183.546809443
62.9735660747
169.859680934
155.8050021
149.53851034
69.1648549886
211.789852934
467.123651171
209.308313888
176.813129502
143.262087001
176.836566045
158.687665399
145.678962579
140.19632133
162.103877225
116.267980037
191.864777471
182.163763908
97.0105871842
164.211815451
115.369342806
164.764301657
236.473257852
226.60970594
385.74314692
134.348316985
202.994486058
107.599175504
186.44648008
287.262055548
123.900587272
207.998062485
168.232508927
213.858693427
140.241094428
73.9950962548
157.619279876
283.93151835
90.6567918482
194.559316625
121.08134016
216.429655534
383.42240011
241.663500362
247.921851913
120.448245228
139.84625046
152.710153715
840.394517973
91.399570897
192.065350779
114.480801583
178.964975355
101.765628912
162.107180523
146.125732419
130.036670058
294.569611613
136.053477783
281.528098391
159.348034543
194.590857165
170.925493083
140.530278406
84.1900352923
56.6909023563
109.588144947
99.792790562
112.403613342
151.60946429
136.637961992
93.2335725841
83.3037984531
97.5664837866
163.944168921
137.887513413
56.4110759971
144.490605789
181.590955178
211.588782848
164.064616438
109.626013341
114.378485673
149.102398397
62.8194037039
257.77099237
134.006816289
119.917104192
452.909139124
169.367552432
138.05915311
182.77971225
87.2512684051
160.225686672
208.565247376
96.6024508579
134.677670035
126.994876106
327.594562583
83.4691100874
185.968646945
177.315267413
112.389939413
140.480763386
143.722221578
373.836008625
158.023391482
111.290943051
241.00797133
189.308664371
175.827494337
112.290772864
319.256422693
82.990289009
181.927446166
177.756561871
188.375702539
332.53868787
103.309797167
221.26035956
127.61785043
176.229432319
179.34306228
181.254859534
161.445547798
271.204843262
440.847312969
137.564684057
233.199335647
181.697057554
453.204317818
260.699172785
158.172978015
98.0047186309
222.56063825
109.954056353
294.352748339
123.790155617
161.077629272
152.979659134
190.557502819
363.739461825
591.61837825
428.666881244
344.893374816
174.442715654
192.24343823
135.781676943
89.3656311858
252.088143571
233.214492062
66.1746835243
145.899974879
166.856871536
196.10802208
158.034844787
130.5230863
450.257061632
122.180128452
168.447480922
481.663231101
149.271221566
164.534363048
291.31687696
67.6247810146
313.457309386
112.731822286
161.255112119
210.700543186
221.014418569
232.64945139
324.245345262
189.3161388
153.642950541
178.131326451
245.267322537
45.2107924656
141.965541624
252.579788257
192.330745982
178.566880387
234.005704725
220.447179865
178.237338827
209.252922064
129.024382203
140.022062489
151.756136694
142.624591083
95.9666251138
153.804243502
228.770453617
107.838877687
187.451663255
75.1031174677
169.456942803
225.904661801
132.845025907
139.921931798
233.800793079
144.065328754
134.072105599
177.107747463
174.403017721
244.985269728
451.774791371
133.310299014
174.874723574
121.513671299
140.72324204
105.927460758
160.232108193
296.621227156
103.328841939
196.41069721
158.408735536
197.89164044
143.975682055
144.624955129
227.169783097
166.025785919
115.505416334
363.106737771
93.7835735335
187.121425732
151.959616573
273.469370551
159.954753257
221.969713426
285.821326544
368.227894549
200.681169941
244.571872531
191.542296057
149.387424547
156.293085888
138.719502814
140.448669247
140.714402288
252.319415719
172.974524846
99.5334499556
164.724010348
229.890213861
209.612633845
153.249508678
246.960915862
240.535624034
303.239126672
312.146921379
280.147274735
233.620549212
156.030112291
163.28039191
179.843314904
153.06359889
195.486287744
165.330614301
140.345377291
122.663077804
128.403330825
84.8815348451
211.219924102
128.208532738
256.981299116
181.308013436
169.379010218
152.944310904
179.282028111
164.171868008
160.347255241
147.045807697
156.980004701
87.3457806931
68.2969864381
726.393973686
103.871713932
191.224973857
97.9682523176
108.123258105
165.738697795
191.336530919
162.43373989
175.052646391
644.523865502
162.578130162
152.202280824
195.136070087
199.929908404
92.0529589855
168.234799717
227.552526964
142.692307854
97.0902377351
291.784945944
183.851518127
62.533000816
116.509891855
374.69805026
178.365029057
130.461592751
155.571811237
264.769298227
177.454655751
265.108620774
519.548960233
181.750936711
423.106118587
224.39804899
66.2002051495
138.520727213
247.543984989
84.7432705507
234.602127906
162.568501458
90.652284791
113.487879036
111.953804015
126.687953367
161.434603966
265.9906392
171.109766753
207.625886873
299.06444564
134.46345462
70.7328620108
226.464594616
90.5684595733
141.6793571
203.281368271
128.271058454
112.966633092
294.253476446
249.354439953
155.674823505
161.662623146
153.777223368
108.132662061
161.870542626
317.198634497
174.245069611
181.284731637
171.070735107
249.885221637
107.857495182
152.630349353
184.666024693
162.134185044
163.475982756
179.746369807
232.205496123
183.205534242
159.406227219
123.280863545
158.363402943
161.640624519
376.457446325
119.048512456
151.977321592
194.187978079
103.2319738
239.37437908
209.429401764
153.530057786
137.032368809
154.206543292
249.589641463
114.239716899
108.822222432
340.845567877
201.931419872
172.916830119
240.984066121
169.917013567
155.42583925
75.90861989
179.693210182
192.497567494
134.877282507
150.584673166
164.184965143
168.134931944
100.469356577
63.0728031492
142.304069649
151.082663996
195.310230872
178.79023406
281.496242993
188.818773965
49.9791814342
345.719021033
316.831184144
167.393753419
188.500535729
185.541801342
130.855502494
165.366244541
134.728387751
120.785146858
124.028822848
181.22772053
216.941802351
99.0671063494
160.523387329
151.367077209
357.583776955
162.146490761
109.535087154
153.822974455
107.729920475
244.592125511
171.181790862
165.440212243
111.586446289
142.966529352
115.491808195
118.478025484
406.157866982
290.243520718
198.351691699
137.983369745
63.4807452247
242.137419839
134.301538523
171.552224702
118.681977422
164.865541648
91.7539100878
169.500281121
260.419668401
118.295635183
369.791028819
166.246872439
119.146333048
146.496617289
154.753083672
366.623328356
109.881048306
137.11085379
293.408616614
95.2023907275
134.432318909
179.670033913
159.184794823
106.771581755
639.247436154
353.620738951
255.316462733
164.509532951
172.01603623
180.600879164
179.021063334
161.546215965
148.4784787
61.7892409532
43.9590454356
103.07011264
123.151248828
152.470473837
106.925165111
156.53957507
110.626897952
119.071921297
204.453140213
183.361122692
220.421312197
258.715418737
227.314090308
213.374423409
191.518401725
281.904278957
64.6544973882
813.781264738
122.42936068
141.558252338
305.680312313
126.759663039
206.729023058
221.969735893
145.388293906
162.062641265
149.468607459
130.446169942
163.701428095
133.700091642
180.104306776
268.585845707
133.947445179
121.590916664
135.240183055
85.5720794758
96.7760073143
88.0068395312
113.626139874
102.698790458
52.17588129
132.861263664
223.223569061
101.350311515
327.019402433
279.606394501
297.696998332
133.136506868
146.249327996
268.503323773
130.600953306
169.271508379
138.125300331
165.692057338
253.318443752
161.924443483
112.659680945
171.191994726
50.4379914658
165.275658877
190.361124275
141.02311273
152.220800664
244.98955393
121.030133496
170.700735957
125.186204779
115.605270581
228.691055838
208.25583595
142.377621726
292.492641051
277.136794422
197.95030997
164.886121562
157.811756303
147.24530563
145.62051346
118.013945261
175.984232182
129.231103592
127.477733359
436.950358493
165.775464799
231.751994837
152.977631814
212.452925165
154.822442954
153.197679045
182.755016522
159.468603839
185.047466577
150.587336759
235.292639294
164.764160587
166.916586832
259.815681344
186.264334312
139.037822979
199.047290993
116.91227941
164.633531317
116.006296269
170.796169349
79.1447272979
139.584190451
143.436745647
95.4784939652
149.976068337
32.6674112184
193.473530529
149.882530355
183.614766546
124.657111065
153.727098961
192.770602505
201.05036205
316.523735045
178.296491227
469.883967303
157.568282895
167.587451709
155.414360233
163.097463289
198.702769189
246.330254957
104.88140564
176.412951381
182.179140269
142.785958682
134.808073571
64.0357626769
159.80832194
182.119263591
132.349303698
149.03279976
155.432449501
183.28379784
193.378299452
148.309781971
218.274114371
156.87946775
198.223697962
520.786415998
277.785928845
129.55141974
205.93895051
196.945881127
146.776374324
195.195489352
135.56886417
161.50103759
158.752893219
294.229978131
159.124873143
311.270259231
125.885673424
107.785840744
167.668446614
171.076200539
174.778873337
133.137023428
106.281687509
166.845558664
279.709057554
186.54635195
68.5457544663
116.014066378
400.57796497
180.956270251
161.186071891
154.615696127
158.022147873
115.045710698
114.545321782
215.352977538
186.521468887
152.63199593
193.116410221
184.467770222
167.193081899
146.146608393
157.660158393
180.078340862
121.742404239
171.87255844
239.977705291
149.487804987
252.917145363
143.692164944
143.223380915
179.64491159
159.847988994
167.988960018
236.862564293
158.538155198
78.7520049757
289.235054493
119.565209672
139.357439932
198.865211921
174.242757513
213.263181513
119.510838937
118.342846637
168.759002063
196.012599681
128.949384207
83.2232833969
118.190278525
162.593507033
103.808108342
200.020344188
143.257468095
160.52754826
403.809769827
236.865322272
139.806966754
112.383548568
135.000267513
115.977005212
173.936097601
156.84263222
545.023056362
134.010627355
149.211372298
214.646832309
218.901810087
576.542162947
138.061426523
289.768053861
191.48266679
129.741074675
161.878366121
185.014141462
166.746149946
189.187280579
408.70683727
135.973963202
130.378340101
248.918669609
407.318395829
374.870095265
188.581982285
137.541648939
150.828417787
98.336942785
167.415501015
162.197020548
190.613729817
114.556396278
277.699356544
322.146942186
99.5350019773
358.451874329
99.5286498199
129.831743267
166.19733994
108.885609189
317.665596172
202.815591232
116.433461237
147.785046326
96.2298332163
40.4079227684
230.400802255
132.905381298
92.300472258
373.027410189
194.162355205
155.592174173
109.193836851
219.90103134
113.441037875
234.164332383
256.599999504
129.057358948
179.364063611
152.870108095
190.906412298
115.588479737
74.1365324552
182.354641911
197.605858216
286.443284435
167.840576665
180.281478754
182.758035781
125.65122049
392.576325018
206.945067433
291.574933051
280.653314093
89.806516819
100.638659338
191.205430667
326.529867512
99.2708081972
262.895400102
336.09968523
144.114586878
133.047354878
184.196354333
120.025100145
140.974679771
490.130239062
165.446877471
119.912438502
276.85227866
158.909699259
126.470916716
188.605925037
394.569251946
117.667653448
234.526393987
362.25118139
162.092338895
187.153408034
327.531409088
177.908995371
284.738150578
369.922636725
165.380812947
124.981404812
225.983877282
150.594638268
96.4275865104
137.51833759
149.885991167
220.161221373
180.440217471
217.992296249
189.881099035
175.349926151
474.169990068
121.515230599
124.466619831
89.1904379036
687.977907788
166.551086427
193.716834014
719.558065806
188.520480487
203.572981497
150.546570737
132.1212989
156.997117771
112.040099416
177.203011035
160.825032864
223.013004688
99.6450061598
213.919351453
234.05808317
141.700648159
103.602417597
178.077777419
179.15750512
310.830830532
130.004805285
113.027514829
506.01566222
123.420850624
156.853340454
160.858850708
269.825746633
138.488955421
199.326665967
167.934743521
164.564739143
235.786624213
790.254131995
49.1644072918
193.15925221
103.436389674
106.938900008
169.296113249
236.636689452
230.764637356
226.566196545
79.8210034708
184.77707671
146.388298263
336.680139101
72.5928066615
65.1952181109
398.267619018
378.067156753
146.976410206
208.450574783
214.829178592
207.630538379
110.428798343
121.468807009
239.754898871
120.303824718
142.491851524
136.768184536
336.249061892
110.345552906
177.105828246
211.814766
228.898434653
176.563731536
237.942436638
160.480329297
543.364787538
341.958557364
184.093066241
182.459118769
234.807923432
458.569596136
180.473184639
143.332264466
198.231227541
157.862614954
190.110303111
192.956409292
196.064870997
127.938055146
432.55295363
402.485352982
146.678590211
512.336545005
107.709008214
84.5441934386
181.08803136
464.099316645
138.522578683
135.294077711
127.650406239
96.1016580225
137.002681859
244.785408076
89.7884915303
133.060525489
152.69388579
303.146954505
209.294560086
137.715959632
142.668310292
156.119599454
323.060562164
114.854745416
115.858708823
137.123253116
110.170415976
478.428626261
135.837062397
165.0376851
162.477979552
122.286492051
275.234412112
64.9780398923
128.69778903
151.579168184
172.482983599
171.218474694
158.901465932
93.243690066
165.2124677
230.191493532
175.787100006
200.487459638
170.31693592
149.597203448
113.05883726
92.0659979524
437.795136067
166.488651325
929.036374051
80.6332347069
161.499465737
294.764689263
186.734532972
106.60685065
373.740700202
191.278675653
205.047323304
94.8848249154
121.329670536
200.986179197
168.766499798
142.095721728
173.410486204
99.8108374723
247.375431396
177.960807347
260.058102489
149.196337791
174.72223407
113.329894691
119.716175187
116.261413959
176.990836552
94.9618149194
127.377361541
167.509722035
147.450535625
295.120659296
178.246547146
178.80402944
154.520021268
148.214669087
115.144903529
185.133044489
146.158209264
179.661578528
299.960463123
156.379806527
133.256058634
226.176924928
144.665378942
207.994571247
152.254480387
218.745898188
179.723401927
220.032785425
92.3744261133
256.517084361
241.694207513
85.2224523367
165.219808867
118.994268724
168.637468996
136.064373004
206.931460233
149.790325108
167.70260641
132.319576828
130.951011776
193.38382646
188.064542229
224.945844065
144.344687912
127.596779166
196.986676608
204.136756009
233.433744128
157.507856383
290.362122776
516.290368828
207.085936006
157.94597703
123.226493785
148.362243284
56.5737195269
188.877442001
171.077101497
186.142260213
221.333878068
313.390170061
108.433676902
77.2817568669
289.596099907
199.15364531
148.409446098
627.838312284
287.677128066
147.945742263
173.981546435
115.182779086
144.408364641
239.763363177
265.122783115
170.96920987
150.936659605
561.78672541
177.22630769
390.319179868
116.675763368
160.920675792
301.363016113
258.152813173
196.09401587
377.471175903
193.766801637
159.404380579
135.336269088
110.492270491
168.483036737
142.724183494
274.798051303
158.317331052
426.957857927
111.461131315
303.510926878
180.451551471
244.367866905
352.556407006
169.453237679
119.194269727
117.772924348
161.150060915
154.657002274
327.173771878
133.166696966
231.567011006
184.878013296
183.518069217
239.513731069
160.843759783
140.252719704
153.748032182
250.840037603
172.045205747
165.004531712
143.889771814
99.3306771336
160.86262866
109.445710619
151.512895787
126.857915288
90.8890848474
185.429940793
157.794200713
156.876355082
142.804259173
151.268139491
143.298011642
160.183726948
128.149334058
99.3280256058
69.997983432
313.588371198
105.870438284
247.17395532
155.447695968
160.203095942
146.320981043
174.000300838
94.9618188102
164.063138856
187.79050043
156.638235456
178.484055957
140.887781391
197.676727791
159.262706728
581.046970507
102.237120575
157.901759024
158.528294398
125.909190801
157.692029393
113.917699506
164.466551366
166.08178699
247.677764425
137.55208276
159.245899173
73.2684742575
161.82188817
130.278967495
678.77460721
127.287493458
435.253569263
209.15416187
104.707937056
207.968024801
144.869940878
188.977085905
78.0097175049
141.427316574
161.151736649
127.357320185
306.993031058
133.899969405
312.205118995
108.4407038
135.808433031
394.793960479
161.712344488
66.1437568691
179.407869591
216.283738272
130.262467611
256.748402394
106.913705247
233.585987417
162.076693871
148.304729373
153.114243175
193.966149212
526.338842229
136.891375233
132.082949741
124.745904055
391.808034803
155.178577206
165.722563347
155.787264657
113.965190636
107.848130386
110.605408081
216.782319539
255.879582937
139.477995666
103.699288172
145.712901773
176.875812587
170.131489365
234.698047854
153.302857713
261.820293131
217.431759843
152.571551576
115.891981733
331.752001031
164.197804144
153.596202017
167.00845184
136.266281437
178.603307793
188.68011697
169.636816524
59.382066881
86.9731225207
146.370090497
373.064743485
163.939309715
597.938914544
214.526417444
87.126891837
120.829508957
359.390600695
149.923415635
145.166363743
143.298750998
373.622933692
98.0624498876
157.508993135
178.200852415
347.742372308
156.577532442
182.08554115
142.029665676
153.083029447
299.929760096
148.472937966
82.9687633306
200.654109653
149.883618029
102.809886986
149.403399938
140.326391417
196.851109882
257.679701807
363.328133119
194.994421492
553.414374878
210.915491233
234.753100589
168.276913898
284.570168892
340.054997528
160.226023765
159.164527647
115.234247272
233.810838294
151.881330332
167.049003484
183.062031513
121.009002249
223.289266707
164.171060697
186.0261736
152.19872898
110.577993718
182.233256858
265.069262237
134.030085677
151.205174815
140.138103323
165.127046226
190.283066922
79.3916759358
194.897923117
735.299285047
168.806440164
139.578449221
191.537793516
126.81025117
93.5567593563
243.908330526
483.032178154
103.297677697
176.343004672
293.495725198
157.928934428
97.1936601778
128.831592785
230.804535169
153.786242146
149.40769498
157.801345672
136.417268961
157.23317461
130.538830157
153.990695564
209.673523207
164.770561042
154.648464904
63.9855239037
117.164512092
205.754754691
161.761932164
177.2800768
141.194474447
49.7985542696
170.701787701
163.845658843
162.050300563
172.707748948
143.349740252
157.235451498
151.098323771
363.814851645
166.283285599
122.396052233
548.595854609
107.762697312
228.551247956
238.220416369
165.790528922
82.377835473
237.772446748
217.802216359
233.302953726
150.559985719
350.963693463
172.732463529
368.879040029
162.620613928
210.351753732
222.267276107
113.806616048
101.117555103
139.051056958
69.7227321326
224.631808231
279.097794137
208.282654308
281.909359638
158.544793313
377.421698543
252.606129991
306.506045339
185.704506372
124.868520987
123.866186698
56.6836249249
315.646812124
169.833803896
132.085902192
162.266828516
304.984857993
188.549197692
132.605012032
120.940083133
