342.936371757
164.124440906
209.074720377
97.8555628338
112.589947868
414.583533772
176.282792941
470.916536845
175.509974551
129.259747944
118.788584792
139.25959173
361.708653194
238.790761537
405.296813187
67.0263387393
20.3180984098
263.772937013
818.578821964
290.129919637
217.756350411
237.088966226
51.9301380528
37.3917026798
449.63581322
258.140855194
386.092713418
659.605545499
260.449297905
87.8831584564
279.817788984
287.579095328
752.31970257
514.321391589
166.070475064
542.806061713
547.71304784
443.996042468
340.896338529
332.804169731
172.797071127
239.359362089
499.333186345
538.717195184
113.461737844
435.021564647
207.91727141
366.828754351
467.767985058
79.2981350967
251.764283311
202.296828991
338.684027095
613.284779274
415.775555773
309.285176049
287.959936486
254.999664968
477.372096747
399.420379738
507.899964546
589.401821944
668.418183044
374.086973674
370.851836787
352.803200509
438.839248869
271.829638467
163.935842436
144.666100785
382.075765374
195.193440379
301.906837239
377.034357516
164.455678506
160.730098325
379.237873543
98.2511445009
266.076148284
272.183648183
325.260971073
356.842598525
268.850923432
381.207833879
112.371211659
331.203194826
86.2017298497
305.04632112
188.192608824
459.393577917
272.472715526
125.247659684
276.0240686
143.399208782
290.191893107
515.936735882
276.772259437
190.937992567
482.495443404
375.247673123
465.620200962
366.183965381
55.1715754164
250.706534879
185.952563409
690.124129679
189.122863084
459.316378117
277.042567851
565.053843621
300.184971828
259.984887812
401.437159604
406.073065796
432.972090754
392.081876845
174.75406265
185.490868777
384.016300578
333.209861653
464.829200232
139.838905878
367.843372478
113.465462918
280.361737782
191.42047751
143.846971279
143.394432476
237.732054254
77.9286236351
77.4310153258
179.062763318
388.433691502
101.591320164
394.69857552
124.439033453
410.017869481
687.704699388
119.732707926
432.768731746
384.551665539
257.277739294
264.132549636
262.166827244
177.191154311
419.137347706
144.694778108
239.470840497
234.547855399
515.505812433
514.379514872
460.030901414
193.318588535
390.14231357
493.608147324
350.304464731
197.347376884
323.845933302
136.683025756
334.549336254
528.745135942
363.822857175
354.090256708
345.644722545
146.516943778
122.608061483
299.951147619
138.640773221
255.138372841
234.279541729
493.250658838
162.811916658
381.399128602
655.482710179
471.474883075
180.059350008
258.584250081
368.140248362
397.784194401
120.868644941
666.827405274
480.933245416
374.628163083
297.944972724
395.122767843
223.533130949
40.9920449851
502.809609318
456.158745552
56.8067298664
67.8783288949
450.409457126
209.313449797
725.211729625
166.311271653
165.422678829
286.975520069
541.427953041
553.32481709
186.544541147
583.200375852
386.334468502
17.609425137
98.0469045414
664.13969213
189.187674685
83.344839712
452.679077223
316.157869987
322.304416767
239.38693102
138.860703409
531.359095281
441.242513804
672.70887829
425.27611284
321.515887478
197.181077218
417.243966733
474.032619987
167.70104799
498.007543748
323.657301722
229.609984941
395.20632999
220.683323213
299.020149488
120.50226966
458.704850727
310.959887847
311.540304052
412.562738231
143.203149596
245.619714229
141.906480391
144.788023065
44.5074455261
341.726020398
978.708517936
42.2676762507
251.353993043
301.247807977
415.924032575
296.30277804
361.350091033
201.829264962
109.825705202
243.301628373
189.10061967
740.772937003
328.476532875
42.3760993154
1051.64610614
210.989943061
239.850616813
160.918677243
204.44630685
424.290599375
159.966072043
251.752950599
549.357414936
319.688425116
276.469157638
363.206314872
275.909160003
177.068753299
171.373134334
249.109347423
355.426045374
534.22858511
579.587588895
330.688801169
310.859606178
409.583520543
108.704332237
500.8980028
149.592961067
399.287697757
270.320828891
147.916303783
250.277258056
605.690089856
378.131331289
353.91148778
498.797640029
601.629004965
17.7512798348
349.513746422
282.295128575
331.237876476
105.025712633
281.910191314
305.728878014
490.628005727
274.137473605
579.203989164
169.150691616
347.55644873
335.702320191
262.986539009
205.432639301
130.242683976
267.933827164
246.298223315
318.584428518
223.7708313
142.250225326
316.018034543
75.3674734275
480.494025045
159.5344241
230.651407626
367.924624878
318.153304542
43.5780339698
282.842110863
263.567611437
331.682427084
225.804774707
174.85611465
508.852845386
380.097926614
404.056806186
182.555050937
146.940808066
448.470737507
150.66998487
339.599137699
489.207622026
332.974373519
417.154187816
405.080168916
231.026302604
270.650132196
110.336401285
207.457249461
366.927253217
491.201154814
524.278896448
396.263263231
233.477679651
182.001828932
188.211233922
310.042191987
294.850062776
110.914706607
122.242120229
154.001332064
210.063995408
18.3705298767
709.499135972
257.889910719
348.889503402
147.994803589
315.364384729
199.794588215
332.609400116
168.539155276
231.075536242
408.033116778
545.50767997
231.199945632
436.630667189
514.753165568
334.047655266
75.5815169986
456.914465763
254.50418566
122.045565249
617.296823549
497.586897545
366.873205473
285.783725697
298.732789142
180.501990771
285.779815079
186.705412147
104.239131814
145.856644451
317.476879732
239.252688447
419.922670686
556.810325039
464.807405093
229.977882524
258.203253891
141.311747752
831.509931767
295.542901715
276.598086851
302.667060675
156.230147482
271.029971831
365.708380602
175.785660798
201.859627192
538.073462925
265.50067743
496.468258203
99.5658600231
349.059576863
361.552417676
484.671634866
215.763243229
280.608694183
239.825217544
234.624995514
223.096633423
230.631053232
76.6478453571
332.363738507
112.896185173
328.583159498
314.852816997
493.886090192
303.770059018
259.316470222
283.722824036
324.571193675
573.099356011
255.214490967
409.27887654
187.666183942
518.587535394
528.761696912
148.576866097
517.444586357
609.994223512
191.950764106
446.506505032
285.90191382
490.545187514
197.562406516
164.720804721
346.44584563
179.757600651
483.038064025
228.933785877
551.637843071
134.582258673
226.435851364
614.848474415
285.785109776
186.141325945
556.879977519
278.156300572
181.046997452
396.998226276
195.549488857
610.906197185
222.619524169
786.406583786
327.3927838
569.297871043
127.075153158
503.534735712
510.956960173
252.71707041
269.117242415
307.90573355
348.48134241
67.1328432481
190.080436696
260.373808402
404.958693024
320.865754217
466.379232641
501.593397663
256.409039477
256.552923321
556.45155884
364.264135337
116.052969046
363.908985492
282.84352392
93.3531473685
468.488956804
212.031505271
228.950781856
36.7075839027
54.512903328
276.873760741
583.413389754
491.487965006
404.442036013
181.11511835
121.114148497
132.707622428
397.379594614
512.560598504
357.464781339
400.73326751
511.275480697
390.105337001
111.739843724
478.075362254
92.7304500112
168.346726541
491.809344147
471.92383882
540.989197359
503.416319461
351.602432174
322.246683154
286.453208524
152.348630736
115.742452019
508.120158883
310.982397257
393.173103662
429.4032518
332.588818835
160.645852852
339.501276403
283.500742521
198.455733293
63.1094832565
434.438453471
585.626517098
535.511945094
220.719407158
187.153729202
205.452708861
305.342625169
255.433670271
118.615119362
249.372147858
323.162315398
418.04292888
311.756601457
202.930387199
142.537998938
398.948249226
366.543169415
214.192899177
139.969723174
395.598913288
192.876394266
326.158692382
351.729123612
252.185203652
167.151822165
195.372723979
257.128566648
365.706657931
209.754603493
228.563363815
424.051401585
520.168571185
133.59205573
695.667825296
262.76753994
370.886063579
183.03244957
396.158476057
496.228286646
695.568303361
160.113452886
412.855539364
338.824383572
259.280529156
294.014764621
328.410552548
490.123176336
416.76491968
153.40957573
132.935988713
204.148090293
466.900653581
392.45778772
95.0419171788
53.2966864679
233.46186736
339.094528121
95.8336487812
866.191446268
124.010674733
490.981876002
437.275803538
69.1626755332
336.216001326
434.231190642
39.3675625949
248.273767686
282.025982496
285.930863433
122.792979938
232.296816371
342.790749243
976.756602472
492.079481631
549.971119597
204.051872952
318.096000572
475.077631601
281.063625956
431.688910316
134.014251426
347.33406648
430.71193917
446.193926578
276.814399091
168.692695512
190.546080303
342.252577959
120.401873767
289.542378554
282.698367844
183.274100829
559.983494127
125.103454262
148.103630436
183.882785107
331.936134314
299.455192874
378.895003538
493.262661674
1177.35095057
307.886589773
179.03381707
311.832852023
379.050130234
347.743082723
182.639574406
291.131795898
292.3520209
498.173776778
246.46991296
330.462444257
132.215687799
208.773152452
534.245642116
849.703238911
186.231862573
171.123295706
448.390669475
459.80143282
253.269179847
527.620263126
203.246290334
482.118836284
267.090940433
435.049348214
343.081555543
237.890683734
465.198351052
227.087722673
368.1574072
505.371694199
512.77577817
310.198945727
282.263391206
626.584474323
275.508375177
319.008791547
409.07207507
184.151175828
341.566058471
488.753871657
198.223049601
98.917301692
611.224989591
65.5303879998
434.166427596
312.352622796
292.010221866
190.686756318
492.746558893
321.463533775
591.014148488
428.329132626
109.838224622
215.829601592
185.48947952
410.198604378
447.291809688
213.449270308
98.1361261814
130.90671249
54.8058780856
460.09612052
186.515237268
718.040043626
1308.62494956
445.067505413
604.099386535
336.815036221
191.950609747
312.135642343
500.748522026
429.220183633
183.280294946
217.213941182
514.940734314
252.134550363
338.301614482
156.810713024
277.605718718
135.713690029
336.915595112
212.426819897
540.320167174
295.141133966
500.365248512
134.310667324
186.993220695
456.548034472
758.584345995
384.207486161
311.60682419
545.889339443
470.325691562
117.434104824
330.545387914
58.4740418808
137.37822521
478.744823824
391.144606642
270.975825187
397.927486802
184.505876962
52.963004191
85.5691364888
13.1781802949
303.27883424
319.956129055
132.144816316
71.6512320257
192.097470558
170.792808917
49.1842005335
512.524232501
205.539277631
140.152772419
104.29433638
210.308854716
434.366347436
121.677568282
435.081402622
319.973680143
152.897702171
82.3911360647
358.229117553
169.114074165
291.602835495
622.592722216
461.699746406
782.746173953
58.3380607478
255.297995219
274.851447739
434.209925364
168.580564492
204.794919739
802.639345488
148.893498176
420.936689769
454.129599763
322.082463124
225.839229333
336.132774124
108.934694366
109.786153718
190.848236542
537.42712212
138.567889207
435.439896155
195.437446368
243.808244629
114.081321192
289.6961361
149.30694962
329.104176455
360.478174868
601.264791055
250.671163773
475.012813878
459.908880791
426.559469004
615.814102837
343.971978774
345.011334266
647.94566795
279.185085667
668.550825149
127.249695209
258.944479372
659.959479506
170.032415685
16.6854784111
663.908501862
503.07525164
194.401397332
285.80451529
553.533922869
107.713438763
236.676490237
515.520892027
444.96916843
218.89076567
187.668721864
133.274569089
619.841040324
801.403500219
418.937500468
413.780677657
261.10433258
170.290894314
495.697863905
623.234930817
970.281458521
496.818307854
284.407992082
447.855799058
359.847778747
646.305685193
284.090964772
495.681319165
168.412759631
298.151538415
133.339330067
310.943555682
225.368570358
414.196587139
342.250662015
82.2389118105
106.777370765
386.798590802
146.714578498
95.1231317227
463.706493032
215.465590419
260.762371878
399.105240306
137.905070229
241.920793768
313.010499854
90.3166351543
406.842125078
160.926590414
479.15596787
527.004447329
265.088436643
307.947015442
444.685698949
346.66075631
475.043813545
119.418687568
315.036877753
1370.10015392
144.736427084
640.923094792
143.869883656
218.349359511
212.513230704
475.877961304
311.644970573
333.261711259
183.792246656
446.853561289
375.00497138
46.2132934279
567.012630788
266.280098152
332.869894839
80.2807873384
262.528309592
133.003941773
186.353995947
421.883546487
78.2483983077
347.794539817
340.765156838
560.451739868
554.016376251
277.595437046
256.085650041
417.66476605
450.947387527
326.765462435
172.728198255
394.459795215
314.453696698
523.965197055
407.483129126
158.786871896
421.112589213
325.689009908
390.805064022
224.38159321
684.003576101
116.508737535
545.690597315
457.398776005
333.097729016
105.848126618
130.610757878
250.626169187
410.097070091
671.010946739
260.95498065
576.334523046
209.590960671
462.645700209
172.046021956
198.461800234
130.037367166
320.348919664
321.118496002
198.464247861
202.303875182
481.858267231
339.367091616
303.246933936
129.285228094
343.191323737
122.188525542
20.8033028772
222.679223383
169.532855903
403.409616636
286.126022444
398.642527958
222.889260288
1062.5468102
494.623289153
219.994319305
637.293881531
357.713357499
314.933617924
262.312904127
590.856640805
28.5164185021
281.35575318
108.327104069
193.378039692
595.074838493
159.222720699
171.636277313
406.88955201
196.430267585
260.341368636
314.090253036
272.56432284
498.845534786
101.029778025
186.217032594
448.581656941
98.4210538576
122.976681106
301.530488747
305.563580659
447.953657378
3.73830181274
143.959090995
398.916340416
316.396711003
259.159987557
156.567104236
328.787294527
299.596726574
237.213190116
465.332247381
379.335472545
564.659001654
361.944237151
601.743832536
383.693820595
127.827528332
268.090075959
194.529098577
160.456289162
199.392520146
347.997946069
264.77768354
255.887221124
476.46973662
587.115418509
462.040973402
394.216245055
73.9201008146
125.141132678
280.658234326
80.5359324937
86.8963119578
331.882356906
576.232058454
290.282829369
337.913027656
253.448301881
184.332667144
254.430373485
126.311203669
133.187203323
149.99124222
90.0174573512
417.074597973
138.680550309
312.613522049
482.754953192
269.809318166
159.132649898
405.778054807
212.427525871
363.783104153
258.529638092
300.545910169
576.035526555
221.706487682
274.607563716
438.995461547
369.226967206
476.189756043
359.981256356
286.329081348
488.221308242
427.548512715
198.687218271
457.522747392
346.569207746
116.919663966
379.505648446
77.94356045
96.953138379
160.431141935
223.143698227
576.490798799
453.307713299
212.386848501
122.846523137
621.362698616
51.8791250317
204.347617452
296.646913708
310.712853915
319.831326997
167.649478628
74.7478813876
245.164990808
599.087342896
206.471297567
363.824896706
382.623915168
579.249584483
78.52341326
322.452980494
430.122918723
509.433958741
270.451277772
261.995936739
267.597273849
410.87102402
133.963641794
152.001267096
184.567391245
208.234464109
452.505623491
365.469461
203.768457115
217.188138101
326.251357496
363.782879854
380.444606687
326.141961575
271.234582904
499.098528151
726.734226776
539.446636969
370.989886444
656.43682815
234.12734749
660.396960771
360.225746041
410.188903562
494.44595289
587.550537134
311.91178176
341.385038641
72.5613320515
75.3010597995
365.221061735
331.65758009
365.280775578
25.6426014048
747.988348171
380.355983055
110.881346884
437.15452846
236.398817619
124.561271647
394.944437372
433.677223634
199.955151297
421.674674074
242.597710643
753.457218145
313.255890107
281.655899079
283.761774759
220.515178212
316.566655926
105.341889189
138.632218172
208.000023223
246.688765456
146.027101319
254.060266682
444.265087818
327.621738049
260.933799356
507.525852822
343.047308099
115.523921098
227.315219194
126.929758311
206.815622434
73.2475321953
394.758583034
279.982453924
132.357902937
243.782682259
248.443112381
314.467081743
419.821824937
451.094458116
411.539508635
453.408233958
224.617003322
414.538139645
208.371498738
267.3094795
292.334451873
147.789753536
689.653358494
550.594222837
452.551609839
449.859903336
278.718265402
44.9108577329
202.486046669
343.577507633
342.088875438
178.442913838
44.2329213888
89.6091724993
313.835275172
96.4370494265
270.497087052
121.434665689
133.044726275
247.834636647
174.896341253
413.89299327
680.891495986
62.1947488794
174.175314915
315.001023263
559.606329271
410.685081625
184.179280077
502.549023484
203.439511301
372.091057426
494.787877141
586.047981783
211.495746862
508.272756765
314.305775457
297.401447122
375.003546355
416.13408921
557.914116632
403.352248408
127.914741817
818.631111236
69.7055063613
288.143048469
594.023565935
542.118982752
373.934631575
436.697314366
128.691293849
711.691595967
279.660176575
375.739095628
246.127792172
243.050865484
299.040029773
370.266129522
204.186273974
22.3920282152
97.0564540978
338.103374317
339.568017821
243.790205781
187.86634556
162.872905618
438.688406603
81.8883880752
256.748085057
327.617373006
320.195416036
163.189543612
224.420930892
112.706201095
595.147027258
481.753415995
196.175311474
446.849172316
216.590826106
420.987133206
74.0722815387
234.829393043
381.094260165
310.459154175
480.147703277
135.792263427
268.097913765
632.003083345
414.017197804
118.525736019
374.768383853
143.362459108
317.090980015
96.0552221815
533.395500619
124.067366507
473.001318044
499.936687432
78.881897429
605.670113228
444.476857202
360.180875633
219.600470061
166.482936566
237.927527998
319.857820766
218.683553998
70.6229504418
582.76682468
454.120620575
185.841880336
201.948794926
357.614433714
241.948697284
375.420481509
210.994135187
352.568544612
372.447019538
240.964551459
255.840113247
499.566698393
513.726606401
192.253946874
385.07372086
305.559310947
386.692920768
460.802828001
157.490637332
354.324776426
120.807841177
208.628605183
287.197049301
295.347748401
205.834743986
266.640617513
161.135546046
387.092144265
245.766655826
158.978458246
508.712196966
580.926727666
629.179878034
383.850175453
310.877541246
556.327147753
87.061713397
201.736380424
326.30871552
425.507948247
567.500126668
240.204034398
243.799112021
132.937845086
308.7804092
369.150748301
226.763904194
300.700498381
282.871680957
275.638206439
427.92100893
584.199639049
520.658775351
342.358068225
402.194706473
249.001196672
354.622002326
226.998364537
436.310628641
349.580841938
164.067744073
169.110746963
238.498429558
859.195664063
343.234767254
380.005092336
357.970240918
61.9809826615
117.8052238
88.457790092
160.574556221
331.122322433
234.353457601
526.942720859
180.882991342
1288.90581061
341.771708196
45.8378900368
559.10861487
436.286911513
279.009146034
302.467550221
440.128392017
331.925886319
294.928188665
602.501921617
482.1453441
302.492445166
148.72075847
514.363167877
351.568435998
248.703141409
595.163779372
464.366739456
122.086444443
202.282049344
477.883829798
263.182535533
86.4753214281
459.327504357
489.747767534
298.447744027
156.61015604
26.9728995786
63.6429983898
212.505063992
283.792734435
69.4868937576
360.448538467
129.26477286
355.562590768
200.239303371
882.240033301
390.029469499
620.150918302
80.3122729198
297.771194367
226.766126227
492.633159139
358.062782264
286.976407434
497.012417547
288.662210509
97.378864056
482.993202716
162.616154857
412.387701854
85.5486319459
101.011645801
314.163916091
459.578606983
268.019173335
220.098086966
114.96471782
221.428401285
159.924316305
100.348835724
286.117118569
398.129213799
399.45520221
238.930671778
36.5214063925
228.10382272
248.710171399
469.333317085
269.890927536
266.912177169
364.916340019
485.708835701
377.9256905
381.894097804
167.084449214
91.6547036494
431.748494469
498.625109389
121.887083114
446.346845294
356.516838128
687.168967757
239.030547982
903.169558143
287.552627415
257.355256243
371.321254712
272.313821114
81.5428799066
6.47330103785
533.532758309
111.867139331
602.17623525
476.74295921
647.465934914
123.81096468
168.79793601
344.28194305
69.7336061264
535.803394866
86.9588859248
231.311141674
196.897238131
186.012248669
163.318252849
102.358827453
167.133342385
465.112476512
264.966748911
173.552815797
638.440509837
222.851631205
397.609500579
167.483602734
371.870154102
381.792798926
372.382875261
231.525494966
179.024681895
362.855238604
131.493917443
160.298371614
619.873779045
383.304018526
169.969548409
298.652917015
198.842825517
411.166637745
220.703436003
310.996006976
191.332752724
292.649367177
335.000425927
273.31110043
170.656173067
266.956263387
135.949369195
304.41109239
67.6005536087
202.219914508
230.890371257
216.269989796
602.099268495
269.168436425
433.358316937
110.148765016
608.473840846
159.394862602
408.448108067
420.975264856
535.899212324
79.194363092
197.855894233
231.445493503
249.113152791
1449.03936807
360.95296961
477.905835348
88.4304606824
599.610984994
687.123954052
211.63376505
278.625385777
284.73761406
398.722048153
334.775294652
409.571589986
315.691609489
139.642334892
168.267722189
162.302119901
123.130011286
93.5298813985
542.98974963
445.151244311
174.387212512
461.386895275
385.98980572
432.197920294
364.086928082
315.660324398
81.2391958084
453.476171626
72.9834351181
195.583668604
359.455558227
97.3603220362
163.300503766
185.627754246
120.203722749
282.527034854
362.188518391
190.091528668
228.713601059
420.675547259
183.223849396
281.222462368
494.240907288
78.2180842827
222.196132184
279.398709619
331.083605457
264.509025146
369.849508972
172.919727914
447.628161771
478.193753543
338.398594593
258.278122801
318.872668675
277.832033285
263.105542718
326.628176118
109.083270844
616.09341293
422.103115446
233.960902894
182.722911306
179.170169734
1017.21316532
468.261671318
140.604814528
213.162126581
243.537791796
371.624514775
415.927565575
181.943245823
346.998600617
507.01650347
226.881999678
306.183676768
331.298476869
427.479530727
295.346776161
644.687872818
470.328664785
524.269325294
303.852290528
147.87899923
153.662288351
105.079396012
357.542555571
275.788245248
369.252762514
725.584264212
451.235796801
318.030867128
357.53643554
505.917369977
644.767546923
379.456126734
241.73305488
142.653771353
303.40756484
536.73765838
335.550554384
404.71865037
408.396244951
252.780754722
785.811833371
271.297325008
235.516057106
205.435569378
214.989229864
173.022692487
564.709374477
217.864209394
600.37776443
390.425130321
257.287150007
244.357154497
298.356478812
556.620353688
82.1218028605
282.46928349
90.9770384502
155.190314421
323.1661265
47.806687637
392.031873265
345.614117227
504.145769421
237.316749479
430.169194926
104.844917106
328.261232584
552.551096965
377.841211532
157.77653016
326.028767868
283.285269153
350.460610314
470.898895897
191.431160834
159.815147126
592.220550323
351.504188203
132.152121855
468.811406589
540.245977597
804.573410537
201.840493348
120.776948596
261.969744562
147.365146629
269.748336141
143.652450817
201.875842915
369.810443719
232.146365383
388.417167187
294.704652987
211.634489492
132.119955845
467.726373493
49.8435613837
154.510594743
504.214255271
250.885291782
457.439257012
289.160417395
70.6058992722
264.289371061
338.450743358
454.112923879
64.2515011414
375.199094602
284.415426236
81.3005260876
61.4520302526
124.976483667
301.096397896
306.49525565
267.587001225
686.439394143
283.469897542
111.881313908
402.271101583
109.034091445
406.121934933
225.109772289
265.427626309
539.509189501
419.956871556
133.368351874
246.22565921
452.731305976
528.053086944
308.012451476
181.760707471
329.845613199
304.94718715
452.227894371
366.998485303
423.187121315
316.634966882
99.1988041561
817.46919945
231.592134924
508.853788162
293.969882071
307.713299692
486.775130353
54.5267989844
464.195366581
524.325354762
231.221045335
564.130754521
40.2401594157
326.630763952
61.6788266801
47.0131673641
238.670937068
232.408503709
310.700882523
222.634116375
266.528929722
451.310155275
588.420847605
498.181984609
598.609676742
301.340540347
150.535301387
499.302870754
171.167725572
237.702662728
129.786857061
445.922330276
170.809110253
228.043223082
132.725202727
312.74016037
522.324168795
1027.94553512
417.811685679
723.256119263
149.62354742
178.617651717
114.477239054
323.815204114
206.827556103
107.435157479
271.291588143
131.240536669
80.8668843743
213.377035416
633.517396482
281.356721994
539.247007987
82.3520976871
196.56309668
297.239826468
228.657139593
355.37827731
616.581348091
471.692986954
575.040243039
242.909256599
281.66297599
224.040110047
284.49751841
35.4799353292
57.5448769999
444.081161623
227.622886527
694.991527062
592.650211683
358.755099569
721.161125437
141.872682256
71.832636482
399.268280888
407.253150146
121.955647496
205.449478919
345.583331864
185.905871505
342.522613856
96.989236736
517.112954948
355.195962166
406.006844713
475.211162187
395.350123633
214.949042896
212.316222492
141.728347462
239.350620239
523.532636224
161.092110104
222.626267076
426.465554274
634.403927293
205.219268039
209.365333585
647.742747112
1198.77691069
442.788417803
135.465123098
263.674696359
46.9534609329
150.04811125
468.506338239
103.490864257
196.460723633
290.3377852
386.920686382
219.792274893
171.346696751
331.039774269
365.997342276
475.005924525
311.908916494
241.624500697
351.165276835
152.667872495
430.087385207
486.857228219
626.629629558
344.330297007
266.836835064
116.362847622
320.227764719
318.913960639
353.087476207
497.896220192
306.245559303
294.080805194
536.268884203
264.921167723
217.032810972
254.681840527
295.567837637
547.59192376
241.225213679
102.605214157
414.990235601
357.381030144
429.619567273
187.856335416
538.520011705
186.429016573
617.053989554
178.345546687
238.804407776
329.504472993
17.082439784
177.809576076
279.054770489
275.542363243
81.7392864856
500.440757129
390.310199505
498.49273554
176.942488099
36.9824743909
338.031383464
407.727378721
297.833741846
359.52992646
67.3216211344
272.691755154
369.186706006
70.2305798897
249.000131448
75.680052571
372.065125494
351.307642161
111.531069948
297.773822527
314.868447752
811.406627915
171.942066181
346.2981844
211.52497296
200.863491302
196.254906026
569.639049496
97.6037919877
284.780810763
463.83308889
253.563357533
146.687026656
474.617329835
717.687330545
382.209297892
322.678991439
248.310141441
356.454558401
194.877149995
375.767093842
327.249795481
611.573017224
173.934445748
478.445994086
124.396787807
176.49687228
223.336567074
278.057701692
156.074230054
447.851592109
473.877882466
419.816280964
546.996544461
349.536686034
278.604649354
147.893529143
395.60428614
342.985589368
211.450573241
162.115368677
269.44450923
352.557162604
159.773202739
585.419962248
461.163536036
249.448809526
204.19580075
386.085393217
282.15494743
111.346800921
62.699823124
318.976533317
437.237064039
338.828667846
162.319729491
218.219730799
721.403952329
77.0951935732
388.382070774
290.164808622
534.084945588
155.989925638
88.1421039859
408.087840803
521.137697482
331.591688973
531.599614616
364.245796462
134.759801064
196.707011608
463.453717352
177.619408646
332.287408795
554.784102657
342.723475615
577.898843855
289.515392988
352.216455578
358.565770942
102.938190128
248.283748931
162.587671413
46.183282077
367.99207568
13.8661620851
410.924235134
277.831603808
595.731803161
139.788309461
253.959247654
230.644809581
256.923367648
213.418210259
119.853257252
160.357580769
376.237999088
179.815650371
437.552128116
271.108209121
139.959327674
131.763480888
190.488039655
337.89036907
558.786484784
453.947282686
152.871979683
388.648820757
200.998170313
123.12261586
66.4686489739
341.060682978
58.9670542777
538.760082632
281.206898459
475.862264249
145.042446769
112.2717052
342.429859802
140.61446
460.234243626
324.451044463
243.715093835
298.398889853
479.858247163
457.724549783
252.824145164
45.7147431828
234.654957267
304.311573471
426.082689398
438.270180272
270.756605708
194.302259987
205.774628677
740.454825636
66.1695222722
353.190058545
601.834344735
371.66102817
416.387241108
98.1245480172
179.597740508
158.186209729
212.568611637
221.962342319
323.861322674
169.059074828
462.356424075
293.264292465
191.581513002
719.462402653
299.134839226
103.178435857
189.490137955
259.04180026
263.315593967
610.686423098
280.245090635
491.197967736
299.465185713
373.714255271
415.042916367
245.610772494
259.993559444
535.431523756
271.651909631
365.554473109
397.213109364
353.530184703
257.24597642
110.800401391
605.292092853
167.422929284
196.631619785
93.8407017457
404.238107905
515.249802806
604.533017611
272.995067968
168.795162695
436.972348959
242.986825496
151.727632217
27.068674606
399.439162881
492.86317733
442.842566264
566.018135002
436.364634774
334.956205836
337.854568173
241.12212466
88.9111224513
192.969877005
441.739632807
227.486758048
406.66109051
220.760262906
105.544190432
633.326542434
157.20733559
382.240650216
116.818498395
242.89556412
74.523285006
363.653882747
158.80765623
366.936947282
423.567711306
1393.00140531
179.449587251
166.921097389
246.772492519
106.957834326
138.897505096
444.168284918
282.512497516
548.358741396
498.296613263
94.2645503418
484.34127046
523.723938269
402.851604397
175.903283204
203.926430755
261.546455786
579.481136479
320.039013258
161.514358835
528.741205824
585.656090593
510.96522471
104.557449652
238.852992551
70.3461170338
264.812224381
260.92725137
545.739857461
358.023519163
124.512211364
308.952876001
541.418821116
480.2475692
423.993192672
377.392592654
460.195853803
120.337766301
216.515064024
596.275564644
612.638392204
408.862795652
270.86118373
263.421285543
162.130052166
302.210619625
129.942187362
266.251374872
219.290361434
359.043382543
277.171140817
456.673112362
245.456484725
337.501770787
75.7253064992
137.330111111
364.32356641
295.070322277
291.175511137
145.531060562
162.015938675
204.444292778
124.486873206
231.631864644
139.827766365
657.261197915
262.62566303
381.007746244
229.670725572
188.921628268
214.247835855
185.842474537
76.676161509
554.565811302
165.156751353
435.269778011
433.306859452
388.29731414
108.968024012
263.859443845
239.894992936
412.719366876
371.140825262
147.607578895
190.569959298
519.820064115
302.309422095
271.514096678
293.344562807
469.874652732
208.924433792
450.714254317
59.9106342661
238.724765326
170.886541822
149.607322701
181.865696973
345.734533632
222.23374121
250.087265971
110.869607741
395.423868424
584.498982756
336.053241619
74.02749867
567.286633182
361.768554729
283.828613748
234.794926102
227.941749213
302.800362983
365.906950996
336.224577976
265.529608031
290.21339206
166.861531063
629.02300499
362.486444231
51.898931556
576.373305429
426.071367625
176.813300178
112.848264373
97.5356086466
400.918540622
506.300836861
413.382946769
430.010404012
325.946904606
394.712785793
460.765032837
501.881657729
104.09395624
178.437501701
166.09870017
616.869646149
134.915758415
555.383436622
253.596974509
567.374036064
211.633052525
219.985239035
63.7221527064
359.606511939
188.226116035
342.031424954
93.7956688988
237.123553138
75.8645667511
295.792120718
321.860570189
164.179217115
427.831652583
473.034258552
627.691611393
253.958605577
426.425231578
487.937303665
69.5507005046
311.579497144
416.341480249
705.74772418
101.136667829
57.7109005678
349.260426723
427.792069322
85.7045386256
157.219013298
77.8695208865
260.762252352
295.225583271
102.720311201
446.609798575
599.644633287
267.659551329
116.079430447
445.189839885
417.344877498
323.609985335
85.756846754
552.521211701
488.032304487
505.55220665
26.7029453713
181.699607378
425.281435474
428.322888568
327.525753697
110.703418594
395.976794654
282.473737369
404.40934397
121.083840817
117.813965561
522.576270139
351.778678861
363.84115077
263.659212597
238.174028558
75.7312879854
327.770490909
333.73069647
1146.97235247
116.417831629
363.169599419
454.445822353
107.332544109
296.691794475
747.707994566
53.0571798265
935.33496635
160.324861063
278.750938405
256.1447554
36.2873133685
168.903931078
295.337787415
419.514549179
487.247994886
353.249889875
406.677968369
430.563185455
396.271244436
238.264987606
587.652269751
1131.12360336
350.604368791
224.768629977
401.841283845
123.541078553
156.947617471
60.6007817142
354.39579395
250.611867732
564.48827852
304.433406127
531.280326125
307.645425347
392.13252026
244.749036848
194.398211889
552.002674817
678.506471925
52.4828177164
148.863665674
289.047765984
258.867466599
245.015081482
479.874120195
94.7921870911
583.716185731
96.1748973567
958.042953106
140.82519503
543.627977119
291.053700424
52.0419047256
406.015873064
291.953341524
270.449762315
193.539265283
191.386919642
477.180455324
247.928211818
198.081066894
242.868582046
128.448544634
106.909598072
327.094766382
523.784047837
470.118447412
227.148865757
138.053685282
546.31679849
288.668918136
174.909650291
120.024981388
495.803318518
720.043136325
329.87730994
494.06132258
526.133354853
375.765620877
426.150342623
239.114873612
372.58285856
255.626269676
165.469645638
185.927820606
159.139334766
460.971030167
238.030045118
155.215187596
276.269281704
327.883193889
553.052618412
626.645323569
312.985993518
495.925313411
56.1336543586
457.243705626
265.955355497
346.227093454
125.939737538
62.6833993183
242.822962038
465.068004456
302.203716394
201.184679462
298.991316943
70.0709780984
85.1072573956
461.623306861
130.634658445
166.337482682
412.71013316
381.57715625
175.905412272
80.4764141128
467.289901324
538.342062457
241.600537629
335.132297974
277.344384846
623.32354355
381.949606313
181.709175816
269.776636051
494.445894485
350.80988158
62.6641221807
402.202208754
88.8787263192
248.054113242
322.345365341
110.986800965
549.317818228
337.1066952
409.389453199
332.044764471
183.219622857
601.026179452
165.136623513
161.692510739
300.269088029
325.650809853
244.49308825
247.942724748
122.565851354
452.863309142
386.41192197
159.172603809
111.0782266
76.9844815615
114.187714701
436.457634091
588.450068584
345.813038485
170.282732921
328.136191803
67.9380375156
84.0395749337
266.045214763
146.986419661
277.054703674
270.188917817
293.831057218
246.636956927
226.909852162
337.695479674
50.2269048015
172.843151937
370.883007609
101.434413968
201.894000233
89.5957018855
560.877173673
489.054195331
330.964527681
313.322493895
39.2088697492
406.829618964
202.761643549
296.586285137
400.780696138
336.490274975
326.298091526
440.459640095
268.253060794
314.150985304
99.5795168099
27.8685039482
439.014096656
107.819376149
545.430489637
61.9897089364
192.133465749
294.904525401
72.0189607714
331.717857198
236.733138555
111.986856413
262.664855824
288.68170765
255.69218623
374.334684304
325.96386443
115.13455142
394.168789599
185.302706435
367.582481527
309.920721234
174.220996622
176.208806962
188.933513617
288.596222864
252.015846446
399.092922444
105.041520788
213.634260986
273.583828171
267.743665866
582.722916758
108.596277645
555.234978756
103.972238092
362.910640866
227.989488571
413.216590335
266.355509914
126.924116936
251.359161627
420.038238986
120.121097981
330.999223749
547.325957055
168.34110289
670.318709528
397.6192074
439.974160721
126.418254076
512.404268299
300.305182523
514.918967105
38.130958495
224.985452929
757.003349414
148.239752314
89.9716431234
423.199199307
414.266415164
116.306789332
111.809051211
334.888395107
407.620185404
171.602172429
173.796959332
457.235636153
332.92845678
369.17946341
380.728146679
442.386014699
115.603542887
158.621309517
750.781712849
235.558147784
522.359909919
342.893260761
170.256865526
501.799197689
127.670936469
387.967084304
285.612416293
163.96472821
125.576595015
420.42512428
680.042656393
411.133972658
386.569682378
451.522050797
398.846116515
336.358470094
163.855031057
328.525446892
319.456954289
290.785254817
630.711944243
65.1261236963
63.8890509457
258.2119276
134.858987617
378.305811088
361.842854537
277.755085741
835.217018362
454.732475489
221.363958741
196.144506837
89.3581142376
353.401239096
585.135583542
382.947113796
457.198242358
444.294564147
160.015965634
266.834909435
167.553393574
244.882578638
377.775384492
176.933496167
471.897010454
245.136506696
142.22803576
232.474772241
260.731897853
263.061055852
312.678241711
260.316488246
32.7307701763
609.589639488
268.205010086
328.027940603
173.722151728
210.495026575
359.369329992
491.16558024
72.0403907728
320.195002072
550.527676032
763.642052862
193.845716785
92.9631179249
179.384035007
640.699398636
447.701062278
427.603894994
313.256541556
831.573506969
525.415409088
124.174618758
182.911165097
374.019409571
259.077987894
763.452062638
685.405397619
183.544171443
79.0994028018
368.282655602
606.729600215
291.188832393
662.61974922
193.453228795
430.063472473
179.127361557
247.670460955
200.988494851
170.578389353
467.158209245
352.643026667
213.966906097
245.640790271
83.0914996988
348.481300192
123.349534277
138.126753302
413.499953345
124.486280142
391.47485465
302.828636004
476.361363949
217.219570025
507.552941967
459.502283847
470.025464207
485.64495104
130.972973994
1204.869139
78.0796106523
319.895616222
304.607799633
289.481302796
470.146497201
180.954970156
522.133017401
595.706998077
278.033505032
468.588560725
365.899073554
524.093952466
379.962821836
215.258262866
269.788689386
245.368184235
422.436115572
442.780696073
345.911751033
674.419007087
100.343030112
233.283807282
262.462702919
156.626332683
627.010166463
387.414217147
307.456074684
188.391409415
609.022978347
492.161277959
142.011103661
249.044165564
502.272895614
183.152601837
325.011637339
490.148652991
510.399162785
572.180153586
349.934126933
69.2499992696
127.915396315
457.547998499
218.608189652
96.9123087977
56.8090538566
376.717722037
198.079092166
308.922379631
300.658835827
365.046960531
405.111385248
469.63530827
664.570334883
135.163123393
121.332726757
348.129775157
41.1723558956
140.974086412
646.595530378
402.915051306
224.697932139
177.420564259
318.165868702
182.09218595
750.550812167
100.466335852
546.061061124
303.576932089
348.818874184
278.542198687
212.345792469
181.439600061
294.122911635
165.200990588
498.938769449
310.769429029
157.071900904
404.01450766
114.30902339
577.780478358
169.962403403
325.243915984
143.867689916
242.842761328
388.365243351
423.174084974
122.487128694
370.707797833
109.636280871
277.423498228
811.749118181
271.437129801
284.456755993
217.788491484
471.734580374
156.255538215
599.222450758
705.086650501
172.719416707
1041.74409313
91.5943753994
545.447964785
366.349836009
81.2445259671
420.598369393
493.587600677
387.208901071
652.32115704
169.625819115
251.237029896
334.729588461
192.611729953
392.162076235
149.688104094
411.153610959
215.54519728
544.955784581
320.271591305
244.0192753
198.336919666
431.205092588
276.230532174
117.699787634
318.477660756
749.705734709
184.143712644
328.335140267
348.035675077
306.135788279
449.259764639
541.798553205
830.121660386
157.092723416
517.792698962
512.47562307
272.123519511
479.191083849
37.9119054399
438.087994767
410.26957571
310.264820114
459.387747102
82.7327207242
590.226444385
342.903279343
299.7336379
644.836455572
503.3307886
178.465511813
510.491928629
378.400324091
238.817534698
79.4013273731
532.360358003
198.128883572
175.670167724
233.233071129
440.310829768
125.653213934
221.092699609
192.469312774
183.535011495
457.091984445
58.9521867049
461.127381346
294.020299332
278.812444765
303.036982159
245.074534509
103.825391159
249.568503729
193.808501867
282.608057518
556.340027231
114.307565388
95.2116577747
348.655611696
429.446219792
375.571783209
200.453256489
481.865916141
485.093825188
236.63517672
237.580367476
516.335839405
360.293620837
311.076868148
428.443976056
317.105304537
758.864187965
543.382894693
265.24855852
43.5693008217
467.801767298
181.738766805
425.686558607
249.704960341
333.463140875
239.687319498
128.996510604
227.690654431
76.1320515886
248.95209666
450.027160041
388.759794112
770.33910312
474.851004881
381.060872684
430.609218013
1140.61777817
293.440001951
419.847324509
378.569877429
168.682355004
299.120503991
650.030861348
718.95492461
164.30455109
377.769882232
130.009575984
389.017779139
398.846784024
206.610389271
268.371566235
713.950606693
209.590976397
92.2154064793
285.360614424
365.622013569
65.2734574843
437.236061187
291.333304644
69.3332685073
334.979457176
300.237745228
291.371993254
350.094506571
446.980407141
362.233537271
384.495148936
206.671593036
194.017730813
422.9408715
196.84842811
382.301290645
283.398630508
257.553833495
101.123119618
268.442024672
230.592511479
161.155109802
436.783320413
418.140375689
618.929080515
278.768254141
547.527738699
242.625806062
140.765557687
361.106992722
245.19139803
660.746289835
409.756907996
119.005379403
201.234943671
398.357917884
52.2092861004
510.142258856
126.333217394
378.317017216
61.4680719592
402.094611137
501.684085573
327.002792236
521.448809541
545.565140717
257.735489297
196.896286108
279.229358515
321.480044321
621.757179061
135.135704602
340.616952832
272.368624567
189.727254623
256.953853598
344.961896506
418.170472847
467.368700013
224.801401443
642.833153652
401.525198205
363.571926018
489.31805563
113.853450699
781.150432465
507.140543637
173.040830747
671.014765958
373.137255247
636.647881556
117.941240193
422.248913624
233.741732712
135.278026856
359.258523567
319.38591542
453.062072865
463.417804522
471.971729353
331.260533926
498.851579601
481.297705618
241.70725256
437.541258693
596.290993844
433.756910454
557.086740135
364.358577119
82.2015847746
422.210248161
212.652276575
573.448831565
998.443206335
232.489440014
250.647436553
246.018758767
105.411647419
309.837113322
401.951347965
515.236037493
353.867705286
47.3178047587
733.400576187
394.256720839
31.8336247903
455.55846923
265.075827056
500.117271879
177.205672915
481.780342612
76.1395588318
622.64028483
399.001086097
291.587236613
425.455101315
393.873456925
432.399724871
167.956931139
539.768284757
231.168867343
317.417189369
440.675847011
568.636876238
152.137570029
251.481621427
174.528678818
457.800407138
352.249034422
269.982430128
301.057654515
236.123239653
136.382264716
406.802626582
512.726515397
373.763363571
452.686784064
487.812645841
360.411856175
132.280161421
694.061793629
209.113334559
385.198492627
666.943164422
248.846504164
208.411507629
542.376259116
628.281071321
364.999979079
137.152489902
93.5377386347
402.358138069
126.095654679
412.551489486
332.269027082
174.437568428
550.18747803
202.393901331
86.8051452982
252.898421222
202.578666862
262.186513864
369.353772802
36.9648200811
324.264987924
852.982907475
71.7900832471
98.1616380543
192.987437734
423.181930797
338.564239957
272.472863318
311.014686723
343.983403678
100.799883849
321.0225312
376.78847957
244.386625604
511.355880239
450.655704404
207.552888729
305.962515328
607.427126011
623.252995563
359.828995461
372.822327848
295.473989933
453.343806381
435.535144075
62.5278440215
590.784482767
552.916923156
551.292113788
771.148095766
911.339856891
199.619141307
166.819057737
140.443555535
416.762456643
217.122369019
171.432687389
128.313336127
298.374996688
294.835801381
212.554012321
452.549930454
99.8111611114
465.155294329
295.561815249
246.684360224
268.739325626
198.154186852
323.417322992
509.707817621
186.229203301
182.516085937
151.154314092
347.509016276
418.667913516
213.299959118
454.172410058
183.931846272
97.2176743709
233.04330896
355.872058391
393.879446453
245.314032101
254.310358756
565.220106011
256.08793045
694.817203182
388.073835063
421.212323369
530.260922411
131.236147178
259.800739108
492.035064688
174.008195416
185.739612014
196.771252845
311.298802298
404.048252203
168.562686212
606.577046724
337.411394596
601.450754914
60.9381652844
313.262763816
313.555806841
476.464770243
836.622928903
110.243308482
228.871620654
331.060541275
256.338636254
293.246331363
61.8939550003
213.594722825
208.54731924
497.71597291
530.559116904
355.255318152
555.350129697
428.431767587
139.192225898
498.968723692
78.9241716216
181.472580552
361.792272799
265.346127272
370.474265356
298.933100563
153.588337194
254.896652539
95.0774888398
382.848314539
592.751989472
859.100280842
107.233764004
218.652415704
352.898448356
268.311450726
179.01980536
99.8373590097
140.225185082
286.953427788
251.78719231
162.453990073
418.511110002
484.316758445
249.139125693
633.002547291
68.2543735308
496.390996268
350.261937367
187.239114168
112.107437896
323.788479765
557.015850763
360.691340963
133.149569013
401.475648556
557.359993422
113.714047659
572.080263823
259.542450447
417.633629743
290.884775568
341.837228685
228.733488255
645.890969711
386.912539246
448.824951097
562.054871389
339.104293913
517.835803166
140.548335197
513.703378527
371.70029766
196.247732311
401.886965376
265.895137809
215.351780307
251.644634187
226.893128702
321.069145263
149.044891909
516.331138503
402.685536336
357.535871432
254.308678996
48.0066313985
106.013616907
467.323615096
321.336877648
228.42931425
334.772734642
624.600234203
321.6608336
136.806978487
508.193280071
355.242209316
164.027643234
324.060571849
150.682394237
392.31692735
204.190313633
238.035032343
342.276699927
230.499018111
91.3241467776
279.741868991
267.904600201
855.097362707
177.912839284
458.169489632
165.699731042
347.206838706
192.186051743
858.135211076
437.740476139
116.59540333
272.411675117
163.177566825
741.534129352
346.514493853
278.356081122
404.526890666
291.117362044
452.885389888
417.732841245
255.697444936
159.47686473
56.8258894674
281.392082015
237.427827238
374.336893189
137.501445684
205.476280199
379.96797106
500.27672168
554.771157745
161.838839609
316.291578239
251.047013979
145.938393764
236.271665393
291.135945163
323.673080044
943.621178705
130.141997167
790.867487096
166.297514993
252.267798596
291.6683988
132.613464083
209.390893036
166.360078103
110.411019615
485.130378938
557.921546579
281.269518273
142.286282173
108.843416675
200.559036978
321.365723901
77.0743243863
369.803647989
322.797947959
148.954649852
200.045582245
138.694128862
668.409133249
228.923094343
259.92018201
403.855747621
545.147947474
133.479902596
187.152258814
343.063186559
488.055790684
127.376505593
388.128830118
179.832778741
216.722501438
562.731142495
421.194132162
842.528400719
249.649609695
518.698157104
140.543812844
145.109986201
226.239673304
445.788632385
206.443755721
406.213022084
124.470344963
351.387242144
185.899542196
371.835979622
299.388770123
256.169108115
186.197430886
177.849642652
332.917377647
385.416547668
27.7659435592
421.093771901
116.606664863
323.589835384
217.870033867
234.597966978
55.1311769849
171.956595735
101.513534607
64.6748844477
600.285797504
178.777086639
33.9927466711
291.17709017
321.253698979
431.922191607
579.745127628
494.74245225
485.136831652
416.358271741
404.565369839
348.430197104
664.583310533
328.92256631
462.650004057
94.7518215941
324.126245722
296.021769486
62.3714942702
589.936506923
679.09625485
288.053711507
307.770290273
192.0650325
74.2992426282
255.311357938
220.349639916
209.379652264
53.6866151621
872.889089069
363.406840472
426.851964777
479.506112746
304.414566924
152.520727509
356.347002791
305.472385828
384.454196242
179.519497871
114.384082385
604.770272729
238.232565991
248.229257328
457.297294962
523.858108635
493.705334947
505.634605792
454.697861244
109.850595255
113.564183109
515.312143676
389.961367589
173.230534857
245.366707511
482.301309988
698.096025584
560.041813567
217.479885271
729.595841604
310.375995094
159.801390154
187.506540128
69.432101267
147.428129088
16.89482621
361.235482881
123.692832955
85.4368575646
39.8476484977
34.9273669838
515.251348436
105.76660831
148.594759064
335.763611293
192.948204254
166.390106689
403.965536864
563.574352396
182.841731653
251.383957405
182.271588208
259.482762053
61.5291227036
528.600506041
235.294265781
306.079780731
299.597061421
369.496143473
586.768161059
91.4925908655
315.492022898
756.439157435
352.707935056
512.897192452
329.141693487
370.81887917
304.822256484
32.5621545674
356.948040983
497.928670937
202.432822617
831.134699143
655.999646395
341.992964913
381.027130263
320.444444979
500.657431952
49.5398908837
487.147196162
317.584501287
152.747392445
186.53821867
304.148731209
221.71966342
621.092293866
73.6686504044
441.035565325
437.652155104
329.155578984
296.596813006
301.579861918
91.0664344997
363.731393883
444.13023164
502.483629421
165.12165501
433.447103735
402.090592195
271.011009902
227.69304925
287.96411103
244.277272819
343.090738924
119.567534222
338.105612144
198.28425748
510.002468606
396.319156656
360.081764072
273.128237299
498.447699662
267.621982468
498.514505052
65.6986250891
429.794531427
438.427823102
168.186773781
515.432786037
171.425500609
179.226018706
235.993938661
49.2297633427
465.000202803
446.529962451
236.955617076
103.720732621
300.086482523
535.192227528
178.336176485
157.507908309
404.96990607
16.748591376
394.982312397
100.715540737
368.756494569
98.7795155016
482.679643634
529.605526932
118.967880042
137.355292742
345.833159049
122.702768425
205.384373474
226.094400778
249.883424262
517.791398788
200.505845304
104.277310113
5.32253811635
358.082356115
389.92026887
243.882677063
1032.75808266
406.705496214
437.538662377
395.544368056
94.8731861259
171.090108637
579.599234614
497.724056097
711.518395667
52.4558762321
363.004605198
169.05357523
388.746149468
484.28635254
366.036817427
118.448545406
366.828293084
98.4480853752
159.70664896
385.849754663
657.599161423
349.137398855
182.36316277
288.735185135
318.975409993
285.170316792
88.9991718411
259.39231251
263.580143429
343.119980692
595.212353407
253.902354508
372.599391311
304.898044919
537.548278131
466.512035667
399.641856017
146.143773756
340.170584667
214.863458694
101.174416839
383.575643714
350.52879314
550.733332958
128.8699575
105.859588608
91.0945495343
348.98380717
416.2188953
239.628437378
266.267703554
158.81119129
337.505591677
171.892091498
330.236912422
575.921916371
324.325519256
529.589747266
834.191776198
248.013148573
706.376604055
184.638453768
202.11657416
188.075573989
327.835416247
412.657639733
150.013995112
75.2224671797
350.98843481
264.842747262
128.430078954
172.645382181
263.64148428
183.951190765
308.814593037
71.8001714768
253.234832899
207.122684592
244.599112629
171.949743564
42.518812441
281.727772365
204.807470473
428.862097083
131.430740318
126.883744905
692.495552386
742.239816038
225.851817566
377.103939594
335.494656379
352.16763911
268.465609029
241.281936239
306.963037009
98.6301327642
327.801818019
156.328867444
231.340187056
468.274105194
135.937395098
245.247081377
407.362047125
543.766859269
38.5408417925
512.358644478
42.0832134153
1133.53748834
258.735134514
135.977868303
185.577886642
153.188754971
149.828927033
416.100256377
512.621213164
368.000223703
72.2563380089
694.446672851
154.502997085
485.493979642
204.600157317
155.073017899
501.882625079
125.727639064
340.143296465
43.7642452738
289.83133839
455.823708375
172.278497746
65.1083169631
139.582528786
458.022903653
313.220006565
559.570646077
264.054164683
252.123085937
376.637119259
827.803429433
157.621494056
313.654154169
85.2258968382
191.499353777
198.94035294
84.5140582608
453.682670781
316.271764072
324.469352217
524.901489316
340.15183012
261.730361168
70.9234044076
263.479103339
495.936612473
327.986952827
376.382301978
337.878445108
540.766137686
562.09577566
270.64317513
400.623003809
135.242588506
442.069261258
115.739584385
54.5808574683
152.191964972
561.246018143
280.179131836
270.636652885
439.427783006
609.128677898
482.997849247
329.170817202
40.8754366528
371.788131821
364.523601244
305.318627454
134.384400462
311.931140756
516.0590959
385.931841614
367.180717657
1003.44821023
400.832852406
246.850706444
336.911989466
187.687430711
243.853798874
18.7161615225
252.42540393
428.260438652
195.034102721
261.394718423
489.521643027
461.953817059
571.296197814
1414.67223184
77.9731441366
312.164224317
616.710824989
334.71317204
89.1970941856
335.99918945
318.507238704
338.373681982
182.386279067
663.0280197
125.294093044
333.103750733
222.178515737
183.807401338
73.5110362817
239.668055662
119.589967636
328.123902049
293.338249877
442.757412595
327.686510206
380.293842898
279.501360647
648.72098745
278.015027081
423.721017107
210.957554235
195.884589036
123.842899716
54.6298427388
371.198492585
248.520995001
116.788917214
212.160727645
845.678345072
674.174835479
182.558016468
204.629165315
107.178878282
575.385372403
215.708497585
451.962923253
60.0829200593
22.3215672381
505.136120942
217.752775266
431.388944563
476.519495409
182.56073707
303.967834413
224.160773917
265.348685454
180.977550388
251.725862096
490.343721183
288.6840061
316.898213068
156.670605737
290.446379097
372.663553962
179.645177361
12.9982630242
145.330160766
68.4171588104
509.89370668
349.858719132
55.3660813511
427.753477721
517.782039321
170.822419734
104.120630617
166.014558501
304.01882627
633.733534499
142.682597935
265.365362171
416.054132208
616.201124206
405.583259637
489.392664053
449.02444187
119.481026869
334.39874938
305.140316055
188.512651106
290.584268284
769.178986647
745.731714002
420.634679278
180.165740813
482.882107177
277.284670203
288.333761374
262.532440427
344.082636414
238.212479131
287.702139847
399.58041921
147.989760076
177.574219482
242.935260141
704.553381562
261.870894318
404.261102531
104.239959023
432.498489455
614.415363989
399.285529294
383.462366908
219.049145545
526.721181826
109.230506317
57.6713829
29.0912564454
174.271551457
94.2766358218
436.813160802
202.255242435
443.778647269
79.1090878341
441.698926361
162.935573679
331.253521422
372.585509161
230.667521015
199.934026557
526.256754224
547.222080517
483.431601668
356.39291264
391.29972095
161.304751897
47.9728870476
491.129251728
310.572437381
224.555021452
285.013178087
343.253689445
426.947459874
73.5062186584
40.5786870013
385.753172963
282.259521916
318.793092832
97.398427194
90.588283951
552.881718968
310.056693329
224.872995871
334.750283288
523.34207047
116.979299494
284.72764487
542.770247107
183.027638332
79.9691398224
429.90751273
455.821417141
86.5290224918
339.60765431
385.345326891
513.307344404
291.815277557
578.879999248
281.364086278
255.901606148
414.365832138
293.05248724
501.360552194
290.960658925
207.912195597
298.730546203
541.522607751
787.234345287
424.235145498
454.757161379
473.904921204
133.074672968
87.6049782772
358.427130304
501.430653072
412.755995847
81.606565172
346.185571492
359.579332029
101.301168387
471.539409129
227.328125042
510.522671011
321.018176673
889.024684987
615.624238902
184.333654531
179.196880151
530.339105949
128.532963231
498.068859767
377.09217729
181.743602347
401.470085242
245.874225929
130.961652644
217.068824926
147.738806509
136.092001462
275.564368531
432.319763734
121.685619246
1054.79800069
419.622725939
420.758806435
519.682045061
21.552644433
67.7218352056
152.923211915
271.527635727
147.879505503
281.265487573
113.9687092
526.000702581
477.330223171
87.1514850984
449.262871372
239.971852598
90.1171750707
339.05861171
373.278171392
481.053162339
269.021926375
266.09232777
521.226405494
203.608875539
380.643685053
219.894982826
507.530911515
264.593220805
374.381789173
126.521404032
345.96796552
463.930740845
92.105372692
381.078175072
236.26227809
232.09419443
476.027510199
480.936263584
512.701397138
308.768552654
329.313613205
399.51720653
49.1760302782
909.555431809
626.640855319
280.322268006
255.479260485
293.083543292
95.3573025582
231.257600189
304.801543364
164.676643015
322.044795421
409.184541956
126.419407607
544.537524637
234.517306907
537.368424755
486.985296518
704.908363865
333.330620963
156.336126677
487.271705651
518.680251499
348.924822165
312.568410071
93.5512449774
970.214916187
277.488067073
74.3142243349
78.6577390654
541.775749647
369.734155515
223.432244067
311.771713117
321.852144923
101.069828093
377.902612631
189.066447762
214.37865428
363.561748247
242.543383296
450.946760127
344.017288497
439.745356611
211.641827092
301.17456577
677.273764615
352.679715891
170.333787569
137.610353912
312.428530378
304.943067674
285.951072943
29.3596277082
152.544726655
276.619888624
215.355805844
139.346788364
306.416303587
134.556756558
595.042279982
311.749699371
280.309375158
731.918525558
398.28122741
226.066089844
384.425170826
410.922451077
453.087433145
198.572521318
488.565514983
186.837429363
263.151719584
194.804962447
304.202561605
145.435541244
460.919123195
369.072879402
420.207997512
189.455276321
100.839610525
136.08207433
542.903117968
193.261217439
291.553765725
85.9195321531
488.36226045
967.786148398
128.000266859
419.195567039
136.272579964
355.286243605
570.123575319
253.298420422
71.6866783627
542.191491328
116.841401883
458.610546287
311.040480454
732.232624041
77.7104986362
456.545734798
234.32084746
170.183943987
496.304848957
124.741551651
357.39170465
330.225282967
227.035451159
347.001812803
537.355724534
590.887124565
601.23742402
322.569660802
48.9046454407
139.814572926
473.456391273
399.842508655
310.892354626
453.674059519
120.586058271
342.451951362
350.333481162
624.182231893
406.913838176
445.750273865
230.873847769
235.502418789
144.374817794
538.860215689
270.279082287
291.431301751
678.861037529
246.280049705
367.009504953
204.144313859
548.202745825
441.099255387
246.840683959
100.503254013
236.589732727
191.655919649
461.815378449
334.622712071
712.770167535
356.254797251
805.106596729
264.218703166
585.122709352
399.639281823
402.20016743
60.660630661
153.202951175
314.224251445
300.821655665
290.664641792
574.48754089
244.726953713
269.698333466
62.6067832662
129.660075324
557.956078764
296.348244807
428.964410729
239.850641887
1378.61115403
321.882482145
298.763830057
357.218987737
327.008109333
352.594541099
189.574410706
428.962732443
801.69578097
356.551883643
191.669731267
58.5520341671
345.861499691
268.610557761
122.506731634
374.326142072
338.398262404
12.7574227554
40.8035636713
210.498365883
279.450021627
468.628264152
502.00588088
85.4714723503
679.781878427
215.18693678
412.278238441
290.244683619
223.709383396
168.734816465
653.486375594
393.999295963
136.94653876
107.713747852
424.271462797
230.587719833
87.8145221069
477.15353222
149.562608142
55.7654417308
153.274236013
124.901996355
481.639559053
214.582106325
449.276662814
250.77110476
438.584839454
250.815660336
133.802070962
505.411873254
162.675973852
339.86846248
389.44283673
90.5791865796
156.824376083
638.844055025
491.022530097
204.076396127
117.010856731
509.961283473
522.655960506
487.731696798
177.18535294
483.378969053
634.326716761
387.604641038
205.27862339
478.038241283
182.950667432
699.954521018
297.444795257
69.1788749521
257.106360734
211.146104328
664.587807076
412.152829358
188.06581946
233.004184043
492.643441431
149.393204875
187.761346594
100.425435582
696.038327603
340.839773908
425.06328263
513.875943507
354.469908479
180.571718081
532.416794323
790.802532912
318.357317493
186.753738158
163.415164886
42.1652003718
392.128402143
530.535355978
354.628958551
82.5514863078
83.0082988459
399.533636618
287.409353581
794.184206308
429.866252367
368.867301381
44.1471424542
139.744758042
133.508428747
366.487365797
488.421038399
139.385240293
411.242170193
89.0082644217
391.953895531
409.706037522
309.926397411
304.25661567
285.981452277
199.50032339
87.619763494
342.608790222
445.109411761
536.585836918
213.750539371
356.864411616
415.98725949
242.585510705
230.377239569
502.786148916
124.040560886
176.382948511
58.957437805
89.8139867304
94.5989252385
181.071405637
584.353045607
383.872647753
308.234944215
419.476769653
98.3163591599
660.82087296
85.5641642735
186.861755457
184.468140195
263.259270436
213.189951038
543.255752284
507.609373838
124.784275591
135.089763838
444.491864539
55.0139744259
586.176219628
334.0844772
198.959831683
173.659670869
361.139121043
434.685273293
156.711838788
243.641540474
384.733749227
597.194133147
105.061261462
192.943107756
577.960957356
391.741247138
248.914624001
395.262021657
361.511512408
949.989447268
437.295272658
407.303692342
698.854346772
121.509746146
259.970888652
391.21660513
489.915032343
574.650045642
338.021562027
660.852039681
196.993279501
476.339377478
368.244993566
561.00460573
388.862128306
488.069908575
143.04825954
254.786546181
82.9337155192
206.612587074
227.715327353
645.605896015
91.4536313615
129.637189098
288.544742085
526.861309743
340.715346344
43.7722326192
482.40418798
331.842035436
482.01363697
368.7688743
315.838850037
413.166970965
200.446045844
279.308854038
477.672258214
296.68198119
178.029839535
61.8945515334
339.915639056
317.093282755
531.297453185
389.080913181
256.516209729
200.829589877
275.933873555
166.834931837
306.529313739
121.734333113
127.96904074
458.196241992
242.195664491
252.895197861
83.5710708331
404.868584742
436.872632681
381.043147511
326.378567593
262.213723822
814.437628071
135.129637563
450.597368218
248.081872071
256.030615458
371.61275452
145.172877995
104.44021837
273.558095712
431.886040119
139.618164485
30.4782737917
71.207454914
149.887053107
101.635236205
283.257545467
140.861353456
268.315192785
228.342086746
393.579289089
190.617567364
221.950446676
146.044516996
289.614880028
134.861745074
268.012912918
223.464175128
110.734093677
138.236077325
330.756573532
536.344985
309.738601904
163.552869989
186.411038515
375.795928801
204.002605286
298.636556009
590.536175349
261.959749523
236.656890679
504.799287049
257.824281332
491.088413533
189.135236194
285.231633407
360.950032112
469.005072606
113.45808643
124.293040421
155.831121216
211.626339713
243.017198959
246.633593585
818.244253313
107.327273032
218.740994895
272.147447346
397.04386731
380.939248831
239.744945629
325.558273507
190.808115542
395.423027622
163.88195582
444.544350573
567.289277427
290.165916306
658.569100849
307.723459896
613.118436667
529.624901649
405.104308594
511.533078521
298.195654994
278.474021228
148.877705158
451.369957002
394.950231135
337.194825827
202.736469606
415.564436486
144.957164103
476.535036163
113.644025564
230.308082358
371.869992409
568.353355896
633.639661166
162.017957233
410.122014653
357.754416018
159.228191704
620.977114137
189.501680978
83.8597461947
158.826914539
331.442208205
116.779480224
231.728643411
44.3226008594
346.769188199
382.454037788
319.587468629
344.255587582
403.035198991
128.215272929
534.784819159
533.204680688
307.575228396
461.288975321
296.533274399
488.087744581
292.329695689
182.174678833
253.987743116
212.436170221
670.829163784
477.930322079
320.095499617
257.595636524
215.077250282
253.945246956
194.094979291
189.743105558
455.587684232
203.664765278
339.528545711
382.739371519
44.4210162495
536.01078331
544.333388555
395.500072369
418.997309955
444.971599878
248.589344637
393.903409554
537.45092458
517.106299942
185.596059001
261.814386681
188.478114605
241.512296157
375.282109965
330.696853101
447.810122896
627.900730646
479.421180223
70.6384039478
526.762066326
217.678599739
388.493999365
78.9161657535
208.344247601
366.534029016
691.439985306
214.772764269
271.707460954
365.945530132
377.444147782
870.712406026
5.81337707616
153.816447985
292.429355922
119.684513545
143.782370762
232.748266521
542.648950475
337.82809464
172.73491464
73.8161556939
214.83753517
377.82519084
73.0208308825
251.39007986
243.05296459
373.611712115
251.486200881
452.417708183
307.358610818
456.027134881
319.670691682
286.987537514
420.637521618
300.377684759
688.30566975
991.137043099
481.03287307
450.013378979
455.460581669
425.641716018
336.290095487
404.810431254
269.40694549
267.166669114
440.593944423
409.223454155
189.614230645
623.409715981
353.169783095
413.165883927
112.795991095
261.609105062
644.731552099
198.163523535
744.486009376
433.870822423
432.768525721
203.052977932
874.175039394
590.497944084
333.974098323
289.628865626
411.899509213
745.842255629
180.536383823
268.251701623
213.527123051
330.544036821
48.5556366336
360.667177704
74.1481952123
64.5386965749
493.413815226
112.237232789
367.856139293
379.670499179
185.160206211
313.683744513
193.695713196
178.299608945
282.649367242
131.187370686
794.617255569
570.259534897
334.81307545
127.074777725
342.869012881
546.598556389
564.254224879
432.577158648
327.85826607
323.937284254
129.738205251
460.804773205
200.203958342
108.317182287
110.239177214
560.753006353
449.307360658
156.478763139
732.011861031
348.0530251
544.312066296
700.883311531
394.877876663
446.229398218
423.923945537
915.979364117
92.4841815395
360.700833664
166.347529798
557.141433895
136.112988209
124.664572043
450.955909966
512.588541802
276.771235036
218.597875441
407.729039265
154.61909709
270.631226399
182.309161156
120.519758307
102.66381629
369.771382215
617.468163252
182.240503744
464.933707827
624.926653693
382.891249253
495.104264053
129.555374844
222.11760234
285.692397264
152.186728077
58.7845778144
497.44286634
266.668448484
211.048155538
350.471253417
352.027556551
135.190059379
325.502281721
