2.17139694975
0.622201064653
1.11240191623
1.43411421868
0.337380745106
2.33224013567
2.20764740018
0.690405335251
1.75132674874
1.70541742323
1.23912359899
0.648392053238
2.69033413604
0.000608567344637
0.282063564308
3.05281690119
2.74567654521
1.82154575632
2.73683266192
0.212964350835
0.641375045049
1.6269301371
2.86427666977
1.2491857771
1.26149038096
2.01846669457
0.568946695624
0.892670618359
2.37626906405
2.74656767344
2.43589478239
1.75730608693
1.17116173289
2.33682268667
0.659886147126
0.543111196688
3.07038569373
2.88832171962
2.97956466671
1.8757762853
2.16843977401
1.16199884387
1.60922341207
1.81380119526
0.293744721069
2.44244821298
1.0113876907
1.22365026451
2.42676759702
2.40448599644
0.839961543496
0.606322594755
0.390698702756
2.59292118598
0.968272656869
2.69443221184
0.164582606986
2.77582274749
2.5769519845
3.05402886664
3.01269718161
0.805703901832
0.449137013373
1.0895975288
1.64005101114
2.04580595177
0.50047837937
0.628355714389
1.87545406984
2.78580278166
2.94353579652
2.72685624714
1.06253629787
1.68101583621
0.0427568859443
0.120566755347
2.20942354275
1.42591549987
2.39665654422
1.57071455011
0.0142583007817
1.38140821408
1.19931556672
1.14881383661
0.641734535581
0.849974884411
0.777714720021
0.532962492326
1.57567303766
2.04076723993
0.349057729474
1.07642309474
2.4114374782
0.882884505271
2.16551407528
2.48522096519
0.936042042025
3.06406457091
2.22730555977
1.34427772
2.72690158116
1.30789085177
0.485581492124
2.77630554794
1.45582065257
0.553510403908
2.12902748247
0.492352024579
0.350924136665
2.63205999232
0.0487859806496
1.1110213839
0.639181243752
2.59070048766
0.347572872418
2.18393658804
1.94661926692
2.62141509448
1.18907740466
1.91802342613
1.05826425527
2.30178597177
0.153707648937
1.85880841615
2.06405320029
3.12795201015
2.35722711815
0.648670465998
3.06357331691
2.81180808449
0.619857018631
0.187874712149
0.174006639292
1.23674868057
1.56040610521
1.20061740923
0.00390480390263
0.184290531085
0.143155312452
1.42245431105
2.08254272084
2.70186480165
1.45875929347
0.292153569145
2.03177176902
1.15938128978
0.66013381947
0.609283697396
1.13627945619
0.36193371016
1.55906955662
1.46076835621
2.27749111225
1.1143413498
0.937303943988
3.02730476306
2.74322657672
1.85733228177
0.356928894172
0.118893636639
1.88223441723
1.53388754944
0.150461197689
0.767050329137
0.130378126406
2.83771145259
2.26959221234
2.06713978341
1.77083023525
0.959309202382
2.54622028804
2.56977715735
0.17882787545
3.01949347865
1.31535121059
2.83057280883
0.372005151631
0.960245891724
0.522867148026
1.53825923547
1.63843863547
0.370808626156
0.874097224591
2.75567791216
2.36422260754
0.456728465322
1.62821408762
0.00390654909782
0.685067383557
2.09129277521
2.42202400252
0.775159844238
2.30679948894
1.23669623781
0.367170376757
2.0705107467
2.30958411968
1.73278856242
1.56888977321
0.748080032263
0.662139859976
2.86516726738
0.229990405745
0.270213647735
0.905304879435
0.0789148620645
2.14561533535
2.88328875911
0.673351990517
0.215583645352
1.4241199391
1.03998366533
0.659713449951
1.21521881175
0.869980814987
2.01746253052
1.53655030314
2.49847168101
1.22651619255
0.80336308945
0.887557069203
2.52178662698
1.99210295848
0.938701072885
2.14990539893
1.23776404058
2.79507045348
2.37155116498
0.412911257281
2.9044836805
0.65223868105
2.55990943659
2.90895634895
1.94152732982
0.0309101962795
2.8524367009
1.82838906024
1.8018978733
