65.2243716669
57.2429739673
18.0655516542
26.1114374323
15.5981377628
49.656086228
67.5153270221
87.0074122722
73.9174688779
83.6579381849
78.2238104091
24.0700689739
65.4345346849
68.1707872637
150.859011412
118.104951697
16.1108052698
31.6722845225
23.16356748
76.996005846
41.1051583592
287.676415135
97.040499429
213.107833108
71.8933436893
46.9515040973
141.99990496
75.3829835513
109.466392579
82.647164009
40.6752532292
158.468373127
90.760960419
147.266277822
104.082503698
71.5126141192
61.4389899948
105.879352472
77.9794704819
121.748084316
31.1395817494
44.1797716785
66.0407700522
34.6180195523
40.148584452
76.9093987774
72.5325940097
82.0049040555
126.885721086
77.7873086807
53.9331638407
136.658808658
75.9887219883
130.533765382
155.132787766
33.7436778377
239.970346675
70.4029093667
71.4796971829
75.7499661011
35.8493103015
53.5796820218
121.233323805
173.789051203
52.1808828988
142.601520169
46.2103645871
73.044984211
440.108768339
25.1271719835
454.627944073
75.9174223015
39.6099864856
33.6732284416
95.6790912995
148.913982626
200.373672151
66.5096330442
35.9707230255
42.868489757
64.8155416403
89.848140984
33.6751210599
96.4259373596
62.9640383404
93.5121795753
88.4315215219
86.1525421451
63.2125489335
132.412041989
71.2745813181
79.3303209352
49.8006663493
144.655829832
91.1447790334
116.801381101
90.4965713863
107.840879068
98.0903641701
172.765737542
110.900265444
96.8600566907
29.5090261265
99.7704633642
18.6116559116
62.0241953267
85.7792915036
102.232860745
242.556154978
227.764918936
32.6922046779
177.291429508
151.751768956
334.555252536
36.7327967252
116.801212239
81.1004582704
83.0017741128
91.6732549104
47.6178069291
190.513787852
120.96784587
55.6644244741
36.3078471298
64.1792640535
84.9780180343
63.3092585776
65.6813256065
21.5857136598
55.0161457041
48.5555597651
61.1126061235
102.097236926
44.0225640676
92.9606441418
97.3051368679
44.7291754628
97.6653482265
75.8967015684
75.2841012931
71.0443352919
95.5737313379
64.0888077015
144.607159563
101.573005139
140.231426428
53.7177616949
98.9314960813
48.4540649114
81.5123908839
65.6499820651
141.248929104
54.8487382688
117.955229777
121.420753968
26.7746794735
154.251926333
49.5806364013
30.4325174177
109.542892148
54.9896328798
68.6417098282
100.468210455
148.260225989
105.865672888
38.2603206859
59.6292617313
149.125404514
165.129733428
39.2616917475
59.4504712494
50.9138178675
95.7988309848
195.847054145
88.1169702849
71.3792253334
34.7199183978
75.7041289884
72.9492862276
41.3672232132
68.3260033205
70.3254874891
74.8004775829
76.5853125294
77.1327724135
91.4243732511
111.665136144
151.906532189
85.1883619503
34.7081528313
67.7079976727
137.978815079
300.69188657
45.4635718234
164.913603203
69.2792556557
114.69314486
112.673727673
125.585911744
159.127517449
57.1533920473
122.550836095
123.589338056
35.6994301367
79.0996308994
62.2532054354
69.5608629729
38.9626513738
162.229637595
103.892883563
225.810264474
118.532953914
78.884952447
47.6439917443
102.483598582
62.3310544386
75.1010182624
38.7374407035
116.247633234
105.186106074
102.284431513
84.0854229539
58.2165597717
126.998780347
399.789010559
65.0201549736
55.0875550616
101.121478146
219.529439241
61.9171684274
244.911405911
73.659039852
1001.82377414
85.2018325599
86.0246148437
56.7931741095
72.8196184433
170.94641448
