0.535477569498
1.05691973678
1.71159486095
2.28910793776
2.97635503401
1.36001055195
0.0458012778308
2.67131058019
0.396270449426
0.431817391684
1.44242570235
2.247869931
1.94347879696
0.483977529786
0.509932663475
1.27869206148
1.32034007852
1.59495873668
2.13242272182
2.6737998801
1.96082634334
1.08900781772
0.305350370655
2.94613538411
0.107152897343
0.689186157116
3.06069010497
1.21898165559
1.34987203474
0.353006821162
0.373122570127
2.54600192742
2.0016598481
1.90253660486
0.152637437929
0.902363590025
0.980246511194
0.705387986339
3.05704664271
0.51420803458
1.19337612926
1.28945371915
2.06872600175
0.459525597129
2.92229028966
2.43850231088
1.27461129491
2.9371129332
0.339937046442
1.48890923754
1.51207509462
2.39411582827
1.84615209714
0.835886965548
1.12628984372
2.24372244678
1.45800036842
0.453644087104
1.120388092
0.109495570954
3.0973503704
2.11333178012
0.785653013826
0.121328022544
2.27193955555
0.114565328212
0.957622318766
2.35161231488
1.08178302565
0.051661495208
1.20333384954
1.14101724969
0.630000024109
0.156239605232
1.09987551703
2.02325712711
0.437448603086
1.1854624547
0.183623821638
1.25926688298
2.27065187738
2.86335034022
0.611546485296
1.82432679009
0.276829120508
2.21524365954
1.28424565918
0.353584856403
2.81962750535
0.297949348789
2.09665029281
0.994979607899
2.84893184173
1.1108088913
0.0752272900218
0.8123955797
0.0432693705297
0.211788094939
0.0762955199494
2.09287614568
2.48017990872
0.903486748323
1.60364966186
0.895876528213
0.331609678497
0.130657211921
0.994195869719
0.73654079961
1.36138879483
0.880142556173
1.33153855565
0.540675678008
0.0639534662918
1.4601383274
0.611055698755
1.46624606358
0.623844788974
1.87457994127
0.234700707945
3.04589029307
2.18762682338
0.025127961582
0.432087060676
1.67528014914
1.64464755638
1.69668673586
0.481593831842
1.31629496753
1.3758248666
2.72978828783
2.26299138491
3.12998075519
0.136548653526
1.06485875586
0.21797336484
2.53594205841
1.42548084644
2.03400517886
2.762499178
1.6881057247
2.16679443792
2.82309976055
0.732317027411
0.172638900407
2.6282356688
3.13716170197
0.512446040205
2.64533676224
0.532244842577
3.0615666501
0.694732589312
1.96211809025
0.482577573416
0.261800482942
0.241525453049
1.59152112635
0.821587558815
1.06908993951
0.208965034335
0.168136659198
0.658398598111
1.8568861608
0.831762301906
2.901594111
3.09026007056
1.45313961104
0.151113078362
0.889061680788
1.30865998897
0.516077147366
3.1038360511
1.42299832565
0.447619414486
0.513642256262
0.815571221812
1.10215580715
0.191860126637
0.97718098142
0.0802263337547
2.85340974594
2.12544906029
2.40908215
1.41608300374
1.94214684648
2.60344823569
1.28046788214
1.59349279768
1.30585968952
2.55372250681
0.203026890178
0.170184498861
0.294248477694
0.341034414706
1.44659574305
1.4223240555
0.939259636753
2.40421687006
1.70438335344
1.89298389616
1.79404425526
0.647675669862
0.997497071431
2.80494757867
2.08790283288
1.67267272455
0.14991493268
0.844832425078
1.12656165311
0.890958590492
0.453061222682
1.57407536795
0.728538461128
1.39513996356
1.13601438198
1.30352256743
3.08735602992
0.0358262322395
2.74452395402
0.289772546402
0.0704318666892
1.76561376107
0.914992629514
1.53320733757
0.111653562749
1.60704000204
2.28576151287
1.94766145644
1.0385173018
2.51464272506
2.14900525896
2.07671907961
2.64086303567
0.024232907933
2.18296436673
1.46833898731
1.1753424004
1.65944762191
0.732872425573
2.26780917451
0.390944687373
2.20640336946
0.894785353983
1.65149438933
1.14338873139
0.158373391273
0.922157685465
1.03177454505
1.22672626479
1.1728217613
1.58372763797
0.458962966214
1.05655586691
3.0910290746
0.624838035723
1.38571233418
3.1214011939
0.67080431687
0.152912402453
0.345284816679
0.0881840433827
2.92816553482
0.271117534827
1.61871938905
0.273035292088
0.358860620364
0.404779805688
1.68226153451
2.24745633096
2.1045511339
0.534116999398
0.862097263854
0.169040680745
1.15695549896
3.05343421257
3.01870684714
2.58504180766
0.16690809361
1.3447658332
1.69921552483
1.48679384257
0.385091854469
0.242611978779
0.986819006603
1.36749802384
1.10499095004
1.13030208164
2.64747447266
1.41513501309
3.04199334728
0.306849902231
0.228731149455
2.1631016823
2.27512222948
1.2213453895
1.00295037737
2.44888368567
0.342270233703
0.817076221845
2.16877450568
2.79094630858
1.17100140207
2.8010474853
2.4221699957
1.14459596953
2.4351111919
0.789461076542
0.953354658784
1.59776594403
0.89956431837
0.618421964132
0.985177986423
1.04382416208
1.85909402338
0.0265698245588
0.420956100335
2.57503599519
2.69149442997
2.93695011225
2.68630305605
1.49925618608
1.41217793807
2.36035626459
2.43290317639
2.60696336398
1.97549724783
0.94392301762
1.11543909255
2.30573097922
0.282114636394
2.37798780936
1.68506007663
1.39880354403
1.44815841545
2.65391875668
0.31251823223
0.947911644582
2.87339850498
0.463375422606
0.109547355099
1.27576638673
0.138864001564
0.319081815537
0.516137792705
1.06573147386
0.694321491032
1.50075539275
1.78451733966
0.588772793874
2.24713025653
0.918995269888
1.54942080487
1.35478424059
0.445047333758
0.633992925541
0.818557637401
1.50162547834
2.06411896854
0.0906589010476
2.0249932692
2.19700477292
0.947694623052
2.80992229289
2.319485179
1.63113014549
2.54189679955
0.44708126393
2.70467655353
2.74707921599
0.815893445043
0.0527128905482
0.582804416639
2.1525829177
2.84738784882
0.704598701417
0.776965295975
1.83292468639
0.822228888187
0.655613335227
1.26067179241
0.677702847136
0.202726665875
1.72226310132
2.48989734247
0.0665330738536
0.0056563249519
1.07513036235
1.8888443911
0.867698895788
2.51540709535
2.96904058219
1.91862396625
2.1759296356
0.228221394468
1.261695562
1.44556341578
1.67111685538
2.57712930211
0.607427561761
0.451881787639
1.907424318
2.46076861708
0.910534136434
0.661777841261
0.933380752595
1.90225412021
3.09720046606
2.29049735781
0.866734240834
0.73687846881
0.772061177073
2.58904999597
1.2690741541
1.3261890219
0.170702415896
2.82026074358
2.60034821138
2.77129340451
0.175320663216
2.50304131538
1.53953933905
0.0160366132847
2.4690050352
0.559263731857
0.263097427129
1.56555938637
1.62919687495
2.11307992374
2.24620229458
1.17184797367
2.50832508053
1.07830070026
2.95263006816
0.858563536674
0.305182743304
2.09524471447
1.45253799575
0.721273671964
2.16149431075
2.91695670109
1.42897866108
2.52442014495
0.356195434884
0.237704472906
3.11937057406
0.18122133394
0.17912076941
2.82610122032
0.479694949951
0.713931657822
0.437961918954
0.111761448673
2.37551947437
0.825093070193
0.493435678084
0.158613915387
2.64069775105
0.467395732482
0.295219589042
1.3469629581
2.08208334642
1.37169927017
0.1291491299
0.301717976454
0.979200393091
2.00322937512
0.709758137666
2.1995500864
0.598341015528
2.28327596789
2.76530319759
1.15806452565
1.29743312672
1.18973363285
0.64462659819
0.239084621109
2.23553006416
0.867894260055
2.52575181489
1.41270559717
1.2850607778
2.13789841226
2.4075543899
0.685029413307
1.62861151565
0.837931084268
2.80081329497
2.93684646429
1.14223496805
2.35588082814
1.67833529911
0.590275591465
0.616674420049
2.88439573748
2.0256461551
0.0493654327825
0.89294981523
2.95081115614
1.48708142928
1.02857129733
0.848885844454
2.73673811568
3.13284247275
1.25717064659
1.04730526069
2.72226426615
1.20998134381
1.03092574816
0.551373447114
0.814360515302
0.444793851839
1.42678299267
1.19638187428
2.52904742155
2.26448252479
1.54593706047
0.217752827865
2.80686001633
0.711661051576
2.97181803771
0.235785190187
0.499577631917
2.43531056168
2.56857637185
1.18416878948
0.307713983497
0.874948994438
0.6831798722
0.319658719189
0.814696375858
2.60154697729
0.316981338041
2.30100320424
0.0804574353378
2.83789880344
0.843152956952
2.27667240005
3.05931114289
2.81175168539
1.63207232255
0.568563844116
2.12832124244
3.09131716006
1.26301093875
1.14630271014
1.44364777651
0.440890575986
1.94397355775
0.00677928765591
2.06216373751
0.0589374534563
1.34106018945
1.96741877399
0.0222663285699
1.57555002981
1.63020211697
0.515126469709
1.67710255026
1.42452273723
0.143821501697
1.36619178289
2.09769019665
0.415304889718
1.36664130029
0.664840514712
0.0106518592304
1.08121426743
3.05633262087
1.42808547828
1.66845212755
0.0438841833326
1.69543674363
0.88226054263
0.782148032722
2.59355119902
0.326429013063
0.418713503969
0.526322816161
0.983031567226
0.0577197360595
1.92334331276
1.00986936932
2.1020602702
2.76593130464
1.6047673889
1.11089372793
2.02161797103
0.929939550708
2.94723917988
0.528478477923
1.4586693548
2.13282391276
2.24283468131
0.0858212082951
2.87997113474
0.0565816432027
0.922269945008
0.226426532984
2.4906089223
2.41535357967
2.18332704524
1.25786972211
1.39888898018
3.11433776223
1.57958863426
2.35256366779
2.05346085986
1.0865767325
1.11363300355
2.37934882401
1.41740190036
1.75949989118
2.7376166031
1.14742228554
0.875522721628
2.48324309855
2.61305700316
2.61521300239
0.123265789723
0.921963972597
0.41200529112
0.278686363537
2.31346521296
1.24336058593
2.11240066275
0.345450568975
1.11125946694
2.89632755663
0.985259598041
0.51735339345
0.542312077551
1.99677575064
2.71728427036
1.81183140607
0.0339908750812
1.36428494278
1.11710464015
0.0906287698992
1.05521169181
1.45961093854
1.0948083061
1.90097898785
0.290313760033
1.92354383188
2.50132314959
0.863149604795
3.12988328699
1.0258150451
0.489131709817
2.38114891235
0.332267819562
0.813769321059
2.08654888117
0.732382502957
2.63686665514
0.0814453571114
2.59761569604
2.29536412994
1.73188571307
1.49103811037
0.54883170597
2.47130394342
2.47876487132
0.548544230377
2.42731406533
2.85170615653
0.655014248033
2.49298411651
1.19935527359
1.30133576765
1.7580618668
1.18399229073
0.457158121327
0.162489231874
1.07140425238
0.152060919159
1.97902072407
2.05621721994
1.63918858889
0.161175341738
2.31979446357
1.76174099108
1.87905335445
0.76424780058
2.68343610393
0.255716668069
0.556230233464
2.9892165307
0.683009237592
1.37559729943
2.70319139785
2.48785813454
0.799617670629
0.933550839608
0.662031486586
1.89062824591
1.3736966007
0.298095731411
1.31614367849
2.39677189583
0.475002009414
3.08164902196
0.424343376859
0.380444607538
0.556539702369
1.9623162466
2.11528210372
1.57914436671
0.787691085621
1.84238784687
0.182587581798
1.48534813349
2.35081984792
2.51722029138
0.915953232439
0.020103786295
0.995809178196
0.684095608971
2.5614118369
0.125378888129
0.228251231147
0.56766723864
1.52514226086
1.36666971567
2.26833240572
2.1567929372
2.20296963203
2.27735931676
1.79072697422
1.59871056387
2.55965908095
1.39982288877
0.672989949121
0.259216316358
0.662888995514
0.980600633832
3.11793590058
0.581331658772
2.85245459833
0.571056360029
1.74042716763
1.22947503329
2.21433854224
0.857910706724
0.406608895443
2.08402095157
0.587468772048
0.667737594472
1.13831751148
1.28381351543
2.26210212672
2.1229911435
0.520034118361
1.84541042782
0.160691415275
3.0929510519
1.46572051763
2.92177571968
2.57434270986
1.4275021916
2.61749386185
2.56445656413
2.84333841872
2.21839421832
3.12817030875
1.78362648931
3.05681861001
0.389610674409
0.0374529261988
2.22267623157
1.75931042688
2.03160976946
2.47289609877
1.56176263702
1.90659496699
0.508501150083
2.18457991042
3.01167227259
1.65767455527
2.13086469648
1.85929791008
1.6001999368
1.28027255811
2.77090369336
2.58553741166
0.174845312153
0.579006334125
2.51423467807
1.9677000651
1.83274639358
1.52055182181
2.51552911653
0.508678842923
2.68094696901
1.83178680357
1.83821360394
0.0367201463443
2.18715515599
0.0980296812353
1.00284023835
2.03771879373
1.16420957419
3.03836128026
0.166973599573
0.0827106039606
1.50597984472
2.99445272887
1.31836847538
1.72456000907
1.20208770882
0.41870692644
1.08415377697
0.701903584285
2.54166417129
2.20428422387
1.3562300962
0.975785288538
0.664135393049
1.13059734179
0.760271703414
2.63118825879
0.947915759893
0.556688938491
0.724125569861
0.612453254639
1.62436778827
2.99545695408
1.42348576941
0.0934197602231
0.42140054802
1.19654774669
2.97159773674
1.63844284119
2.14623215218
0.527230566191
0.188138938345
1.8179963785
2.89373116897
1.11643153174
2.07869682216
1.61848455144
0.056787319567
3.03544102473
1.32917970379
0.106103859229
2.40823029449
0.700831285907
0.306330178189
0.597979926457
0.0447245049303
1.76308195292
0.252959402348
1.84692267939
0.149800754336
1.12546887752
1.83586222844
0.585827770413
0.462722412922
0.798191914188
1.78475919219
1.1593532682
2.56248993415
1.23247166706
0.30052458956
2.98300954056
2.04289494527
2.83967974193
0.408456282715
2.75689898027
2.16418733201
2.43582049894
2.13714516401
0.681889296246
2.8214594939
1.97822581963
2.08388265267
0.654124613336
2.04350806841
0.360433451983
1.75702432414
0.496197647835
1.35635889657
0.0850544061611
1.28855561964
2.25479174604
2.8276607763
1.51833648545
0.196219330074
0.35878942232
0.395066182738
2.58077821417
0.822070666318
3.06102319734
1.60762595973
1.86162838923
2.44170999857
0.378186111836
0.0184764012759
1.29206927012
0.403104795058
2.08355921743
1.33686616614
1.05964249155
3.10508364875
2.15577131042
1.56050594588
0.103194846775
2.32044292571
0.298287846022
0.943264617442
0.0939352359179
1.31783962438
1.88928608771
0.226210596929
2.79938608267
0.899847675213
1.68986207157
1.26020703159
1.57373990174
1.49151204181
1.35297849287
2.37162647331
0.420796243502
1.31190416953
2.55299138765
2.93431704019
1.33767434678
0.465652265746
1.93524596432
0.569377262568
0.409935964533
0.702765290057
0.237680627029
0.0724831272939
2.84639799905
1.66849088498
2.31488329656
2.75066812405
1.90904749403
0.25484451539
0.200865749346
2.10788202283
2.24586652443
0.418407882157
0.417425303505
1.45671764352
2.12330870123
2.69230425578
0.965588563554
3.01289817782
0.163962458963
2.54507053633
0.226427092048
1.29155724137
1.05833618852
2.290958723
0.308906183572
2.24362158095
2.77212254827
1.06178377209
0.502724665444
0.920524374107
0.752980374887
2.62288680045
1.38812490161
0.140435230873
1.42727441502
1.76604535523
1.98847714693
0.664448611097
2.30883046962
0.345540486377
0.247203664402
0.884662907265
0.736728680408
1.69963112398
0.787102706426
0.210907951532
1.68969879189
2.99965633075
0.474358815883
2.27471163823
1.44261650755
0.507891279937
1.36640347161
1.18483439223
0.581229414546
3.11622610104
0.541607640975
0.374162313026
2.24230813233
1.10484070302
1.03624834484
1.30131671604
2.48518399027
0.485022002274
1.60505317428
0.544512619439
0.677385924139
2.45085530953
1.94934940514
1.75166195223
3.12741496558
3.02724878895
0.0391194915742
1.03163394596
2.61050268676
0.452753483296
1.72567771798
1.66176039858
2.38709514832
2.91043827319
0.311990191995
2.4765446297
3.02982294319
0.00721859695265
1.7983649399
2.59207999271
0.707988298023
1.01441511573
2.8485026603
0.615102927627
0.088039203332
1.65376884292
0.00835117609525
0.85406949698
2.63665478013
2.61501223239
0.75740554013
0.197734948709
2.91757498117
0.297488469044
1.15881270191
0.505733627691
0.135675394179
1.08699819764
0.0372289595734
2.5615553478
2.43050962755
0.279488897395
2.80009043335
2.19772366773
0.890881982807
0.0328994318401
0.0512085721136
0.404833208186
0.8011778386
2.44363324828
2.2286600205
0.674610461706
0.819738077818
2.07869777966
2.0834995569
1.59380445285
2.79515459623
1.64643705857
2.19540173619
0.704698442335
0.976260558785
1.88327375048
0.805702832951
1.87322782378
0.473110214896
1.35323941393
0.183593822014
1.12172016225
1.05026106933
1.7726226491
0.468407700784
0.0355053825496
0.685789433188
0.463619222437
0.956952261191
1.93198129299
0.473183538538
0.835548844853
0.14445058371
3.0687242994
1.04448363465
1.94220832589
2.73986773125
0.306299850168
0.187684086939
0.29615894849
0.799901186856
0.0844327499011
0.78536490312
1.9281499146
1.95266416483
1.62082154907
2.96958959807
0.602537794653
2.3457061599
0.399096569942
0.837683314097
1.34504849124
1.5692156791
0.618409468293
0.486864480427
1.21423567697
0.296164875691
0.600547076844
2.75651628413
2.90071631602
0.322629660289
1.9079340928
0.290778664607
1.82132040584
0.672331458205
1.51887787867
0.277620828957
1.50483390637
0.799660282712
0.815315768068
1.43409809092
2.12351517597
0.870416681299
0.176943470736
0.252147995005
2.91834710922
0.256699753157
0.336628351853
1.81924294785
0.607997395736
1.31242787612
2.5506581046
0.694233740499
0.934945919782
3.08231873039
1.13477464449
1.82937754379
2.03768966117
2.56688467547
0.0920078486187
0.225248535955
2.95172528425
0.202842618516
2.79424459048
0.772000743929
1.22174023222
3.06193728718
1.93746531154
2.16403590496
1.73573133439
0.318445889191
2.57498825679
0.852146023127
1.80948415095
2.30030259103
0.376873639283
0.948570598997
2.27626762606
3.04701707149
2.96134860377
0.676535542888
0.723762634441
2.37732105579
2.03734757431
0.907976943918
2.64236430872
2.24826708672
1.03191706415
2.17174708473
1.19637665082
0.176446529074
1.03583651764
0.347693018093
0.315058847349
2.97631024359
0.0870260244584
1.24421136585
2.31084631168
0.393639137232
1.83266273781
0.594826496366
0.777026543855
2.30166309644
0.216873294367
0.39127158378
0.275413799658
0.941578121233
0.322605577897
2.91344671334
0.631216966443
0.525589405245
0.707155038767
0.455693843245
2.13612757208
0.107731322968
2.53962015978
0.856634729572
2.88340179961
0.456555127693
2.59830522005
0.927392402582
2.26378057693
2.66314295033
0.514692536936
0.977931085387
0.813020604518
2.51347177925
3.04066785509
2.33271126409
0.475936032945
3.03624007859
2.10916428776
0.682252700448
2.29397673963
1.52674582101
2.00189788539
0.542027870104
0.835414786339
2.77121404927
0.526462560489
1.62870099133
0.747603726325
1.90331604171
0.585770354773
1.38668899346
2.13306531754
2.8588553539
3.04390847923
0.195709416708
1.10329773797
2.20644265949
1.5571955214
0.189272056409
1.42167170678
0.14335617151
2.23396865962
2.26552738712
0.134584213275
0.975368057311
0.712198130504
0.220161001945
2.04971781705
0.507367852498
0.192767499381
2.85072803325
0.779125427357
1.55082675094
0.0814850008061
2.05946411007
0.295443631819
2.49228631968
0.882599383327
0.229382130411
0.521914511296
0.21176240694
2.71295689787
2.89621635425
2.15260446699
1.16614345963
1.08709055448
0.568079478351
2.46155581853
2.49147636992
1.17284772641
1.41715577592
1.95962228677
2.65218722166
2.91280750706
1.429190295
1.85956597662
1.89341639895
2.45187302323
0.794604050661
2.18834817533
2.57949148749
0.505720047295
2.13560536889
1.11159695864
2.39393920997
0.104069475186
2.65596655623
0.499833573942
2.52237249402
2.27719014039
1.4988243658
0.427228173648
2.52310796998
0.392071958424
2.73496424028
2.74893562272
1.48242535807
1.40369965846
1.33798864068
1.70799570619
0.071291580028
2.31218682676
0.897767724767
3.07482103811
0.36142291808
2.67895964811
2.71343576573
2.0827288441
0.30367005236
0.118162127567
0.134321531677
0.537963360773
3.0219659072
0.572465004659
1.16047437638
0.701451308972
0.262486938557
1.56285391435
0.517003135122
0.667108772493
2.97828799928
1.90665482523
2.17041331545
2.99396466404
1.06148282713
0.719580119709
2.69581258871
1.35922109516
0.180013739399
2.80853072254
0.883386146794
1.6751486402
2.53024086846
2.12408399026
2.8364528868
2.06819682411
0.985652958028
1.18377122697
0.71974274263
1.4506754911
1.29552473793
2.33948250247
0.899039535736
2.06595777685
0.70683491991
0.658265019685
0.450840290848
0.010916579022
1.07053809292
0.508388656761
2.26704913686
0.114256834164
2.03812391913
1.20862935261
3.10556460945
2.83521911887
0.296378225471
1.68872489784
0.843081447885
1.41492567799
0.073009431294
0.531236749711
0.247769577206
1.88326043109
1.10167554278
1.2234119667
1.07281812605
3.09019447851
2.91307272566
2.71763750049
3.12651636039
2.47145011673
2.61466897442
1.26551833732
0.859896580628
1.58929071976
1.00067491542
2.34982987645
1.11701306816
2.40939028567
1.15055092509
0.912422548219
0.0096113606571
3.10924140223
2.85714960919
0.175204268393
2.66588163983
1.42742988321
2.11214164301
2.3780766844
0.566244529491
0.176668510591
2.64558582277
2.47185528986
1.98809365788
2.61372660482
2.70220353482
1.76094830702
1.41320050964
1.40161387562
2.63429351331
2.26129163013
1.62179936759
2.08814468302
1.50249404773
1.39260470063
0.756041365526
1.50043541916
2.39909019156
0.870346148722
1.23366598713
0.604768945011
0.884377035079
0.819579765084
1.30096341347
1.492675531
2.88950865747
2.67694464019
0.824141004653
2.4227386179
0.973424990895
2.50513676929
1.95046101918
1.56127910427
1.72711396557
2.9018309626
0.992277286421
0.177075089129
0.675519638705
3.01854857412
0.154853314242
1.25347886839
1.15359645498
0.229020976321
2.08745064509
0.555291595244
0.550615797873
0.814145905902
2.81500465312
1.07584974732
1.09128134964
2.53815524314
1.46804729831
2.33696024229
0.74281481597
0.999307298536
0.538776808276
2.16108126857
0.306641334843
1.64671531426
2.9786767182
2.99221244249
1.59851047738
0.983333904656
2.70477943653
0.619682441052
2.49030640068
0.803797379184
0.0597764911339
1.32548557905
2.25774963415
0.0732378925946
1.82911939035
0.0111008022167
1.52275959638
2.24732478223
3.02809660648
0.119370153083
0.507422717303
2.50901392568
0.993716181119
0.132768397842
1.5669304947
1.73284829308
0.994122695996
2.22517547075
1.09062749709
0.886819405467
0.944290150634
0.08009666819
1.30525494165
2.79422412255
2.4572020769
0.0589000367054
0.522280319605
0.0219556603543
3.13067943565
2.68105292788
1.22249949532
1.6542632897
0.326713595085
0.16406206756
1.02603962164
1.07586313339
2.89863259918
2.8487366721
0.435005290612
2.81954435272
3.01434479239
2.77761273973
3.03971731461
1.41679727853
0.587548983278
2.5749375494
0.705990273074
0.494659826896
2.87062247462
0.375061365665
3.02643761029
0.646439526258
0.219452365077
1.50953144996
2.5247169167
2.95748705861
1.22014860527
0.849892968708
0.220678216608
2.53511114098
1.19970515129
0.375157574456
0.203626031932
3.07928415985
1.0540621753
0.926158984459
0.242640505759
0.900012064781
2.99825466092
0.514931689024
1.10689491853
3.09523305051
0.590447970517
1.53037286288
2.28688227869
1.6726818619
2.36897947408
2.87641862305
1.22165693064
1.74138369363
2.5348541835
3.02045184323
1.86702671036
2.32569934345
2.58729682513
1.17530648025
0.155344600054
0.821057373919
1.69677349996
0.383567430229
2.09156480526
3.08037573712
2.77516876965
0.826021026236
2.97751843132
1.09050630308
1.5278385681
0.543412929534
1.09919795974
1.3730130086
1.36167763168
0.0249162552106
1.91098524968
0.229793505448
1.53418074083
0.214001649325
1.02185812844
0.427560408158
1.60379254712
1.39746993179
2.68035492959
1.48476681633
0.372121733844
0.642412176012
1.37620687627
0.840967405612
0.148936260424
1.14391568922
0.295054329476
0.483624469478
1.35662913342
0.6177686188
2.46882987183
0.146684354859
2.61790905878
1.22514081437
0.0578005556515
2.04904302746
0.630517629108
0.475650842889
0.721249281596
0.0136537651226
0.387362845789
2.73496553758
1.19477773474
2.7301508609
2.81897456186
0.544644409753
0.903675439649
1.77842260513
0.382013611443
2.44236209076
1.15747722906
0.00280636354093
0.738248802233
0.913095620566
2.99187018595
0.601645420783
0.452869520423
1.79037075003
1.8662505888
3.10910551174
1.42634249273
1.56998599395
2.41217572582
1.11889682593
0.23921714493
1.1376867696
2.66968511794
1.69846272422
0.0987189338182
2.76860843799
1.56551195813
2.35488603032
2.57573613685
0.435789429592
0.150590058457
2.65682469702
2.83176231247
2.09221604749
1.68767416819
0.733541016152
0.403573463709
1.04362807144
1.73392702565
3.04308732213
0.406200093938
0.477579616033
2.81815561106
0.218456340873
0.423539161055
2.01484417489
2.82371748208
0.0865072955346
0.507578010371
0.716971921035
1.22509349925
0.5956012192
0.0521386197374
2.29580414336
0.933294746879
1.6046800774
0.849585277811
2.52834754104
0.415889458493
2.81930626935
1.88489776933
1.97449854888
0.734648367546
2.42778861442
1.94391550904
1.49843184011
1.70236606032
0.0489362112007
1.02080420184
2.66019050379
0.820067749069
0.243806781977
1.28561931986
2.24572213462
1.74094833273
0.663547344375
2.27311402733
0.565177726558
1.7357387212
0.601735175408
1.71394836417
2.44050610504
0.74912443986
2.46799523116
0.233998237857
0.901209339754
2.4657901191
1.25254442477
2.73940173914
0.419536489838
2.03310562644
0.121509397358
0.673056039922
1.33086418103
0.279779996311
1.10773616654
2.5831035464
1.64808622936
0.0565599858354
1.67169030434
0.584042593311
2.15544101319
2.73708031892
2.02711770401
2.98638408662
2.65565509182
2.37086881176
2.15252729561
1.00115044504
0.895421740852
1.54140075489
2.72319800797
2.95716266916
3.08508283298
1.34010091357
0.554173197808
2.75943769914
0.82717690894
0.0167907255636
1.10759924404
0.702340593139
0.402719155133
1.62810587047
0.443100078098
1.6038878295
1.55740172733
2.56529209993
0.478398004024
2.1464028547
1.26502109783
1.9811884317
1.85376269187
1.28426830166
0.355338610288
0.538333963229
3.13398209641
0.242920175569
1.83389239234
1.36439598657
0.761175704319
2.38605249429
3.0636847215
1.51648229467
0.147272109228
2.29358583853
2.9666277364
1.52554293105
1.93456443179
2.08922435429
2.76217863831
1.49309480537
2.75571350977
1.04694710229
3.07084148341
2.61226875791
0.892441501764
2.16827656947
0.388498219687
0.437519692877
0.705199373044
0.222632817217
2.03125793814
1.25321825544
0.716122371667
0.532223707387
0.161687205071
2.95063181435
2.31896699695
2.27096427399
0.661776093799
3.04995627306
2.74594855808
3.05099482194
2.39110380789
0.635029121676
1.06787720902
0.108333694057
1.64743818178
2.7240351375
0.0917157474454
0.509225874479
0.916115499832
1.54287560456
1.23775447359
1.37117706694
2.85955584841
0.218596087189
1.03022570685
2.30060469674
2.47776729711
1.22520318777
0.460932425196
0.92068334385
0.0462852318505
1.14800145273
1.08046065284
0.756073874308
1.70274701576
2.46407911867
1.12803692055
2.9071990477
0.225535583157
0.628896810833
0.150998051407
2.14093675317
1.71491972564
0.367992606778
1.40787608347
2.53866420828
2.16500402557
0.474245939483
3.05969387436
2.821029092
0.0360829011154
0.601425474475
0.00721040653365
2.54468496409
0.847062590679
0.594553925752
1.70196125895
1.69231778289
2.50531689797
0.147516689371
1.87401774581
1.94509026283
1.80839004268
1.14486382499
0.601813068134
0.017954030582
0.762832034445
0.86860274301
2.04955941216
1.46542390883
0.044436361831
2.14105278137
1.13029669959
2.77810898295
2.97485955259
1.85742142447
1.16319926642
0.680416106532
2.09331027047
1.1818514454
2.80768185585
1.66392167375
2.03864974446
0.436637794759
0.962992617637
1.12208119569
0.458874186906
2.06657738592
2.1174350079
0.618278802268
1.51900140341
2.53100575857
0.717215813769
2.7790441233
2.0476802099
2.52240803709
0.913682963622
1.93013352032
0.698457501691
2.81053445246
1.39870387059
0.00390090232843
1.48847164218
2.85225192302
1.20837030359
0.991112588385
2.38229371224
2.30113367636
1.3809339257
2.22838229267
0.0805444282875
0.338106371466
0.600952295529
0.0247570356538
0.630457667783
0.646302533941
0.306578325722
0.159777371591
0.0194604494448
0.0283493651934
1.99265620201
0.188609938508
0.882105526873
0.761103071235
0.532669599061
1.36756567108
0.0642929357235
0.754607402718
2.78765822465
0.758325220363
1.63780283448
1.46419604689
0.116924658297
1.95955310992
0.0217335414962
1.73569895974
2.00985866288
2.83186359575
2.32175698075
0.704921494148
2.65381596532
2.84476342502
0.674551645259
1.96948686703
0.697860489797
0.861522826999
2.00607632931
2.66701767161
0.756935000066
0.863370259394
2.9695791178
0.66047243979
1.00045402348
0.706608646573
3.04098835863
2.09074567425
1.47076847894
1.08235189287
2.80899203794
1.36945323431
1.02524715006
1.82129723267
2.48052154807
1.3853299952
1.95583829952
0.363090350145
1.95083558874
1.83361358781
0.981442407009
2.84873407594
1.19935277357
0.189927637176
1.43913795179
1.18786883982
0.467746960986
1.77619790287
0.543949552393
3.06938898234
1.28058968734
0.469836963473
0.272895487132
0.68896928752
1.15545213286
1.12776768239
2.77990722994
2.43092491402
2.26215849449
0.413642579395
1.60149106552
0.846059301328
0.790453678939
2.43066357007
1.09745613506
1.00867191542
1.18899326879
2.95872835462
3.0157473633
1.02358963944
0.286587251496
0.947906777923
0.835956980118
1.57512202866
1.68229584849
1.1652541464
2.7720973058
1.26935987371
0.192646463512
1.05923662421
0.484599775818
1.25392330528
2.66573059017
1.77361050053
0.164069556435
3.12906698676
2.47669614159
1.18678836851
2.75909566949
2.06672683172
2.43741269936
3.10459911761
1.29288418684
1.61330617727
2.74925853451
2.52138172698
0.506500661668
1.44502885056
0.288293759296
0.326301269881
0.879820514315
0.478146542055
2.1027455452
0.0051105809977
0.691072077817
1.4366620175
2.73098000008
0.861447966104
0.00770338747761
0.919553664208
0.290751553645
1.15076747905
1.39670989617
1.2695654153
1.58691025462
2.47261092595
2.73850070999
0.265416286399
1.76772908904
1.23107114218
2.30279348568
2.84572124541
1.79942553052
0.653939252603
1.47421676072
2.75321422166
1.98328894018
0.267297083257
2.79756133134
0.324932316732
2.13778627105
0.716294808672
2.55491913584
0.214108020673
2.96800865086
1.85849292414
0.654866119171
0.210569117366
1.332316596
1.93643308383
2.72538304519
2.44386187591
2.0752624445
0.716104274869
2.9217698678
1.4189491201
2.73709681314
1.68041215915
2.87059245685
3.0128582536
0.384927277824
0.155746276801
0.680799804424
0.1343846804
1.76065184649
2.82437868701
0.58264556633
0.977117150652
0.90236323414
2.87822972681
2.26645470018
0.214133405729
2.2087009842
0.144482063378
0.758449087563
0.949770416615
2.7602279233
0.64894592675
2.44062644679
1.66477004024
1.10603090195
1.37856659278
1.81358059543
0.398959098451
2.28875051778
0.500614769364
1.50171919097
0.310306344205
2.89711633446
1.79920505214
0.567723689133
1.51857123029
0.621515639474
1.71190047397
0.367807963024
2.93279735461
0.638708484969
0.226818849836
0.237414066459
0.378675120355
0.060935772882
1.18506844973
1.12187449321
0.983945662932
0.903097631692
0.80812623438
1.89694363484
1.99124165447
1.37685035432
0.718600126434
2.19604241529
2.37503193225
1.98442667895
0.396524885983
2.75981176042
2.7863399156
1.40754203054
0.999424328638
0.73622193901
1.87916066491
3.12826886924
2.2081587411
2.44824608451
0.804031895005
0.484453129446
1.36213535095
0.368125868028
1.94705242514
1.68155578195
2.03317908252
1.91669515592
0.346918014192
1.92269861756
1.736313483
2.23118021564
2.14488422053
2.60167902563
2.18592677727
1.47502698676
0.812267849719
2.2755498074
0.978843124773
1.39746091858
0.554742410913
0.403593374938
2.78267030161
1.7729692338
0.5075125172
1.30808473472
1.72361698234
0.0712607538913
3.09749901905
0.794275598608
2.3467411779
2.32109574187
1.92917640844
2.85974306703
0.504651491372
1.26899241317
1.95126965284
2.79975814732
0.864103231652
2.92792976287
0.4509683354
0.0731911714966
2.80352764066
1.20446916819
2.41417815826
1.93183944069
0.728215096588
2.81703958586
3.05614280636
1.2488956376
0.675636294709
2.82319408886
2.7680217971
2.07227614712
0.742542654045
0.00800535847212
2.92115584575
1.99357985045
2.80852314296
1.65783438531
1.65308938395
1.54500804491
1.0015719299
0.498739053891
2.86889990731
1.75536078988
2.68040474623
2.06268777496
1.3409326297
0.946779021982
1.59690111476
0.287708390297
0.49952514272
1.15061091589
3.099092539
0.429571852363
3.02773904347
2.69316906554
1.29821788074
0.134031044667
1.24148782471
0.955317316175
0.775494290041
1.22060786817
0.595252431926
0.703318383589
0.0915592072937
0.250229655478
2.22938770343
1.094498595
1.30477383537
0.517890691787
0.541302994612
1.66606660529
0.683026951235
0.379480692397
2.32334591451
0.712319052869
1.78600124029
0.257255592056
2.39480184093
0.816533859434
2.69428934995
3.11187846088
0.457961572869
2.34676957947
3.08835863666
1.2193281626
1.9569070305
3.08323066255
1.14010547698
1.00159641365
1.57501731522
0.497676469032
0.954449934318
0.929389770741
1.61998624271
2.39584722094
1.02782690609
1.08981618061
0.156634668158
1.22029253887
0.655089982325
2.51469330967
1.98708282005
0.903645818653
0.16939125035
1.15323780228
2.81228177963
1.87848075354
0.589757694485
0.430359418203
0.549077382204
1.99807586597
1.34068082212
0.540589651975
0.536815259889
0.390794320348
2.1653088596
2.51439110892
0.739763371719
1.1268509897
2.54622603186
0.67223280674
1.97273978244
0.0414803790054
1.85048676707
1.75618914768
3.13544530006
0.188452598505
2.64527970107
0.78709371962
2.71176377972
0.106335775424
2.0403289148
2.0987453772
2.62051345194
2.27382769165
0.642113393039
2.52912885762
1.45343989368
2.64177298325
1.55493792975
0.449488763654
0.757419995484
1.26403428627
2.91097870147
0.451738149905
2.80619707357
0.507922396741
1.59562245764
1.58413305541
0.13236838028
1.09164702762
1.62862905936
0.0425184679056
0.65012341286
2.693363237
3.10318882809
1.70422503385
3.13991799522
0.0166230337223
1.4714439258
2.45759133569
2.00679024894
0.943662122695
2.22705294858
2.03549515867
2.94610969216
2.07108191942
0.992015984272
2.55316052187
2.89143321607
1.37434040947
3.11614860757
1.01821079536
2.6224980875
2.07125497861
2.43743458638
2.84029355607
2.61687352637
0.984677484853
2.59517535636
0.487859249219
2.86712711634
1.68054279193
2.32208907088
3.13435577986
0.204972193891
2.42776508431
0.884976481479
1.67932464036
2.28370170531
2.11093955105
0.425404604921
2.43034120632
1.58978929291
1.02469018525
1.55158011941
0.115802254717
2.6238229759
0.386068490858
2.87674586341
0.265688545066
0.775315948266
0.712536988698
1.37064950619
1.99660002698
1.76089827284
2.79457922272
2.12733383606
0.677585721699
0.312926256275
0.02075603631
1.84375847196
2.7872715382
1.66590517915
2.78880407643
0.845263299795
2.96338470259
1.51665599078
2.93430522477
1.63870137767
0.875859253503
0.260485036817
0.777848632679
3.10245869804
0.126433078917
3.13412599209
2.80378086832
1.05315261882
0.753797704131
1.93870748088
2.59503636253
1.09812675175
0.5920265821
1.84227231099
0.647324150618
0.50744113273
0.528287330401
2.44251096968
1.17324841237
1.05461978277
0.409560768257
2.6843459622
0.280344459588
0.202088335138
3.03162217227
2.2637197736
2.41042366572
2.39338894191
2.35514182656
1.03717448083
0.184425016556
2.29958763421
0.587694739389
1.12439303992
1.84152593078
0.992520790923
2.74254674151
0.852560948054
2.55362035789
1.87804741186
1.93588576618
0.0425620353988
1.04323774395
1.93678129439
0.129958328887
0.31216122889
1.16937157265
0.631636143188
0.185093928665
2.29730786419
0.319263612294
2.53460600838
1.86983383949
1.90716988456
1.62245979414
2.02197643068
1.86418489457
0.460095861291
2.93062719417
0.59437675827
0.405119958916
1.74729860402
1.72857711153
1.0592843191
0.91506048855
0.15295700578
2.40269812171
1.6561352529
1.4261763521
1.64085006278
0.241816137654
0.114752540636
0.295500980648
1.5951475647
0.378860370701
2.38811828853
1.16515154721
2.50947523228
0.868679999906
1.15766318602
1.68897629024
2.66137609063
0.336847674482
0.0872776191941
1.48192752684
1.49302989915
0.894873350026
1.78595786604
2.52105838616
0.231615343124
1.91008563738
2.20029020947
2.25826170079
1.79724125534
1.45584368499
0.231269718809
2.76631648145
2.27929385508
3.03725104635
2.43047304496
1.55980458513
1.89874104325
2.32775501689
0.356413684579
2.0378704294
0.828479934451
1.17680254858
1.81309431079
1.54302323018
2.2037200648
2.97060976368
2.47975786348
2.24751584517
2.81218520352
1.11169633444
1.41606769986
2.79876591768
1.66641678323
2.78256897614
0.688513309532
0.122786635283
0.177828438816
1.22375398723
0.55834378874
0.529750011697
0.513890476473
0.0788622159644
2.60621127446
0.441710517287
1.73504849322
1.56992911382
1.90409601781
3.05024155846
0.358474706559
1.1049771304
1.51392844602
2.06759330082
0.670541128036
2.85145834621
1.70548398917
0.248945063949
1.32696040285
0.486419561157
3.0670083448
2.64921762258
0.201544440054
2.54599737849
2.94617942598
0.296102472132
2.91082848811
0.408690108644
2.82647925175
3.03903454125
2.93692652695
1.24127190891
0.911437076088
2.12993703471
1.62979501521
2.61774775153
0.00467746168617
0.646150279185
3.05069264368
2.61182327946
0.447122610278
1.80107822021
2.88080035921
0.633792622841
1.30535774036
0.454716473925
2.21778399271
1.90316437344
0.0193921257584
0.0166819781095
0.0477367776595
2.77143561994
2.6568035467
2.19279918585
0.714246719172
0.382139591154
2.36319095116
2.43006061968
0.331385722663
2.8020609213
1.67456383066
0.441663062053
1.2872159143
0.270539450912
3.1175860377
0.0555079077162
0.13088469605
0.244467593611
0.28927952943
1.77109389265
0.273388660477
1.09803058631
3.06549916974
2.19341751712
1.0204710759
1.96478766525
3.05195433989
0.841387177165
2.59942897666
2.71127264387
1.25071299453
2.11240332941
2.58992438721
1.20473673408
2.74119815121
0.338092569335
0.141631016461
2.94797116078
0.880551893078
0.57737393737
2.37326565294
1.94420253341
2.7974011596
2.45009709675
2.55489540474
0.704097657694
1.42253689711
0.314909763722
2.07816354826
3.07499997258
0.855217243341
0.0580101574846
1.25018047705
2.80852676186
0.383317265449
1.31737799348
1.84817912835
0.556685813607
0.645184890534
0.840716227115
0.741341283787
1.77291065489
0.443428649845
0.637021768092
1.51966818519
1.77875463687
0.640435855595
3.06940318354
0.110741585011
1.17867636279
0.841614035269
0.706873966841
1.0535029352
2.66014186255
0.434148680791
2.33603666988
1.00279188954
2.65121824251
1.96607562626
2.38289994451
0.271625123473
0.828542846913
0.724079761376
1.86697403384
2.67959410358
0.732822984148
1.12774030853
0.357514648463
2.81120191508
2.53144101227
1.27209496677
1.44078603713
0.178356046987
3.01289900358
0.30461553097
3.06735017097
1.50409407906
0.441802341287
0.0136719703348
0.485202071486
2.56441545161
1.63870401453
2.95428387934
0.27919722048
1.36094537762
2.19100609927
1.02900597874
0.534836264493
2.13267590649
0.275550790358
1.23678257954
1.37062730217
2.51732497323
1.13149761869
1.29620220287
0.184803477988
1.59999177869
1.7606928035
1.72516421122
0.2465798266
0.762018991286
1.12732618135
1.66289433121
0.881661777754
3.02512351429
1.11253587022
0.396497481198
0.212964350835
0.641375045049
1.6269301371
2.86427666977
1.2491857771
1.26149038096
2.01846669457
0.568946695624
0.892670618359
2.37626906405
2.74656767344
2.43589478239
1.75730608693
1.17116173289
2.33682268667
0.659886147126
0.543111196688
3.07038569373
2.88832171962
2.97956466671
1.8757762853
2.16843977401
1.16199884387
1.60922341207
1.81380119526
0.293744721069
2.44244821298
1.0113876907
1.22365026451
2.42676759702
2.40448599644
0.839961543496
0.606322594755
0.390698702756
2.59292118598
0.968272656869
2.69443221184
0.164582606986
2.77582274749
2.5769519845
3.05402886664
3.01269718161
0.805703901832
0.449137013373
1.0895975288
1.64005101114
2.04580595177
0.50047837937
0.628355714389
1.87545406984
2.78580278166
2.94353579652
2.72685624714
1.06253629787
1.68101583621
0.0427568859443
0.120566755347
2.20942354275
1.42591549987
2.39665654422
1.57071455011
0.0142583007817
1.38140821408
1.19931556672
1.14881383661
0.641734535581
0.849974884411
0.777714720021
0.532962492326
1.57567303766
2.04076723993
0.349057729474
1.07642309474
2.4114374782
0.882884505271
2.16551407528
2.48522096519
0.936042042025
3.06406457091
2.22730555977
1.34427772
2.72690158116
1.30789085177
0.485581492124
2.77630554794
1.45582065257
0.553510403908
2.12902748247
0.492352024579
0.350924136665
2.63205999232
0.0487859806496
1.1110213839
0.639181243752
2.59070048766
0.347572872418
2.18393658804
1.94661926692
2.62141509448
1.18907740466
1.91802342613
1.05826425527
2.30178597177
0.153707648937
1.85880841615
2.06405320029
3.12795201015
2.35722711815
0.648670465998
3.06357331691
2.81180808449
0.619857018631
0.187874712149
0.174006639292
1.23674868057
1.56040610521
1.20061740923
0.00390480390263
0.184290531085
0.143155312452
1.42245431105
2.08254272084
2.70186480165
1.45875929347
0.292153569145
2.03177176902
1.15938128978
0.66013381947
0.609283697396
1.13627945619
0.36193371016
1.55906955662
1.46076835621
2.27749111225
1.1143413498
0.937303943988
3.02730476306
2.74322657672
1.85733228177
0.356928894172
0.118893636639
1.88223441723
1.53388754944
0.150461197689
0.767050329137
0.130378126406
2.83771145259
2.26959221234
2.06713978341
1.77083023525
0.959309202382
2.54622028804
2.56977715735
0.17882787545
3.01949347865
1.31535121059
2.83057280883
0.372005151631
0.960245891724
0.522867148026
1.53825923547
1.63843863547
0.370808626156
0.874097224591
2.75567791216
2.36422260754
0.456728465322
1.62821408762
0.00390654909782
0.685067383557
2.09129277521
2.42202400252
0.775159844238
2.30679948894
1.23669623781
0.367170376757
2.0705107467
2.30958411968
1.73278856242
1.56888977321
0.748080032263
0.662139859976
2.86516726738
0.229990405745
0.270213647735
0.905304879435
0.0789148620645
2.14561533535
2.88328875911
0.673351990517
0.215583645352
1.4241199391
1.03998366533
0.659713449951
1.21521881175
0.869980814987
2.01746253052
1.53655030314
2.49847168101
1.22651619255
0.80336308945
0.887557069203
2.52178662698
1.99210295848
0.938701072885
2.14990539893
1.23776404058
2.79507045348
2.37155116498
0.412911257281
2.9044836805
0.65223868105
2.55990943659
2.90895634895
1.94152732982
0.0309101962795
2.8524367009
1.82838906024
1.8018978733
