176.454827723
606.783052574
184.566537056
249.16479231
257.99394768
184.556210231
150.282662227
207.852050786
195.364899915
270.783496961
92.4070042123
199.932486784
267.719748455
372.077698144
291.131118117
106.123040253
331.962011806
210.528354387
381.715059772
188.531369226
210.9581616
273.452542239
224.067267422
132.211158578
306.877822578
313.081269068
138.816455138
166.232409499
305.988401527
263.08518723
222.85322867
416.936131893
129.777890228
118.952266911
175.539291141
285.656777465
228.637195094
229.889133925
240.602246003
161.98652875
174.828531612
213.314407128
185.050421458
135.053889305
396.101973354
217.493757093
330.703226844
170.525696238
315.52052562
181.307554048
158.666088733
142.929159482
176.082210862
155.246466433
181.574239941
168.065792766
192.546750324
208.662905871
170.830042344
289.278378646
287.982057964
176.369736491
273.916134968
367.05577745
265.901508176
688.539400753
112.954568035
130.478181759
269.558632478
312.968580461
311.288919768
397.440740538
626.467132254
240.498562842
319.450654607
147.478445276
137.266556834
291.497663166
177.518412744
306.839907834
195.437016529
168.265885951
248.203579428
148.630919323
100.222577619
211.679875845
140.975621301
488.066191771
169.065379682
173.494463578
156.605641356
285.028088561
403.517636493
236.798078943
493.86462934
134.641344319
183.084433895
361.574600376
164.269585006
187.714388788
432.865390565
396.832352667
227.039679496
142.434527082
408.880101014
432.954791718
330.254587404
839.479070156
540.076972556
217.727797518
151.725800435
163.526597208
365.334068747
1560.19297222
117.193929694
218.489130598
604.514413169
153.09281046
209.465495588
333.25923662
119.025348747
262.706127551
174.429888253
176.600203141
220.1790418
536.811475111
235.283676461
80.1364887969
615.214881941
168.342137606
208.461513625
387.268997502
245.636297993
280.143947854
175.145489043
154.376298209
305.437845593
172.204091816
273.30937256
213.003759766
211.256209277
171.143916939
165.998097465
192.398657338
68.7596505603
153.255766752
825.499725229
235.837006738
181.698678455
131.887506931
207.046623936
166.156020337
185.834523835
595.000379486
129.531478996
302.122867333
119.541155607
264.264430469
462.572782205
388.10960062
262.931904878
135.818583947
175.840277205
391.680273801
181.890500217
224.754530485
283.125639078
425.374250301
131.622982774
275.989443592
127.000244298
151.246711811
227.699577808
558.166181852
296.638326802
377.120967898
176.920089268
192.643442382
191.909498766
228.923632093
225.991007266
185.927168789
520.459694371
396.766133413
164.489578086
53.8795991287
244.499201161
117.662847161
117.040304816
204.946476634
252.790516182
235.509175021
378.866698431
387.728328454
397.760911653
263.725845687
468.611354686
387.623452594
175.746255422
144.674051573
312.981277595
327.11711109
228.571059706
198.899483708
304.380690565
263.900745031
190.129009804
127.832449748
102.361984608
483.336336781
169.959289884
310.393951908
310.483748868
302.479661293
740.405251921
202.832130539
174.458622849
327.533713836
372.313875752
172.47965694
540.989342213
282.407921422
140.213091068
256.355700335
164.842507543
270.048576117
157.008047672
142.466234428
187.474306173
186.943605206
114.822277647
256.722814981
323.91981762
194.434574655
126.495845813
221.900245262
356.157452236
173.417932401
190.447043357
159.251293935
153.9347795
857.489104478
302.20120781
153.742592372
426.474133228
140.172156478
433.618377786
213.347197589
322.024043066
205.631704537
179.814567539
260.493492375
290.426483514
196.624468474
196.451030693
347.998813115
167.691568275
157.232524593
125.562521993
391.564199305
111.622940888
203.40899677
253.669866694
207.461597003
349.91316491
187.713305336
185.81917018
136.020186211
166.232048267
134.55308869
376.652760019
112.666105994
136.298809293
205.471690488
329.510960004
128.569880681
330.499961979
238.652395143
252.392868009
133.247749223
139.275506762
205.595894538
206.350817456
423.763197118
106.996847518
368.754007239
148.003603797
213.658355917
264.940831135
753.398886772
188.848454003
338.415750681
174.349419503
175.346494174
180.474112003
264.652955438
807.59292108
176.788718702
347.504441811
117.016982523
134.575049684
145.822677776
448.048277249
270.87157607
201.063085419
242.772556785
254.014537149
739.471350949
516.219270693
179.48552153
136.122585434
594.375301748
161.152261189
309.23672388
185.652451958
189.426998571
610.025373791
277.452036295
165.87001979
432.784228222
155.941181442
192.039748285
109.357609896
258.658839991
124.693251544
143.35139175
215.540149418
270.831766655
229.60834083
168.246891499
112.15208595
133.723984338
179.672801051
220.541997677
280.11174886
166.065810429
188.256396427
243.040192607
598.765966339
341.928865789
725.743307739
374.171619195
251.409237479
190.679274987
193.077704351
232.000368666
293.832515365
186.963622045
321.627642183
163.015248885
147.128700546
281.700719648
362.68660822
198.339024244
146.447673931
192.643806544
530.255200689
179.683036151
111.688949313
122.17490573
163.131145241
222.040211671
226.919844246
142.231183775
293.941167162
530.951104149
230.080158196
189.832228838
289.265035742
204.679688295
850.605519018
124.353660996
159.368571403
175.312110635
128.808152783
134.487618437
269.097879262
207.80681927
168.746614891
175.935060217
137.229632881
120.024328756
201.787644154
200.863715093
99.4037027674
115.247852138
159.917344438
155.234358102
181.487004731
430.488291239
203.958413307
513.889596829
799.395470617
158.21471671
208.456563998
271.761527281
424.215673955
188.227642764
229.526531078
229.033705201
120.50861824
163.816395028
285.70875871
209.938284021
191.372009999
205.559721692
159.554325542
120.981397717
382.176506295
586.687688584
176.750704469
118.898236248
234.168579816
542.798279568
126.508367754
178.238848089
161.780787893
206.589342128
431.304607606
223.918769878
131.614628327
146.782035166
159.617179014
549.367968722
132.632603943
232.995060135
244.08394321
236.464119028
232.368565391
215.163314371
151.687088328
183.171592159
115.039432279
129.793270632
491.824306507
150.890374176
379.702931617
189.604213725
353.169669204
284.271212023
139.214223536
589.720893172
272.192687392
366.83899672
255.606497348
161.321235972
243.754234819
146.338094956
250.878060865
218.871663278
249.710875716
195.903275634
290.589617717
117.04030166
177.255894497
371.986658799
169.997158661
166.254576981
162.379808995
151.124059687
237.148199304
181.156808534
122.282929834
378.270789525
183.416352308
218.867999094
100.329724208
104.969176763
320.681814076
148.757076627
133.669838011
177.500158562
213.233137074
149.399068394
213.547982633
142.196554523
111.452666274
95.4943167175
171.148762985
232.031349376
363.107088172
176.117248165
166.757366223
222.185136469
205.142995552
309.301213729
199.869704705
192.950569369
270.51393081
432.686426951
198.506979609
167.467073327
152.678787311
250.379053097
319.691892954
235.622233782
174.248923387
212.989750234
223.581236673
192.35609081
180.666340166
611.605033845
200.076586411
198.315403171
417.765480747
170.521699856
168.067297646
581.753268778
513.946064362
226.848406038
91.6079450518
243.705067237
153.833144693
287.804260207
365.164341176
167.785976917
238.651543803
233.373947788
650.660354724
138.712226557
379.668426692
166.445144376
277.423244725
183.24640746
444.913036013
165.891817258
165.492494272
184.747425235
387.561917424
139.106504176
250.92980098
190.041285105
237.495383631
473.793465284
265.002657462
169.270858976
267.340949177
91.0277991855
122.875657684
595.046287558
244.01182799
167.718677398
150.030306206
115.815879049
248.587104411
338.714611201
489.469058031
294.067563224
190.792448738
231.007352003
203.974820679
532.631381253
242.641109837
289.558030455
256.139617973
478.273959619
288.168884769
138.813631427
500.242349325
104.064731481
126.475697227
398.808668098
481.916093443
177.20573798
194.012103186
203.559411858
235.797939697
317.509712329
231.231568719
166.519227573
703.21908424
366.568421001
348.099745143
217.810135515
150.372837524
451.942875772
118.702976769
204.310292336
209.766929542
168.507244764
127.991816126
216.410176687
134.53703961
90.3905421646
206.117849726
218.820136808
221.316097833
418.352796613
187.529538965
480.476399467
122.230766056
444.762006095
185.230408262
192.189559498
360.165476844
242.818062674
219.453925986
92.024666866
147.179919716
212.842313274
176.200745845
269.181176439
164.066058633
192.556554289
159.366541368
147.703119421
240.541631981
111.079144749
128.326009039
190.236762155
178.864198141
173.247428879
249.900426732
135.442390142
155.57060348
449.394049093
159.969137552
210.206350179
207.122767587
532.02966883
369.233280786
209.96133865
174.980814527
485.313597465
119.465795959
198.882232042
216.389900857
223.844724717
162.365358436
253.321641625
117.409514118
163.59792865
235.952093472
207.845531985
656.081829592
306.045758534
218.362417653
602.237232436
188.625319332
158.074743014
171.940147444
225.009714417
96.0290597301
235.937897381
276.773924321
315.498274672
812.797862244
302.225200566
278.734352767
133.631420228
187.300081907
275.624766894
303.15856201
172.864589923
224.784616303
165.182294763
143.23569136
167.575095777
353.915482293
96.928061457
116.056363462
204.718275653
162.62142686
603.775933662
784.708468034
271.909051094
259.299983594
139.298651224
431.120834608
179.841857879
381.782095023
209.65222934
494.855472212
173.27488516
185.083363635
141.845269306
238.779543857
211.148220399
192.786110142
249.852971742
187.744579384
170.706607692
238.20316441
227.213403615
448.382626241
147.378661813
546.599746878
254.041224018
180.692568366
265.84994942
145.84454737
334.844534167
310.902830499
263.94579803
517.329554201
116.953029051
340.213350492
118.950712488
160.965823978
226.350636813
118.88202883
607.170105484
226.720901073
882.420119168
145.479809515
759.654616907
695.128457965
184.927820878
118.533211485
203.310370548
144.315301341
381.312973746
156.425408762
369.717084578
314.578792717
722.484647908
213.589957374
193.799122034
195.093749813
375.708677748
147.541668352
183.499211357
173.978517534
199.774102141
122.46596003
216.851264096
604.443107186
248.272973127
195.981027415
109.88717404
253.48065542
153.244459878
508.323749815
293.174798703
144.58786778
237.461481926
167.475440155
182.810849908
203.837095311
114.131026435
236.420001118
223.345134497
174.291371676
172.301264354
249.446772956
298.717339601
154.875465774
200.596406835
212.183038842
201.643430178
220.565988201
183.339987572
159.516007423
174.855737399
147.068975727
112.905213742
146.691099801
110.540761635
211.157650702
280.232079752
329.372094189
137.591835226
162.838374255
568.477127489
306.396545097
194.101647287
161.85914085
206.108576596
141.485546204
287.788249374
174.430076341
225.413975127
166.393392263
216.637755829
414.632377574
190.460630435
205.8645797
166.5862239
208.879337658
421.657340028
306.320043542
285.738886005
115.291826949
121.323873293
357.722957324
293.671420469
119.773379178
131.342190992
189.909009754
281.571739567
344.607101495
187.400786328
159.485125486
141.638582424
321.34750675
204.886243692
183.101722942
381.010647499
199.248761707
345.721777031
276.500120801
172.766936668
120.748412677
219.127977919
233.024557393
160.662927613
313.096287785
283.716923386
222.799907199
422.5913312
193.750818164
148.744677154
259.463164328
161.564831253
75.2648231579
196.960081479
255.135356443
154.111494292
411.523324826
155.630283003
142.646181483
362.352512916
550.211291074
234.860417434
166.468593
173.022124783
174.615325355
176.199475145
156.31766188
114.601524132
169.907764325
359.686310693
90.6268556336
162.685433284
860.25080921
297.305806622
165.218222484
246.918532453
302.342197428
167.224486848
172.296457704
174.361608108
211.851663046
352.662106524
719.249459679
286.351348352
136.999150117
163.966536027
174.812393275
127.176138206
155.179214368
176.615046492
282.46403474
178.803358656
90.9858358028
189.082914403
189.011721118
214.918948029
147.460145345
125.437335286
83.0024794151
457.347330712
726.5335081
67.3681466939
153.357788921
225.73660065
226.07458299
185.092847518
183.185178903
152.658733155
165.376636028
270.212316172
235.435272467
190.86150289
162.280676719
156.707321707
245.36976764
351.264736692
214.381217038
134.112703457
161.482364426
196.793564577
241.030318273
111.208916026
151.519260408
177.851745205
203.84386646
355.302217855
180.891476633
315.84151207
243.252193102
246.233430985
158.047005989
293.355157992
195.244976067
356.389514374
150.99988753
190.55252211
247.579752719
228.187195226
360.307073375
192.644719189
147.890608913
193.241191818
127.899620527
211.683877027
240.011813712
101.780273693
182.73890616
357.536954603
180.484358202
83.7240780298
517.063671292
277.261198198
151.261365008
279.597694765
179.547411916
214.676711083
264.05941596
177.150042987
144.691766748
375.646073792
213.31407646
335.133538378
298.788069969
328.77528524
672.214965708
146.041053374
470.910935945
299.127385211
168.689518852
273.634100715
422.371816367
297.441038693
157.107965891
167.542865668
176.909446985
215.1427089
693.482810477
73.8760510138
255.685276823
159.35712332
271.185119708
243.715473462
205.548867223
199.647236059
194.226840138
258.412246934
164.497764282
414.887790071
352.190999368
202.72687963
91.4397345484
233.318694809
581.145007196
163.446679924
410.304770428
164.552472083
198.338282593
235.394128748
197.570865664
181.248216249
187.876044216
813.916804667
75.4118107029
282.828396535
269.239406021
117.422182292
242.911556051
137.917412147
166.976770829
354.670973567
114.624350047
321.491081266
371.30682543
258.509728032
171.683437843
196.080083039
181.008507043
330.835513441
143.606519979
286.048997758
230.118300552
287.721060097
168.885191273
333.817917941
248.863134344
155.217948293
223.702616616
142.989263626
157.257454626
145.997243092
465.129830342
233.385390786
310.330352719
427.733181119
217.998196572
151.506037986
185.028515073
170.512611443
341.720242083
229.667538796
125.16680478
147.161453931
201.423853342
726.48898599
257.53241991
225.03682228
185.522238289
150.284316268
160.870542922
204.200685076
322.108347714
222.650053796
630.885088254
170.307372341
277.606420164
151.606417249
250.118857837
871.408162985
162.11931457
184.917323365
153.651802461
244.495702227
167.873785505
156.641817852
150.435304748
495.189357207
250.594125676
189.50430884
181.068751397
203.267227511
134.908870842
117.090215439
143.594406628
610.747598974
306.366200968
211.110629143
706.575617922
105.800175457
218.003217729
304.111446089
179.959037907
348.094053965
275.437215986
245.191392041
178.738997619
224.716233765
215.466287787
156.01058897
226.784686178
338.614697701
403.69603254
201.385656245
602.303731049
222.5885198
295.111756988
354.776482814
278.826209851
208.438556065
225.727532013
475.763141352
162.300945601
125.652895919
274.007963582
244.396715803
170.529645862
202.45239807
151.146119865
209.390500845
117.533230915
80.0746513954
224.650815436
424.745471234
520.374577423
207.641889005
224.023675405
228.741254299
140.81194783
205.100237715
185.724446028
191.431019571
353.76765013
440.592060783
193.647194194
255.866206961
155.148867642
459.044483289
137.852742947
145.10021513
588.580414466
201.129651927
463.785491551
178.071677392
356.566548281
164.635478225
228.644881106
167.248677689
175.104809499
207.00863732
223.603943959
469.252082038
322.417351037
486.934582983
306.271224587
103.820761999
259.97647657
184.407651059
198.780868594
731.67616244
971.533153278
216.781476169
254.221713594
463.364336556
166.163510257
295.007861117
160.382331563
174.858890398
271.956224869
628.179909105
336.322813813
143.265145305
118.995868303
285.574654677
307.223738544
266.692822628
182.631613359
165.862765834
315.557579915
255.468735078
595.075413739
110.901950295
227.08419312
203.561342705
181.257987854
1073.42500905
590.38411857
199.201480399
151.18477328
462.174024885
301.845460016
131.329451804
258.848298931
162.102145198
217.273163593
150.822497873
372.575081651
295.214533893
180.896138672
205.021321959
97.2111800683
243.839164731
190.188032093
194.387020947
356.011099201
272.29967414
416.613612267
326.933357784
183.670159165
189.950573276
431.367462871
228.396714422
188.884856736
725.112383788
209.888562471
214.699010894
161.566459414
249.615101114
277.44609796
325.208544251
224.317088788
509.682821517
328.992308735
138.371084681
255.142040494
215.95148491
417.36114767
200.520886387
205.56275069
152.166579474
150.487056786
670.907261114
356.174004015
537.908676917
172.069963502
349.274139756
221.469619915
259.007214283
206.321384487
337.292660349
209.584279585
169.996074351
351.227354843
147.411581283
153.711298266
162.850429267
191.049791551
319.846273015
334.59094995
112.182693712
542.751846417
220.073479946
242.732070359
165.944075287
201.526513499
179.503610621
191.21589312
427.281217022
265.100062594
187.708743202
203.522572776
125.678960843
179.042045523
215.908552202
275.522466867
176.356902981
199.981752167
175.286418163
180.528985666
253.041509869
132.668336939
171.876305159
133.34128594
201.629308109
196.041408123
195.376236588
406.442875317
172.230356234
279.124870814
168.795461616
263.885578395
139.582004646
235.345347832
349.497544816
123.639807359
173.278987889
189.492076292
199.320267772
665.255634466
188.983548989
221.350383496
170.588642018
202.421174438
185.013570342
174.807745498
231.683090088
352.414323118
174.193279159
284.263673554
240.000831789
433.583310523
386.276932786
446.696568403
330.018779825
145.855758471
162.123137367
163.540599812
221.546243188
162.548649341
261.85422454
175.465836491
794.308793891
193.38675584
372.468775834
324.900132531
162.219758919
298.317600432
654.040554722
236.128316021
189.085886326
375.089352104
104.426786207
175.260517142
206.62719202
252.957834979
119.661096543
99.5308151169
162.235096645
241.281045681
229.937609647
455.426433814
595.768373737
991.219223252
254.861366123
322.635123591
135.252986478
84.3120688463
45.7981825053
271.961116577
181.917754343
183.682856215
271.442624965
205.822517253
138.627732683
451.609552705
190.390187845
611.735619737
131.820149656
211.035344095
182.050613205
247.968982607
295.201761859
251.03229434
161.555922394
174.242070233
576.882549662
121.649512489
231.278138
276.962147992
381.885690264
95.202470019
313.823429981
346.193367986
152.318210369
142.148913158
375.286099952
396.372545063
585.476463947
152.247553771
123.319843175
368.053792124
171.089579511
159.719697796
165.144034052
237.062720432
223.012049302
231.897795282
182.665933649
110.99701011
291.755746011
373.467289474
119.49170015
185.221199302
142.991901156
380.37819677
212.737079732
250.414220666
288.383955851
178.488960422
136.776200431
149.109870798
136.137655275
169.907653142
407.18057797
545.63579456
180.294858944
391.590491021
1161.05401834
196.884892781
243.652849021
236.185565948
284.60638382
137.665898887
96.6076459072
146.854230598
160.597483217
138.666019925
129.079533537
191.695058805
876.669716045
327.049131304
217.289387372
108.126305458
169.877634116
594.030681845
243.644196756
157.360346987
212.055871309
196.953768821
282.789809135
264.439286199
151.673338453
139.266555088
701.888939206
146.188149939
121.539474052
272.945003565
238.700215434
705.303832478
298.545381928
658.113598968
208.468022099
149.086053622
224.195328655
154.390382301
204.7445156
233.121165192
224.465932051
250.126561619
210.611072385
184.047203774
154.022344573
325.381895457
144.315403039
205.809738149
341.099313713
163.60728931
558.200355247
192.208909839
355.240504279
183.595655337
318.135942012
96.9302031495
147.817149227
173.546928519
204.071301428
317.906503451
191.778377702
187.757407019
153.501441941
197.808649259
200.890296179
557.229529835
326.56001289
164.188022532
248.962566799
318.62415612
167.324158093
206.532152552
334.946583623
416.894798385
634.323887426
248.228195376
155.502361933
269.355221858
224.725332379
151.134291171
163.648942652
114.49864795
236.940264918
352.935993263
104.900361007
185.772132912
138.215882833
196.349673899
218.856394646
125.333569763
299.546129763
135.100913916
227.177894636
286.438120849
198.694087964
639.815063261
184.423798371
205.701468573
143.071092849
188.760702042
130.166652479
163.119039026
428.792442548
146.464576058
169.246949741
488.53533563
154.287464961
168.807285507
535.726424672
173.422513728
218.604812709
217.681019111
464.565051973
196.590591732
371.211691346
285.002407641
234.073138493
286.205650451
212.956369221
185.231980036
402.676989528
153.913090325
172.75740658
385.182898087
212.435620696
193.523590274
190.07542058
240.493232356
510.500275703
182.424516405
412.742165274
258.922481296
192.724722339
298.461983356
213.933520361
205.751682965
281.830459981
107.48359216
405.033771775
205.321947263
302.94019407
101.462427071
115.534112109
186.21498808
239.700498176
209.362330835
199.96902049
180.41294108
328.975943754
326.675387075
164.295532861
188.339690366
297.732955093
120.647670387
207.643509447
104.436791531
207.524385705
148.610469885
180.451576488
363.840764739
138.793912532
385.70080777
834.675166705
198.482927013
250.702889049
99.6390454757
224.770747903
200.245533715
97.5218322085
130.753709714
662.684724949
99.6964477496
196.200874865
148.876397404
413.749685654
387.336884714
276.915412542
165.870280869
341.9904238
338.920214031
689.34369863
265.686645167
216.335341186
328.44578062
446.069288862
192.159065369
249.823170636
103.140650781
206.688835727
461.152586023
315.590041218
95.3348302425
222.038193236
261.780638823
113.721041737
161.169541606
133.176045585
129.992181218
261.603381527
216.392564245
225.472265904
147.344856769
192.154424129
174.818998108
182.55027724
143.769259973
240.233387724
178.433169997
385.697250209
152.550542244
191.179368738
172.277669985
193.748863147
138.910107583
189.619019942
213.199118443
244.37959078
142.250808643
197.63081213
221.103634808
177.49701449
377.386352541
254.520136785
340.49745214
267.242749913
253.892224719
167.015490725
211.130434828
574.142481072
139.341682258
153.335345271
137.676295825
228.349461624
271.110980181
194.130449763
156.658820359
186.249361261
487.364156285
462.335365999
96.5971272923
187.160787276
189.855033838
189.353432838
167.075041343
191.564327503
184.832589463
369.659517224
410.60540467
159.545357974
203.533233667
359.96293107
422.663893617
393.539797547
226.892213939
167.363145842
148.692289432
194.709038218
204.164588187
129.619548199
163.993070952
206.821048365
120.39202807
199.280778909
325.515425371
357.128309268
239.970875474
218.632525962
159.196722408
237.804963932
206.29812506
212.052820267
160.705161469
151.010065952
435.419138642
129.346909982
248.284862758
131.184253308
254.536072695
180.549701133
168.255793831
178.384912057
375.16714442
334.790360484
156.707059023
138.756268871
176.492702024
237.551853982
134.728217182
197.48051566
468.014842696
269.781482424
391.948340475
387.946039177
125.098552194
102.189119134
192.819235614
201.599691509
100.926103543
107.724972653
191.775382104
274.716404813
142.558959422
206.872243589
201.676920278
384.930502974
151.904232598
163.77813302
178.106105332
157.606572871
215.920215196
143.218027148
278.4588866
207.80536574
277.334262582
490.436618623
220.179388226
253.143749074
181.072244904
638.674126089
228.967252622
295.719450581
146.182923042
185.703766125
251.376519978
589.537684035
289.288806844
372.424718524
347.797170005
197.71770232
139.289097158
287.670000745
210.242242092
107.141044063
136.00278683
202.484435532
437.200201287
125.794157494
184.696374962
373.346095148
593.979280947
189.349631542
161.30904386
172.573505424
227.64605689
278.137000574
137.318549127
272.824015845
368.048849456
123.717076307
178.115905468
211.806615275
226.92726248
163.061114818
395.167681028
212.632049015
337.473997993
160.812153587
212.643812058
312.481127516
215.457149886
115.976828225
350.183734112
301.481238842
443.830970919
346.668189503
171.998276786
348.900479428
207.591694582
366.193398266
281.031563301
218.26133164
207.924611106
110.197719391
133.230483548
144.116954445
150.181233203
192.792810582
224.810646491
125.620817308
171.575449496
269.823408537
127.557535602
220.582439593
242.93593919
169.663866874
270.625371916
540.516074413
215.979413461
169.432718243
261.131526259
227.160233174
148.030860375
275.267720708
218.456127609
218.364902461
164.118046071
163.101600747
212.689292323
280.86193609
174.591425366
187.774064828
172.216968773
180.377408244
271.268084788
181.119548818
135.258324657
84.9960202384
457.605451705
266.354291418
285.711983754
410.639154923
97.6415450116
105.06276722
212.841262112
281.078320189
86.3760092938
155.860828503
153.655445742
135.192224982
120.836159222
233.211161906
97.0391814674
227.756840789
309.273397199
152.733035787
185.832770965
199.404056292
205.32147343
193.020877116
824.120372804
159.209599784
157.620039651
196.706784116
210.870291156
116.425233384
125.515516191
533.908134303
225.368355204
145.34764444
176.925654636
196.940810106
221.024888839
342.648236852
246.824486728
251.633985855
114.331669767
191.842537719
299.885276055
358.342636942
379.062089708
151.716233175
201.069042681
281.47379361
626.995868317
281.689857893
260.687269148
239.513074976
184.797919084
223.533386303
218.304691284
180.585790244
222.608250604
132.390418306
673.678270597
209.227122565
350.630969151
121.900362102
180.587158548
109.558335682
167.558132336
225.253713148
206.956682372
64.0385480667
525.068239128
169.474366393
101.548499006
359.678688743
168.563065763
309.552339388
425.115933912
150.690110477
121.780540554
197.319941509
218.865086152
163.637659631
141.334203411
175.99249483
339.426590959
178.896053383
322.86794416
144.237470028
235.251646558
466.531892645
182.475795138
163.534810321
181.152418707
186.426565692
147.562539589
264.662729927
223.569490728
149.137247675
250.94034323
242.645458805
681.486331774
423.481957869
674.914057064
176.41840445
252.485218781
190.181776682
229.458464815
189.030963974
147.055020673
317.960962135
162.386889517
516.514925317
218.745665124
448.490884849
372.225504181
419.170598031
124.305913094
180.182714242
155.677592851
157.432205824
144.63868752
310.56775917
853.03295563
98.2073622773
176.195493804
171.003642512
248.649884442
103.678270607
184.758489465
182.99846153
262.956058133
215.583278521
200.789230913
175.226982914
128.432694474
134.696443065
246.735568483
277.471613132
369.535180138
267.313826704
141.638718917
197.739876779
251.563480124
133.773116541
181.222708062
149.295511633
144.896125611
311.718011668
146.889134312
134.645494987
233.730585503
189.074300213
210.910331278
215.49284449
212.950500977
149.607771498
192.945765449
250.82307104
163.640974457
187.557076772
297.828018884
144.578234023
142.721981269
183.279396918
142.747652682
244.740898708
173.687183037
241.014403732
325.167649472
323.26473648
142.470384638
228.223637349
520.073983811
208.675511249
291.383667111
398.299591038
190.303606356
288.807444576
243.395539691
165.823956
189.655355937
320.059859218
249.332516401
561.68215242
153.79954182
240.760680597
165.325089709
300.35038321
176.971488398
286.854407002
124.912874523
301.71395199
224.638125879
241.723640688
414.886469945
144.206138232
200.422160685
322.059305924
184.356430481
886.356400292
277.2726499
237.474057093
476.587565744
241.56220968
210.498871254
187.739501205
328.837313371
237.035843892
110.254818999
384.024734261
302.848085521
92.0332790075
218.277142605
161.900686827
176.532356897
232.627914686
166.031066405
231.617242076
161.181802914
173.853630417
172.074777835
93.5871821716
479.020665875
111.665351629
165.722847328
532.70209979
267.815667031
259.232068535
159.415159596
117.961970733
168.663343799
157.723211154
223.9048353
195.71210294
142.701626148
142.743263667
146.826645522
244.708618876
239.251239159
345.822931033
269.917499979
172.279383183
126.396079751
181.145524962
148.030263292
114.455193523
326.408104721
356.189057039
180.090440632
180.281348252
167.106758115
155.435202918
299.303583708
162.136718032
141.477924636
146.180460234
127.284646161
350.263138432
951.809290844
131.996340122
153.850162079
323.186282875
89.8163866453
126.287303588
264.547771719
173.521213422
183.363802396
163.699068266
444.438314541
118.231699895
162.760935546
304.096675484
332.15036508
168.859959149
180.823994764
148.33661519
161.137907274
432.713960401
116.606847322
175.127719144
372.270334278
169.247091343
324.699719878
407.108411125
330.765091874
326.600466853
115.976793437
319.472975824
259.693731968
211.362318199
175.560284973
169.093267866
493.823073104
223.352152089
167.823434061
588.759655419
157.401755103
221.048577223
216.497402274
321.068121108
165.808423516
192.865853961
105.423529255
277.726932399
529.215626736
286.01373125
145.776609356
328.851275567
437.042206376
281.757264545
641.02251807
228.729301176
219.554159395
145.197656287
290.477811269
113.154537727
325.410619702
254.236686187
280.812464849
218.524223698
396.492156119
374.983573806
184.704319884
210.988834874
361.045582312
120.578558094
140.461662733
808.145403704
198.932848637
165.560721327
423.354301442
299.982307235
325.571635607
202.562099185
169.229418782
224.222772091
268.789393233
104.731884722
143.275962138
150.715731895
149.136569096
167.251918203
204.868558488
261.858059963
255.115114725
151.824382476
150.248218809
126.656226556
459.082320914
701.648063165
163.566132897
615.656499399
327.16777838
375.962572105
212.387637348
142.299357354
511.766003286
150.901101255
244.080761153
133.417341641
136.667997912
191.001300131
169.228934587
121.757743106
269.167025972
328.182501401
174.776736911
94.7326761968
157.745230667
199.838948937
329.428507823
263.34417471
220.41875295
351.190615111
185.47618617
162.823416584
176.596977037
164.499423941
315.284675705
107.457801099
222.580177272
290.117187826
139.887196569
212.369290317
215.842972945
337.125237329
327.694573933
202.457300032
573.874357129
203.438168525
252.152104476
202.363931525
219.936621824
364.492991156
348.380549193
121.195166129
167.056673733
286.123105403
363.139741344
176.85864277
113.896101085
211.238753986
485.59552832
395.963991846
193.242377281
430.799242788
133.214949225
287.127253383
199.95965158
132.19145539
149.689788406
199.601002568
107.306404858
137.552596952
190.77449089
173.273178557
238.067665047
237.969664081
578.357662498
175.779158103
185.187437348
120.060529504
638.610667163
343.582157684
165.532986764
130.480684382
176.153900114
203.418180055
186.239454717
198.257725555
242.872540935
208.146989679
516.461767225
276.007435946
175.091536274
167.447728066
165.175045611
120.95637784
162.263277875
181.595056724
170.458024356
150.542339108
178.808592395
268.437041986
377.112301664
202.444541008
136.575644904
596.964479316
217.04449719
304.516755976
105.522863071
139.221290581
155.329055784
226.372971587
274.900589669
163.561048222
315.56955894
516.779290384
176.53676992
144.328803414
189.685696926
135.274028491
236.273181123
181.028891465
118.633938367
263.496985087
389.580765148
247.302591241
143.97859965
223.927294336
194.59757094
153.986871161
169.652942279
111.291255937
175.279524418
335.950708448
471.152269445
242.12271497
542.781441642
489.988571793
284.234412912
190.996970032
189.363054126
241.738279161
198.721108407
196.218644736
407.025559819
194.45870622
141.662008994
585.71682083
341.630066414
399.204672065
126.153519334
175.269020422
194.405973838
116.579155774
849.430311264
154.659628228
186.277671632
175.555331483
159.907313378
253.158005363
140.850035041
150.921675206
592.890819942
234.464966627
401.983276925
229.210081244
182.351356103
160.76933334
246.211278573
218.199857912
238.190969601
171.796894285
278.035076754
487.200672003
551.392486833
254.425241905
155.880633811
395.779667341
321.745056047
132.254840277
139.263525098
249.420592156
740.684348457
189.17383887
151.113211511
390.316573731
187.175484184
255.087023217
136.609952289
288.985835846
381.293057925
478.875284731
148.496245291
180.425257385
333.616088748
187.22486887
277.296509058
562.446064917
225.579737749
195.86680766
197.780559472
673.10688534
98.8304027851
219.019397821
117.778916505
561.159899077
106.041510982
247.936056758
174.142690618
399.619355697
592.928445494
252.508387702
127.021973166
164.51569039
278.902599499
126.176172563
168.023420961
199.672738662
145.111002728
95.677597121
182.773260638
184.648480891
177.846080101
190.587345101
186.336034159
158.783481266
299.139619675
199.221515724
166.279532008
155.988547574
152.476245755
167.016315437
318.078467092
444.805023827
136.109687821
228.306702909
211.565326451
269.028784023
178.993222938
182.398226961
160.269357865
228.627671052
145.872353562
272.741695911
209.675441526
335.087431716
273.46848136
212.462729811
237.668001015
221.204571744
234.990800405
248.776362614
405.006968623
458.908360337
154.82765688
138.997079984
230.798769229
121.878683597
287.53603799
155.577265915
244.595578275
138.94084889
184.97736477
266.662816786
336.993094254
344.811034516
327.831757794
123.116744967
352.238130493
160.564553125
167.652805085
181.534123867
297.279306008
273.245543723
139.876519967
248.096197329
135.563753832
135.726038057
180.347306548
157.921000743
296.071215983
195.808750837
570.22029879
150.177260331
404.71437946
250.651373649
609.858035158
131.838875718
99.239205667
374.730785246
160.365269781
221.694632399
66.5787624638
327.526605634
146.389931547
107.146912037
80.1815544708
106.28820394
557.764194001
181.324142941
735.516335518
348.641452059
139.012908985
192.701180734
298.874214443
140.945129177
272.423766803
160.138337806
181.286945044
239.735225607
115.199066838
253.431860911
103.368262414
143.52796434
217.517056654
91.018384271
385.018486287
398.481067118
198.732691185
380.674132724
209.250329293
170.156582942
220.881756113
284.851504138
175.353255464
189.69309115
138.363501539
559.694411756
979.291487778
315.417696242
116.022092
175.104577527
220.946109744
168.625530425
303.386887324
384.971878644
152.089461228
221.664057364
267.594871654
149.753648394
416.608770882
491.975796715
390.087053881
229.167505888
237.766847834
122.553579743
168.707298796
143.4347274
219.444057925
283.831558964
304.93710066
143.810293659
158.285089371
171.169075059
239.799246731
184.365451553
698.221524668
488.040323702
202.57223152
151.697055524
187.72183082
189.032004198
236.12774557
138.370368651
311.779048014
296.929016442
406.744928224
213.434752891
491.48686441
152.819875391
147.678901864
311.378580023
142.93181953
245.720754279
204.095775401
95.1412646621
177.277690408
322.253033858
212.025308616
157.536539803
289.327197722
173.467777565
153.291153429
166.175094319
417.133784688
110.781154807
116.581178705
467.724335171
168.058524576
168.28439701
578.443591444
164.456410998
148.986738593
143.636870596
826.181499637
106.167512249
218.268889335
664.271896479
245.761690136
119.405445842
184.119384187
340.633483332
123.283756539
205.157888385
175.900367104
252.586194418
202.344361546
233.623028515
432.55609877
293.91519406
154.037607754
239.391047351
290.610092088
151.438689274
269.711248351
242.996294647
218.020532761
149.374851719
157.098126908
157.618546115
198.539210519
316.714565042
176.858446865
403.24323229
264.808192378
249.945106508
471.666397034
136.469160186
371.009150133
669.635606405
174.839516469
193.002962323
339.68520664
193.475038036
191.463183855
243.106345266
529.896054365
174.184515499
201.694931806
520.876046463
220.173124093
219.633254573
185.721034103
532.32686784
188.039466973
174.240413214
462.118983435
127.885647001
481.347439721
349.773654794
175.679727741
172.037986515
206.662109791
269.762242557
199.410221712
329.562405116
337.747104089
80.1045992959
215.5378462
141.082746471
204.485963969
210.549755271
261.040265066
305.006577965
277.889739032
213.666559936
136.594994336
86.545182558
116.232473732
150.48194666
393.284500803
372.009573007
295.757648699
555.145045686
210.181495717
205.731732297
351.507465966
378.312073809
432.318072262
303.102701162
678.769486567
469.254334296
191.297538803
312.063077081
146.789696769
158.586735844
427.111244117
309.229966052
183.771341468
1169.49906136
509.267227276
248.708962905
125.419611115
506.389480712
166.063931093
205.963635329
270.754053605
313.852539321
127.347487223
128.776924422
423.542734842
174.762433022
151.608546345
337.456619972
69.0885900516
293.829890084
184.301423474
246.851340386
245.62090232
331.072107507
203.89580692
325.414352115
307.780915533
191.440097584
229.036983114
157.034128398
220.372819605
314.691869957
201.86495157
540.162745747
193.32303445
242.09008245
249.151210143
122.931106649
204.775347836
187.423798802
185.825061399
204.950453871
167.822477214
313.95554538
261.779898976
324.947503261
246.169941911
530.569575399
174.440344347
183.891858068
174.737593119
576.176442607
366.495601904
183.149125177
582.549563457
171.73884597
141.027020486
595.562554626
393.320796045
206.095407322
213.748381638
225.50703358
349.944014214
121.116770311
312.691447711
153.728510287
285.435507355
183.270559301
209.643176568
187.233418273
158.479735949
196.249351097
113.297154282
129.473937089
103.575815512
172.148903575
203.377468591
559.139147964
169.122360578
188.840185017
177.725770392
128.491178083
612.071817054
250.349710684
431.437024665
302.020295056
160.757731764
382.777422508
172.814709127
95.2686941653
291.404678384
108.006656052
133.506968578
294.161824439
245.545962113
159.053476609
161.5353675
169.214393892
198.606382857
584.773309081
175.234479452
501.116167583
122.186847212
102.151158436
116.245455904
247.287674593
168.809509463
639.272016546
174.835908506
111.639504144
158.043215093
175.734089842
169.133037238
115.611479928
179.508116831
257.947578937
589.372282146
169.976969002
254.274241734
182.720777712
296.449030788
192.727578757
131.141054584
133.264168084
232.756175694
186.876159149
276.103889901
196.419906634
264.966100173
169.044011019
194.064749552
410.086176376
231.614353299
266.619200825
200.324253287
161.817687258
186.495265663
257.235216349
201.441056874
698.163552053
295.050479688
128.828385779
238.484869637
257.587482298
430.589240583
236.27332212
297.160370941
242.001030121
330.74450696
166.645999727
365.308453602
269.571984965
166.94169484
286.01496026
146.520914573
188.625409144
165.611288268
189.829915298
141.283266601
121.865741978
177.198130205
158.854093164
148.497562236
210.232576818
202.677647444
339.404204859
182.295408071
280.74222485
162.266640183
150.943388483
121.51069821
144.539511102
218.117378853
168.260003297
198.733756802
527.176860598
239.98790084
114.595161833
856.303004705
155.489331144
374.628545631
231.793735531
653.3774646
150.759460494
188.751681144
485.957185562
191.348770562
366.026093913
149.911038695
145.13758077
243.817545679
329.87192492
215.573563927
172.279294657
290.506868618
240.478994637
146.951558468
136.235667901
364.461529581
426.845374439
156.734305185
263.6635723
112.493706839
128.428769153
465.88985644
139.352804584
215.835213314
208.70173162
131.160772843
184.074920672
171.977839736
342.636354885
161.66805378
179.842527995
182.231321161
458.924673313
165.00654258
287.138833789
424.004324793
168.22323113
115.427109284
208.005131897
255.798642194
330.929461478
184.492796869
455.441727586
275.665099891
279.300746529
169.301067594
327.754241939
197.178744498
291.144889131
346.652909246
216.494115509
61.0383995805
563.462705171
135.433126776
160.344737248
166.595980056
174.921074799
393.694691009
328.617639922
209.691197355
188.029618537
154.475243275
378.647305748
104.892502171
180.401295878
138.41032625
208.084014969
142.542177812
184.631023794
175.565998926
282.925282205
249.332846745
800.361603523
754.244383487
84.7626530001
500.509135637
388.345591844
201.098513951
660.16204202
204.789697529
1010.42195279
164.893645117
170.792314634
178.299320786
187.274498115
273.113210024
