0.106480239285
1.05359615552
0.996329873483
0.382330425322
1.58661940808
2.00266910394
1.73304380293
0.439894058387
2.36886270614
0.594718337189
0.872986440121
1.86271717742
0.590628037853
1.40790452224
1.08465438846
0.266949070484
0.483853000816
0.0196143591839
1.14171735445
0.24959076198
2.7051793452
1.02386834264
1.38256090986
2.96645067289
0.781751913249
0.958505614663
2.88686231366
1.31019144246
0.872889840272
2.41619866915
0.70334608061
1.2236083964
2.68283404662
1.7302003241
1.6615270154
0.196078361116
3.11484358054
1.81459196803
1.46343264195
2.21831895259
2.94311694818
2.31004683483
0.514180764944
2.00689988533
1.19313737022
0.542254942335
0.453903404166
1.71900667228
3.05917575749
1.5440094978
1.5093553537
2.07060046458
1.71239931354
2.00945829766
0.636787933304
0.944029023079
1.25578711434
2.52655220307
2.47687209281
1.67143380628
2.0980571812
2.79754534763
0.0426835385386
2.16477775483
2.23516929395
2.06689417435
0.916261275972
1.75382766758
1.7345305556
1.03589828416
2.02819224845
2.34136889979
2.01489415212
0.0272988438704
0.611960532446
1.04367741481
0.640817603314
1.98086331707
3.06825188005
2.175018649
0.896442085598
0.344239264476
1.95565095802
1.70879957474
0.269291994752
0.958193036169
2.10790013983
1.65764202488
0.674659243963
2.73723943441
1.48596777597
0.453114184961
3.08967947174
1.2102569566
0.903939564538
0.129165081062
0.443143027887
1.3513776126
1.4537478944
0.962057524645
2.71400260056
1.9193376833
2.2384046476
1.83553387825
0.0617069252209
0.903687926751
0.316362781079
2.5981703041
0.356983052328
0.100247230136
1.15201679865
1.79716669607
0.433950128223
0.693380837873
2.20168873572
2.44983501058
0.0692156619737
0.823846595936
2.19809834824
2.85438067125
1.3686108127
0.88647356926
2.74004444822
2.79651402655
1.5145194441
2.77119088227
1.04804009377
0.101613852607
0.277647371844
0.0712732859241
1.61370208142
0.645896089523
0.921523572448
1.3080322347
0.582648417126
0.531427561317
0.875121927705
0.124598258842
1.39452244933
2.43404803151
1.89069302998
1.7702365644
2.50675905011
0.900355022567
1.86724003689
0.651582023666
1.48288075923
2.79054877532
1.86065705364
0.0474205764652
1.42706810724
2.9313442237
1.02717975698
0.322750645862
1.88366226737
2.87013788188
0.969569043955
0.673339930713
1.76762067156
1.9495954817
0.771929859763
0.165572565865
1.5888109246
2.77349300848
0.176561900407
1.67883070504
0.951218947601
2.85994587417
0.947666803398
0.40184956621
2.47087688686
3.00287664976
0.190215677801
1.5956347116
0.88207378211
1.32311083464
0.262930954847
0.0152198074244
0.802206180714
1.1853716002
0.799209587274
2.41165057035
2.65197355236
1.57526970562
1.70025048178
0.29257673274
2.16914486036
0.893715058595
0.512634907805
0.470322176259
0.968443380087
2.63725192495
1.85544036724
1.58551852779
2.59533361773
1.37391132583
1.73956151265
2.03872601742
1.72204118003
1.73675160107
1.93061309866
0.251476567915
2.64201475797
2.47653602821
2.28698469807
0.580671898999
1.76012038105
0.362069581507
2.13810744704
2.11177933737
3.12356121239
1.12710431985
3.07816054084
2.49711056892
0.745268278518
0.901791603006
1.60809041703
0.153267270525
1.91759262304
1.10200235511
0.21803848248
1.07540102826
1.60930454962
0.612735975484
2.68577371477
1.64263803229
1.89661498987
2.50283076912
1.57885524025
1.25475439357
1.53034961259
2.41955843976
2.63585083831
0.517556075294
0.102288315436
3.13038919041
0.878260031553
0.378699475074
0.614255129291
1.53402444005
2.94832956799
2.27820844362
1.39928364691
2.7889253562
1.42583991759
2.74101018814
2.12346059537
3.01767958093
2.47772848882
2.51377413356
2.72870743245
2.16129099592
0.0363956050173
1.41063600651
0.736912890272
0.41984314507
0.873812896188
1.39508991796
1.1210215218
3.07805501054
1.15491366645
2.24206204421
2.61371055968
3.09422480134
0.349524500917
0.872354029076
1.73487792629
0.964551607267
0.768956853748
2.81427107665
0.652485147429
2.32588889175
2.96288997407
0.0648044817279
2.73829166488
0.34805906785
2.52487371388
2.56210010329
2.08481964871
1.62637338888
0.532236090785
2.99034905347
1.3274581509
3.09604342469
0.464364104998
2.45773973493
0.32443352437
0.941027312931
0.250826861991
2.09482117398
1.72981494358
0.88615546076
2.33779429017
0.266912099232
3.10229578031
0.213969542784
1.73668210004
0.46025539475
0.0517985809863
2.11159863188
1.74381680772
1.85778699385
0.291762305379
0.181459802285
2.66773458161
2.00452333562
0.159101752722
0.178047167736
0.0404250036725
1.85891109594
0.0932174730672
0.150502849296
3.05768913009
1.2134940302
2.04076107326
0.681682084754
0.718769518386
1.8087083216
2.40023513919
2.78479635382
1.77239922274
2.40558499806
2.1785710746
0.964674515089
1.83424277752
2.769216312
0.201887122267
1.07700327422
2.57438786321
1.06362557045
0.310467734454
1.67911236693
2.77885874466
1.17343757278
0.469717045518
1.70405369664
1.90849237348
0.452333905244
0.308868224358
0.510075591072
1.48952066728
2.84427165977
0.903760225611
0.601877805304
1.0555112932
0.791772910978
1.16703264804
2.56299947701
0.836295349369
0.270608850247
0.910990662592
0.423640090996
1.12017810789
1.67295322673
0.297307727139
0.417320985597
1.83065594334
2.87873219435
1.73343670966
2.43631565994
2.38100436742
0.451291771583
1.23728807014
2.04983666127
0.495797577286
2.4438880283
0.780821805031
1.91764555892
3.10915615366
3.14008978779
1.37289721623
1.44180749931
1.93008575153
2.25573594868
0.319269293828
0.279895895287
2.50560306719
2.76997229183
0.277395902052
0.445215589561
0.578827897131
1.47218325221
0.609146280755
0.549471891494
2.77633363045
1.47622513659
2.48239981178
0.611970346868
1.1429073356
2.8027028968
1.7625893332
2.43590385393
2.15610579802
2.6386827148
0.192034512299
2.69436686127
0.269686160322
1.68697241212
1.33684877966
0.602492811238
3.02227637148
0.575153640628
1.40292392163
2.36858706361
2.00043575488
0.418310059696
1.96673935448
2.25791006923
2.15074658274
1.16008355626
2.43826693534
2.90337037679
2.19622721435
2.21640085479
1.90434000112
2.49824784307
0.260361989229
1.64281165536
2.3252243542
1.96571972139
2.07405672905
0.729013647937
2.21758528602
2.67576031737
1.59454706317
1.43602241649
0.550151041699
0.407189906435
0.0845187273252
0.484704014829
1.08137876451
1.82111585985
2.45719409189
2.80130419118
2.21076742691
0.657095776824
2.07654141206
3.11593883075
2.4506095266
1.59467659833
2.40496408152
0.130268907807
0.790842555721
2.08194861058
1.13132380819
2.84135391281
1.82177375531
1.31740484613
1.56177725275
2.30988799551
2.49140980522
0.159180494566
0.212807664462
1.55758192612
1.62434132944
1.62864062929
0.646204134985
0.550106046849
3.05424016555
2.96099632479
0.105031118831
0.0745320291709
1.08736877891
2.40903927344
2.24958414351
0.234580630836
2.87563551979
2.93470171479
1.52460901128
0.675152110001
1.40085651079
1.44188215023
1.31509347956
2.75614450478
2.05261927445
1.71479909617
2.55029842537
1.79827196886
2.82026471431
1.68485818795
1.67010212575
0.051170260975
0.365224326202
0.532696546101
1.77168625741
0.239622847857
2.42544811119
2.14935294163
2.01547775276
2.30362599636
0.737513446551
1.90657401984
2.92921642313
1.63227273396
2.85293017868
1.65190980292
0.185573262053
3.04034221743
1.77924092768
1.70804827101
2.42662211985
2.99467971619
0.751838326508
1.68397453184
2.90431211479
2.31703459732
0.409026012379
1.16768117997
2.7660726144
1.62513809207
1.69644623744
1.06171835941
0.143563679485
1.74602576626
2.5630090215
2.23661250032
1.46021147565
1.53138977587
2.39344555858
2.96001492526
2.21987543482
1.02790674239
2.84131212674
2.29027296468
1.97224740674
1.03980814286
2.91916325997
0.50105479508
0.397486120508
1.18077724044
0.192380230218
2.13290115172
2.09978394295
1.91121625489
1.37333122068
2.29626679241
1.1032772723
1.30531183486
0.939992299048
2.00575925993
2.5159344912
0.860141615423
1.57408119304
2.13344569811
2.80739782368
1.69407083352
0.967177274848
1.31353874121
2.63624324812
1.52306658346
1.13232671296
0.081366318702
0.292453982874
2.87766632326
0.292228880704
2.56327319243
1.05127836355
1.07654506606
0.78743044656
0.213779387487
1.36946968908
2.23837935999
2.00949561814
2.29373079579
1.70717276135
0.381900924195
0.605785055252
1.75644532747
0.972359865337
3.1012020941
1.90280161128
0.332893538125
0.723460402609
2.47208777713
1.91078956831
0.670178967605
3.08668761951
0.420445847054
2.46548474913
2.74568726099
1.93032229192
0.118736531679
1.76031005634
0.364700367406
1.73835588343
1.85345097599
3.11340895422
0.188381370096
1.32388068719
1.12520991607
1.48199895952
1.22955424563
1.64254507689
0.0159845519526
0.293184098106
0.604538164396
2.87865000045
2.34746685352
0.345388898312
2.05330589785
0.22913959865
0.470274081299
0.234685968496
0.182615965625
1.81701925074
0.673147302609
0.295391431775
2.40061849767
0.955049474265
0.598147889027
0.938342989767
0.907012432107
2.37242999651
1.78693188355
0.720972922081
1.25904563053
3.06892247009
0.147527724974
0.0808129640144
1.60805805132
1.80712043558
2.39859743074
2.41135069729
2.84707243836
1.59187380814
1.57576963886
1.87574241127
1.75342917764
1.87959215636
1.96970834864
0.895101915771
0.941873585443
0.0297548304339
1.71201769953
2.13466994735
0.442747789447
2.9334538291
3.03553393652
1.76844777338
2.09029093408
3.02235427054
1.12849040567
3.11212593176
1.11973305272
1.93077762887
0.794744423195
0.363286578177
1.93174161631
1.77953440596
0.810236907374
2.13813202766
1.89519856255
1.11097192638
2.6015922252
0.00176312648088
2.00694644398
0.694980039082
1.98359638148
2.6785796183
2.34869128333
2.27840173169
0.478532981085
1.83729526225
0.705339623935
0.942485780075
1.81996483429
2.45394753965
2.57994040805
2.26098454395
2.40097803224
0.79381052279
2.61977146015
2.34874382944
2.24189103093
1.44634838375
1.04045917641
2.36406623333
2.84143769364
1.30891772146
2.45286512236
2.94149758317
2.55860847252
0.0954483529007
0.570679908144
1.33055934885
0.577437696476
1.94334221008
1.84213822769
3.12731372271
0.624324733277
1.23674149529
0.687897752464
0.886051441215
0.410858729122
0.59186764011
2.02699388918
1.2457301682
0.294352852301
1.95713312009
0.223256898444
2.28798326439
0.191691607279
0.198570403757
0.749902255415
1.91917409125
2.48865457953
1.67332774307
2.90210208986
2.06777893905
1.98909580765
1.15305163913
2.86252346588
0.953639025389
2.6278891627
2.49606386901
2.9229858983
1.80031862888
2.70673553883
2.36401387087
1.0655867558
1.9909836164
0.535924785083
0.543008896813
1.67249182812
1.5057831928
2.10942722509
0.734671052798
0.17648718209
1.41507067455
1.20079904064
1.79052096532
0.427764595709
1.26016757538
1.28812358401
0.848759624158
2.7935953461
1.69310258307
1.94442076623
1.52646374366
2.23334722794
0.113316009648
0.706861552879
2.84344014214
1.84863735749
0.0540204952326
1.48021496689
1.60524252094
1.99288592077
0.690034524622
0.817130447857
0.770844388322
0.374428552402
0.207797496579
0.267124434694
1.48704715763
0.776423386343
0.514766251457
2.71153009261
0.50514769647
2.58585383994
2.0493027774
0.187305410677
0.603215239503
3.02366121294
2.78506279232
0.775190898472
2.9721096843
1.13742488495
1.96758543199
0.577414435561
0.499077256217
1.49647767693
1.8126307323
2.32427064318
1.04805981466
1.90884995609
0.028252604641
0.880523676176
0.831331945941
0.218535845753
0.526259236337
0.616600451331
0.280400951733
3.09545778771
1.96419940589
0.330753825843
0.0400908877852
2.19408578329
0.112459402311
1.9269800503
1.96488960936
1.89021209838
1.96886370207
1.19472256284
1.80246921506
0.455334914249
0.822533372264
2.42478528504
3.08628858685
0.437868121041
0.978113363925
1.46675769705
2.90047167526
0.968581111783
2.10581712059
0.916988119129
2.73795416873
2.91748141191
1.52890443448
2.07371702559
1.61902728829
1.42324204975
2.60182946821
2.15890007931
2.26243670528
0.510279819995
1.57019263124
1.93009814084
0.437600600201
3.08462908446
2.62085634418
0.832956233136
0.510799434968
3.04327180504
1.65193363857
2.12791481415
1.23973119873
1.39883970772
0.550845275905
2.89685686571
0.0371975953411
0.259878829706
1.31945683979
1.12947379156
1.86496452166
1.43136617282
1.52556104871
3.01243870132
1.42685556582
1.43428975623
2.42301802561
0.660806325739
0.747714883357
2.71662625301
0.526843666401
1.1049223253
1.44207588037
2.49813342498
0.923300412632
0.364294779054
1.35808038111
1.3385377633
3.00812801128
3.09891629775
0.802531712449
3.07800782218
1.06792221002
2.73995527842
0.584680615294
0.506048919992
0.362698250014
0.675934178091
2.70883085775
1.43632445408
1.71662741237
2.49189379767
0.7471030775
1.88185060938
1.14720283239
1.80876489446
0.831206643056
2.54400053957
2.15313410251
1.2547132146
2.38725177473
1.95797719655
0.181611424448
1.89299016827
1.63925273638
1.26718509563
2.80448570998
0.416519331495
0.842106963408
1.29704687061
3.1392398008
2.65480224473
0.478181062409
2.71430639714
0.899857493146
0.357551008714
0.98378500663
2.1459365436
1.06648274639
0.833028380712
2.03588048126
1.99128834899
2.32517570111
1.54416925457
1.1062840709
0.114549204414
0.650133920447
1.60146723344
1.69212177395
1.54675910937
0.82449642229
0.443964638445
2.81814496243
1.14271383288
2.55825576829
0.802522490887
0.805985503962
2.4007103903
1.28153947817
2.81316604999
1.19393450278
0.622415938892
1.40662401425
3.07685333417
2.3981867205
2.17365140609
1.9009573987
0.604573888179
0.457376655256
0.952112287673
0.63506451129
1.90679783163
0.815097873577
2.79301908841
0.545413165698
1.0995127085
1.11647882754
2.56721621581
1.5395459182
0.0271011747058
3.04812448639
1.79106148303
1.7186432202
1.45836949534
1.41312346845
1.99109973357
0.267209934739
2.15149957469
1.84804023726
0.373096622625
1.90952009129
2.46046900016
0.053472680358
1.95955092888
2.51603816168
0.949354358559
0.554627993156
0.725203104548
0.884441281553
0.591732586782
2.23974501381
1.07753829744
2.89067015071
2.61455293883
3.08271419233
0.826626740772
0.307842764811
1.6935202121
0.235470517073
2.94732421507
0.122224505818
1.56043943344
0.188715458427
1.09569984113
2.3463470918
2.59501508907
2.07497593871
2.32906223713
2.28529839877
2.2514395186
1.85486867559
1.51755359404
2.90038313873
3.08166841248
2.84347154459
2.31797363465
0.843000310665
0.884612467502
2.75738592765
0.926454995579
0.818087811954
3.04810802523
1.67683315758
0.765630662672
0.143214472702
0.500657760696
2.2058467488
0.368617132391
0.603975788574
2.21004079392
1.71283614861
3.00608268389
1.46313938379
2.1080362058
2.04394125275
0.809291936811
0.486873779291
2.5541863392
2.07870036949
2.97421152803
2.12109154326
1.67118386081
0.558455268791
2.43403938789
0.950870873964
2.79046969292
0.491050678364
2.44209980884
0.359303342215
2.16678181046
2.63870005875
1.86674080906
2.55748560725
0.747825297087
0.184840869399
1.82078271205
2.11376590663
3.03294598059
1.10990255368
1.53352303948
0.364053752161
2.38241910819
1.86861205404
0.18604232816
1.63644140575
2.64955843278
1.09616777352
0.474339096319
0.244221759795
1.20837366235
3.01665874066
0.0482412873817
1.27718617539
1.36547810644
2.35517850012
0.372682680168
2.2556200459
1.6634567773
2.87492402235
3.03246067776
2.27148243487
1.44508419385
0.903999027658
1.57184695334
2.38101993712
0.820429432652
1.18841446153
0.649134624224
1.46073928009
3.03276103758
2.36468985269
0.301973763485
2.68845547075
1.89817715784
1.19398633672
1.02627898995
0.456490327437
1.95603563953
0.309837770381
3.11889600423
2.01977586604
2.64960512354
2.21885533106
1.91204098838
2.93980901301
0.236676514411
3.04941828043
2.94456436162
0.722924522612
1.91150257829
2.36596969936
0.873224324478
0.0694305117125
1.17523334621
1.95378518196
2.55899920597
2.26531145635
0.346465216997
0.961915631755
2.71199357145
0.168846435603
1.91916728217
0.285139462278
2.18492675589
1.98308226687
1.89668559889
0.225861951413
2.1649274562
2.56391168023
0.857244475257
1.10013314574
1.2082316246
1.04377827062
0.0155480818268
2.57707439568
2.09955699615
2.63378350667
2.61566866324
0.620090344847
2.14016138452
1.05774909017
0.575829594649
0.917331525599
0.0111635568953
0.101206054826
1.0880454243
0.11556710934
2.67933472033
0.13911976157
1.03973387284
2.21854896408
2.06625552761
1.8917511418
2.86743970194
0.370826459393
0.677613811741
1.04826064697
1.44851227277
0.500737283585
0.487726967886
1.93248954354
1.48238455976
1.06303491937
2.91580126929
2.62335722656
0.920929211919
2.39073507223
2.83276706927
2.62032547914
2.27935723499
0.144697477563
1.08111950657
1.50710408496
0.0222972450982
2.96038174989
1.91516021458
1.07636900544
0.857043381934
0.0273569515992
1.5528348193
2.50800548043
0.761235270155
0.148399977379
0.149604258542
0.154632934319
2.85976162568
1.09741040077
2.36610769368
1.34815056331
1.74626971794
1.16980863771
2.76325994232
2.23460137025
2.26344792727
0.12939329476
0.528947541329
2.27960021869
0.681713191953
0.0615868100867
0.495441659605
1.03612882076
1.33629417078
0.82952174786
2.65531672289
2.26458467913
3.03066557203
0.141542689903
0.70999380839
1.46973443941
1.82102877322
1.41264619625
1.56809802656
0.491069793119
1.91673925812
2.17627017675
0.614189243743
2.14928592144
1.39174950599
2.42796009618
1.64567611472
2.21226864229
0.178585510027
2.72447525102
2.68788009091
1.62327297342
2.58236408895
1.99179706032
1.31634695565
2.50879165103
1.70505116365
0.0436161794391
0.973443951201
1.51205393667
1.81384356531
2.76625754089
0.0928980458105
0.664282924745
2.54532049311
2.23982885224
1.10053930917
0.714859746666
0.824258653489
2.27747993066
1.48399822029
2.85876726434
1.24259623942
0.524291183514
1.81646177901
2.48951344479
1.67071475848
1.05194384385
2.34967042224
1.86285783337
1.28816838327
1.79174161756
2.26557562225
1.81062355107
0.944323259017
1.62452559834
1.55429192229
1.31607451527
2.36648588948
1.84408740018
1.26354720292
2.26622072193
0.981572267468
1.23801466476
0.89803683947
2.63172002651
1.85559622696
1.5755910014
1.97168894056
2.28332061477
2.85240306746
1.02568929721
2.95940777928
1.76074872845
0.0408299167112
1.45436436138
2.37442418607
2.50263991605
2.31507615104
2.28245901921
1.36917495377
0.529762647462
0.112367435662
2.6906437373
0.162873429567
0.686735882644
0.261441465771
3.06053380479
2.34940634419
2.22160909023
1.25494538731
1.57408215449
2.26531076661
1.64924116457
0.0773864902902
1.89577093316
0.959364069908
1.50695661824
2.96481923497
0.780079499872
2.55594868513
1.025935894
0.437665491151
2.20951873378
1.43567920347
3.04615015858
0.184604087627
1.0509902733
2.3834184563
1.59668956659
0.982505597001
0.784805773477
3.04192226083
3.03066596968
2.41051614272
0.520013785449
1.1609989383
1.8309107117
0.828806807126
2.58626195142
2.08064729236
2.59999943289
1.67575564225
2.49128775379
1.89289803996
0.168242751692
2.21105550972
1.92555251104
2.33615311175
3.01091153686
2.64285247464
0.451829963859
0.817636001712
2.95322208491
3.12426221689
2.09288586133
1.87340678449
1.73312549119
2.81270126285
2.19781099531
0.112604368608
0.233881611627
2.84011583089
2.4486013653
0.819725580549
2.18591762672
1.09082124082
1.15836957338
2.4439357366
1.51311107413
1.8985239792
1.45401604367
0.897190208104
0.869792471105
0.591997373292
1.89493961597
1.89117347243
1.00684809999
1.55039128672
2.55436342365
2.64534967852
2.24064189298
2.61795344709
2.51825767622
1.93850382211
1.33351331449
0.893813531321
2.29678908148
1.10977130236
2.39169982651
0.926390249043
1.15494835833
0.327341461603
1.98909784428
0.615460369048
2.06410552659
2.2226469061
0.488498108444
2.16671080865
0.737268229539
1.27563340706
0.826760010943
1.00149962874
2.11654819101
2.29943230829
0.264755561234
2.58987269199
2.14850657684
1.12623618528
1.28547925066
0.0605201543295
2.07855793533
2.51812888625
1.53689511487
1.91996060586
0.538327949799
1.36824140995
1.88875715182
2.53891744365
0.375585407121
0.335013966342
1.48665912046
2.93766370592
0.990105599061
1.51525144187
0.925523727328
2.85474371482
0.868807835168
2.60958637987
2.48118729827
0.235625551695
0.96556143718
2.11654595279
0.412443984033
2.58475162958
0.602835084062
0.604073964637
1.064494682
0.654431068491
0.582321636575
1.78041318099
2.54745364991
1.66976137726
2.01812067265
0.500979248344
0.930143971854
1.2372897223
1.32511512251
0.987385341063
2.10332342078
2.42481013606
0.723920314241
0.179496762066
1.24082526974
2.45915095291
2.42797390731
0.380024094068
1.52902389606
1.98123828684
0.49127529406
1.0627478913
1.06791303119
0.295336706178
1.11344801483
2.77405274878
2.72810914598
3.05441354569
2.28984337445
1.0114364314
1.53132062552
1.59576530501
1.10612336548
1.5089817745
1.87338751469
3.03432552734
0.207069715496
0.690708323637
0.966656368321
0.884788036008
2.71728244024
1.63903235106
2.87161550469
0.983933748813
2.3249537461
3.12833439965
0.943089992311
2.25675963634
0.0785521623524
1.68065402121
0.222818464136
1.99488164521
0.504555250718
2.91752705273
0.792105346095
2.44247187418
1.8924674273
1.26151709545
0.998389514886
1.74125811955
0.0374787786132
2.35913342099
2.17320634214
1.19025263818
0.575577784697
3.07659082976
3.09878333272
0.659501373739
0.187306687991
2.41761897838
0.408511971184
2.19218173357
1.18984113246
0.521936320782
2.98817683046
1.99207162189
1.40752511714
0.0374543133948
0.273233895385
2.7722780454
2.9771037035
0.866493340315
1.96017816023
0.0528557900127
1.16758480278
2.04379576078
2.58539061342
0.988764216205
2.0106518549
1.97485891649
0.26180774643
0.402607849715
2.44775255915
0.969444223519
2.14397090787
1.23055663521
2.00576909691
0.016732539287
0.41934053676
0.27329352338
0.112022899321
1.59425015711
0.042497375055
2.27443005984
0.051875629959
2.27108013617
1.84576119865
2.15573955203
2.25214615776
2.84374807459
0.540038581313
1.21994326452
0.971350611115
1.05657894303
1.27049837233
2.04617329892
0.632285056867
1.67674906694
0.699981641292
1.77905177121
1.77191449353
1.38735619491
1.36506829281
2.38994763425
2.35886777956
0.573543406739
2.97478037107
1.50166134833
1.36813439669
2.07628976513
1.50155254295
0.692906080791
2.24113274193
2.65222876151
0.249539326386
2.78306593975
2.71226887556
1.05823116679
2.39371311013
3.04762654562
1.89712688805
0.512296206412
0.733931676616
2.02998548893
3.09283812487
0.737729250371
2.36186664543
1.89069002321
1.82181145401
0.0324680801755
0.0629206702358
1.33674475032
0.181201895512
0.523153876248
0.951562874531
1.33196343996
2.13177868946
0.882666689703
2.76643715592
1.80704646705
1.40197032793
0.688959922028
0.64804340606
0.0575366537977
2.21986072344
2.1394231331
1.80739644973
1.9736993004
3.00793469099
0.206933646777
2.33330486593
0.854162871584
0.925545797999
2.10246087214
1.52708128834
1.1902330231
0.825237022799
1.22796607837
2.15929540679
0.0727034021329
0.113524680982
1.73917899135
0.0664282208661
1.65765942992
3.02448503594
0.342824333633
2.14642213314
1.6853054049
1.02896073373
0.700015790327
1.95023131818
1.20145586533
0.377431816164
2.7011650387
1.55498382893
0.0804627693258
1.65959297273
0.739071672637
2.25590182392
0.998475471604
1.10820905606
1.69942229298
1.21586521043
2.76799611287
1.83383621681
0.353806922306
1.24629324123
0.121435769843
0.186773439606
0.682134286878
0.0382081196187
1.81279870921
3.00283024873
1.11329688162
2.76669749834
0.568293179433
0.28115958048
1.97926237973
0.969777679502
1.09826226165
1.38868007298
2.21772940133
1.36732549006
0.856262651616
1.13391257493
0.212968539925
1.48722942188
0.654739904703
0.530894585124
1.86551257628
1.70340744336
0.441591527839
2.7521671844
1.62601721548
1.05961228796
2.79633315824
1.55055138419
0.362490191644
0.89994019445
0.359503508211
2.16966204772
2.99657429613
0.0757857121552
2.51401771434
1.30509900341
1.25786685468
0.33141559707
1.69239229413
2.90204035743
3.04190486717
1.70406195564
1.2462690532
2.64763399598
1.09077399511
0.36866678126
2.57021243384
1.78023707889
1.78184348625
0.712150486766
1.79560302478
1.86415898525
2.61486802212
2.04813946137
2.49723282184
1.6551821864
2.05667829431
1.43308460522
2.2704759074
2.37456874578
3.06122032376
0.720990493408
2.44597717686
0.843184242482
0.913037599225
2.22681596815
0.821880867689
0.706678358152
1.73009183148
2.29434281539
0.471365464924
0.7363420128
2.06766009548
2.57327706686
3.04668673533
1.36610224571
1.37093634977
2.12031058238
0.0739769030087
2.39283662824
0.983474531968
1.19100009288
2.49642646607
2.7525244578
2.16061094311
1.93433876801
1.47846978733
1.14967292215
0.745696268331
0.083989343484
1.81731085084
1.90178006973
2.34139625404
0.908094960906
0.445477991205
1.44090273879
1.48893632571
2.58204795295
1.92510305915
0.73667430862
0.48430379242
1.5027342799
2.49442118305
0.691821384653
2.98515818579
0.4557977056
2.6362232969
0.076772251511
0.193237385295
1.42220403558
1.21267024377
0.18400463819
3.10882976851
2.5050630118
2.16262836708
2.23221765563
3.07139628839
1.57329133918
1.30625986887
0.535532027579
2.92923587926
1.38334916878
2.30899222606
0.00150451875564
2.05899851056
2.79397367209
0.550178240312
0.863867558304
0.4191797199
2.6133737647
0.0998494296346
0.287218758809
2.58579572299
1.13378804245
2.68981663303
1.61232177205
2.91604117701
2.81841649394
1.52360894272
0.781029728015
1.77514505046
0.792267920065
0.00643922172755
0.621491172175
1.61622346381
3.09873248428
1.29229521215
2.3700142971
2.6655058875
1.40929936964
0.185176589996
1.75977792697
0.245704895664
2.10926380455
0.270920600865
0.253352848436
2.87615718776
1.65765610237
2.67599410765
1.3304153173
1.3671741401
1.58857858026
1.51183693629
2.44780843448
1.8586225636
1.34262346559
2.4267287688
1.76199144889
2.60486666716
1.14676659174
2.3523085754
0.226966007136
2.44841733482
0.406497964472
0.192058572199
2.82159955271
0.905946117953
2.99304217279
0.945561040485
1.9249347645
0.736832239829
0.98072533155
1.33736621498
1.52246233226
2.03604030518
1.67231392935
0.262067950528
0.706963029986
1.34545516758
2.7749659562
2.85892413533
1.13960571661
0.0556569147244
1.87514873689
2.89101934879
2.87406348374
1.8350721143
0.39004791845
1.80909075336
2.05473438236
3.03413801839
2.45965630311
1.57204236421
1.86386052515
0.100000476644
0.390053111242
0.741544178955
0.193830000517
2.87440868354
1.86070854486
0.22320656666
1.83747851648
0.349800885441
2.53584748569
0.499794153891
0.716201096668
2.20540940662
1.30297130991
2.47270775341
0.577339400143
1.30547605837
1.6135861248
1.74121861409
1.15364216732
1.54549106782
2.21404206193
1.93699229666
0.808341027125
2.36019765398
2.38831654056
0.594456787654
0.116292898209
1.76539015219
0.781899003139
1.14600361838
2.81169419315
0.670050060344
1.97997739566
1.89350094744
0.618187162858
1.24256793227
1.24095824648
0.946003589825
0.525482410078
2.37218646989
2.17498120016
1.93896108949
1.09326741374
1.39666714471
2.29288557075
0.35047583986
0.132396764916
0.800390164254
3.11057897851
1.05026805799
0.428164304703
1.77171598636
2.14524875466
0.989670151268
0.556366981756
0.841893430567
0.138515218399
0.838945091392
1.68051154772
1.90271912094
2.96588715472
2.32502593807
1.47735888723
1.42906280162
1.41325806697
1.77159829725
2.74714840512
2.0433973754
0.0983397447444
1.74525144053
0.758808646735
3.13764869233
2.9214201545
2.62246562814
1.58240438112
1.02563786685
3.10213991352
0.610507233976
1.4134654491
0.90365813455
1.48067848897
0.122707466133
0.81183454324
0.117543177073
2.00574301262
1.88451177092
1.15805559004
1.05021821719
0.718405438393
0.387467365089
0.781552963333
1.09980816769
1.12234079612
1.12721040712
0.507022084985
2.57893950306
1.63939348072
1.72415379944
0.507786660463
1.92194908606
0.966704504597
2.21619867129
2.00407050168
1.95310719064
0.231199139484
2.54500299538
0.944155805043
1.45187165489
0.417968409124
2.06381256566
1.43056857274
2.49704380015
3.12048746757
0.477185804018
1.65231481976
1.17014006674
1.00714855628
0.0299879512528
2.4916508232
3.04638250405
0.544251935801
2.62363014939
2.82251434799
1.14178869698
1.08058269581
1.9439908252
0.965892813875
2.22635608831
2.08046469434
0.635812888939
2.98703377181
0.52852665372
1.33625110273
0.607253811411
0.687063315374
2.71187963634
2.18561575989
0.0515378854642
2.74955402921
1.47489895131
1.33178919215
1.48853724038
2.48632906487
1.15995058453
2.17282095587
0.371208985938
1.61145809424
0.357754230352
1.82444252148
2.03347908941
2.64983264548
2.21685463315
2.69932066501
1.89334357508
1.97362135042
0.286307700928
2.22851274833
1.61754764655
2.22070863653
1.53833169012
1.37890759791
2.8010452717
3.01214255577
1.71810003787
0.599216758893
0.0395456707089
2.27371417066
1.29398820708
0.190442010443
2.67064727109
0.418250619409
0.265829866306
0.237872834677
2.66431163557
2.47240775166
0.908131026169
2.55252118589
1.90535381396
1.8104453068
1.69168587393
0.0530263439035
0.0256886663333
2.27124854238
0.597995693617
1.52361635185
1.43279096743
3.07761954914
1.35025415902
0.0949017242918
2.22225475431
1.39209140148
2.78781329388
0.608733810445
0.881873735973
2.00250210077
0.959932402133
0.163644466955
0.189693435075
0.400127918187
0.381412987547
2.82244447823
2.01266784122
0.0549562058415
2.39566238733
2.63875148826
0.170468346226
0.341850892045
2.26526021192
1.69838033929
1.82048790248
0.960471329034
2.07684473315
0.941521212607
0.403088927715
1.24496248144
2.97403869791
1.08459843044
1.89575102855
0.388126404763
2.57457095098
2.11244221032
0.609695698941
1.35518277824
1.78855374139
2.57505860202
2.0622995881
2.32510296663
1.09189740231
0.991518269462
1.20459289908
0.120746219781
2.34605491365
0.253179312567
1.31993717794
0.597889899743
2.19859190148
2.98683539702
0.923136882328
1.00772991533
0.381154831717
1.37051268623
1.49743220344
0.544415843197
0.756520912816
0.806659224261
1.96252584106
0.454416488951
2.87005093914
0.329778372453
2.47335718543
0.479473510602
1.87530202319
2.70842871193
0.983390948182
1.83518950599
0.521223492385
2.06787441965
0.37778422894
1.40809620853
3.04302337751
0.000383243844275
1.23476569355
1.72831240936
0.637413597246
1.03510567949
2.57271184016
2.21228083309
2.70636801655
0.328282326246
1.02241305457
0.361867306935
2.1906111014
3.06379424084
1.71724480405
2.21732363313
0.295632438615
2.2532996233
1.76296024578
0.90654926777
0.6689726298
1.88119897987
0.141742473426
1.23513787784
2.68226877133
3.07216810693
0.632587201585
2.75734484318
1.51664566612
1.04080305061
2.95677999335
3.02087048054
0.830078953048
2.05710206219
1.82647729717
1.12426144276
1.23375163666
1.47154048267
1.24837245157
2.44340341996
0.16860450825
2.85417752404
1.18523169401
0.725101822932
0.267905434036
2.59134966702
1.75145068614
2.85826668218
0.090411941878
2.54142114596
2.88119423303
2.44268205423
1.75693946061
3.05323551871
2.83787889661
0.483097765085
1.59088262504
2.75630029485
0.376503806884
0.366233119475
1.55116201238
1.00316554319
0.943567352759
0.329602979496
1.1458925859
0.225690787499
0.472578093805
1.82245419552
2.83420247389
1.73769101991
2.95912214544
1.95539438595
2.96159597252
2.85139623224
1.90653290904
1.56805234289
0.417528184132
0.251949734452
2.3821426816
0.606342477764
0.410896029353
2.3570857905
0.161307360597
1.91427566415
3.04208277347
1.68368874111
1.54536666119
2.18406072704
0.614658995223
0.740142007112
0.662765702293
0.146019564446
1.53684554106
2.27076566647
1.21129800645
0.226593827402
1.93772578233
1.81810424958
0.964342409858
2.89210821274
0.866246094257
2.32404123282
0.596715780056
0.903848531466
1.16370364685
1.4301329217
1.9084536173
1.56997199334
2.30227098214
0.283287096821
1.24439134914
0.650974868516
0.343921401238
1.83075267633
0.404346822164
0.401880687676
0.0538078804719
2.59107605399
2.12522683582
0.965820773436
1.10791268491
1.49504864115
1.3804793726
2.02286625002
1.50629116817
2.45390424805
2.81566799506
2.52427766771
0.112305889971
0.217197009935
0.115993569341
0.78494889809
2.78096748299
1.71260154874
0.58507973346
1.89252957085
1.0924932663
0.281523321124
2.20337654773
2.92170075532
2.70902860993
2.89534865986
0.518355207349
2.21869284397
1.9513883794
0.29349278439
0.930378230461
1.73154270516
0.170293419589
0.884339233808
2.22984305872
2.03045794002
1.95251453985
1.06166106932
2.50919033453
1.08625284221
1.13694633514
2.87767838449
1.76797885741
2.28314062131
2.43646835884
0.787808026722
2.39156284325
0.940446836573
1.95915582877
3.09616881336
2.56652605391
2.22104937391
1.08994008221
2.30690851175
2.37339788372
0.686638238182
1.51788503938
2.55177641422
1.34158929872
1.20618798485
1.16849171446
2.64020470318
0.932382028781
2.8624553399
1.04980399483
2.09087211678
1.21162618734
1.91568042561
0.0241284289302
0.5866487682
0.470261488818
1.01086475152
0.436794978621
1.51576420984
2.67664088083
0.447293693398
0.571033715797
2.78439182263
2.11037597255
2.35650442821
1.12917529583
1.48118298568
1.82822565026
1.80226127451
1.95937304799
1.86932933133
1.42637378764
0.624310560073
2.12712986938
2.41296738624
1.46548943746
1.73031005175
0.00404219998474
1.40350882025
0.601667128102
1.2681203366
0.918508588655
0.864616792936
0.456554017919
1.76827879163
1.77882518375
2.12851203626
0.292747452855
2.24766892711
2.7753460436
0.833137792292
2.65940684013
1.58463899034
2.04699905486
1.47354867248
1.00529028575
0.963863905491
3.14061311677
2.193500112
1.44363016074
2.33932964181
1.87220286033
2.16449582173
0.339841754204
0.755594467061
0.899492852374
2.86353929912
1.02959007521
0.806567576737
2.0296555834
1.0780094726
2.32987425448
