101.799333634
155.518359463
232.14602458
120.020617638
372.774473547
205.255988701
285.822705358
233.596257913
179.787210321
162.312123426
164.778478032
170.314450285
85.5222320377
165.263266784
185.600745762
165.452535387
180.426106383
173.484247663
248.01459096
223.600224505
97.5929939758
274.358236807
97.784417171
108.225571856
131.286290545
155.531179791
257.332461675
129.916706942
153.324587472
127.173650173
367.122622654
224.263522767
154.106008886
159.118626773
100.085206695
87.0705026829
176.141177033
94.6785467751
147.098159592
193.66768484
142.512148727
218.013618495
163.337751724
67.8937466444
199.166305798
223.885580569
454.464910494
141.268238281
176.469315932
121.481928324
319.869436654
276.757415507
158.776017316
145.83077055
126.935729893
256.506765827
158.654180836
349.167590889
95.8817562129
102.79350933
244.319024628
161.897909374
203.364775647
154.760288121
174.038445255
190.87314546
173.225956587
147.14328
170.615141556
413.443992364
142.465573225
101.679124235
158.257863463
142.00637943
153.991168049
144.26031534
365.570814864
184.280737626
175.673168982
148.711081096
118.858567613
60.7862305133
181.78658068
153.639576075
130.431549545
100.78723128
162.893532123
266.155866967
155.894890059
229.766069169
171.738974488
184.728486456
119.979054052
159.550549591
170.939957039
91.13669575
81.8611718855
45.491005227
75.9230325046
103.632806051
173.544245327
113.200717244
116.11167826
175.876853138
180.259615615
567.024945048
52.031419363
187.006923035
158.284581074
168.710392521
124.868367494
228.05185176
149.707073082
260.005814098
160.882472768
76.9257559814
169.803508034
287.021550625
168.605112388
132.301541988
106.431470979
118.948063485
168.93292743
207.781695373
140.407318298
56.7257802181
65.6208681985
41.064345376
281.918608841
184.455934433
227.141280697
186.426588885
345.373391875
152.052441478
221.025898488
157.264891211
112.421537146
277.575009019
105.916566658
447.256863299
384.157399668
224.252795965
80.1853967927
418.800137599
126.914871911
179.513901423
149.869702657
156.651989135
38.9276903923
170.945820956
169.288356307
161.261079607
116.752278527
287.339845264
153.36860477
101.923890522
267.099642764
143.469461219
136.244853612
64.6548486391
106.121659102
105.197125143
454.837263519
106.439335148
161.186194982
135.422645007
236.207299473
376.002151159
213.182121668
161.844005222
66.1407387216
84.151595182
239.022252494
152.178440857
257.110005641
180.659493907
161.60243617
247.391971397
201.18637071
115.657784007
244.544233109
149.385330333
97.4202345879
236.665326182
155.700014393
137.239203798
189.773849731
126.767043632
169.945504657
178.408786765
134.610554844
149.467477442
221.220651894
179.996815321
75.4710175781
239.953602786
193.773051054
142.902727357
57.0966362028
115.997313533
123.086097396
304.950372394
152.907378585
138.422436448
129.784572222
102.761262649
155.800072465
188.52182315
169.862234722
155.257608218
156.487953152
119.900890145
137.898056138
216.155609975
202.819912786
180.857890348
120.827762205
164.051976911
164.105808179
134.726567528
188.546852286
152.295089758
169.956667108
430.422121615
86.7110847992
137.122278863
115.646469641
66.9086658714
61.186429482
224.611294358
254.29139516
108.489714428
184.814185445
77.1630209584
97.1349476579
143.546558786
131.517943156
109.391519387
176.741331064
197.270269278
106.985828913
380.39000017
96.0339278489
128.059038133
622.91823681
197.583376073
216.783429525
155.807679938
137.910700707
157.387232377
394.575000291
81.4120457983
175.544690687
185.594398717
525.320068687
197.977295318
158.119715874
162.448399272
136.232877894
138.302601691
175.027128806
120.555154123
158.193569938
99.1506446482
154.417073364
148.145104466
101.27899648
183.685889965
287.197829076
107.244514983
124.157748409
161.264816023
173.947467419
112.66759028
155.936753101
169.429062323
212.936708679
96.6805787897
160.913910589
128.830604754
150.074741292
190.198793631
65.6804051592
181.080951808
118.702195255
206.789326237
124.342503524
312.277915257
271.014043815
200.284435901
140.761927043
397.665428276
150.553650515
548.263302588
165.466493882
167.81941331
162.178943105
102.783778573
132.902591129
205.695717995
157.342192615
157.435694524
333.478192956
378.31458539
74.8354263169
133.120620451
173.183378321
145.313249591
245.685486165
170.190527966
169.793439077
128.609903031
181.553867399
208.506973421
174.816525164
196.238983839
133.225361978
269.66608552
300.405452138
98.7081253215
46.8318377703
149.143295576
164.434240683
139.563787455
104.171452894
176.871282778
159.22094583
139.120664146
171.026503086
368.131175042
82.5240028817
161.528051874
125.757818423
314.304765221
190.249689482
143.214116199
203.771948808
189.033453085
175.721111191
80.3394171682
164.989363756
126.145294042
76.307781424
157.051659451
122.446351188
481.82097042
108.964128819
73.0880975395
151.097249476
208.816890756
609.394494413
166.385196974
143.366212624
180.03545268
324.097668307
112.543049079
271.37070798
59.2457904022
426.978721151
280.122489009
153.92056099
161.429308374
168.515445388
177.768793963
137.389771355
151.475117844
151.224000218
234.353899799
113.312329157
165.834305265
211.829378171
133.378984045
72.0184464323
157.860255585
174.678984345
135.732158438
112.315795301
152.639519586
157.464882985
89.9306254567
88.9904750598
83.1264626136
278.06960064
224.385700751
177.152231082
419.272776062
167.496644271
198.683506433
427.709509817
163.978233881
92.1218295429
303.288982109
145.802084402
193.881667824
215.888479606
166.558247681
165.128008563
53.4396874288
154.551019677
164.38180085
113.618087598
143.751129131
148.635753892
403.876732136
149.681418919
159.593837987
152.786113744
153.3310494
230.502973216
166.901518018
85.9341817666
107.190341727
152.641516441
169.594817458
97.9589073228
169.816251035
420.755011752
173.302753292
227.858869485
131.960238455
414.960102024
56.523766298
148.714617206
129.901401028
58.3491730408
120.778061839
163.183677045
186.345967814
149.170826718
345.983681715
117.297597643
91.6304495026
157.117476114
164.340572505
236.128212997
180.731546194
135.383224627
208.811437016
165.89802157
95.494172155
75.2166959276
157.215065763
220.935968323
159.455240572
167.908119518
145.72794865
401.490003913
151.144028808
295.433913676
182.691670574
162.480331307
348.942558008
130.847077219
85.1935425785
80.3415634176
169.559314623
106.558595854
147.877032846
76.5322323031
132.33256244
174.072988852
96.3404931146
129.568523527
195.835347038
145.60187439
182.689339425
117.084339425
327.569061757
182.872840058
346.966658943
193.787019973
569.315055722
179.886932488
132.134417161
202.123783668
211.306329841
196.297077671
181.13319232
157.457493951
184.267733748
116.317852933
264.035278103
302.560757195
141.826958231
157.600377022
110.969782027
198.04323569
144.441458106
170.977221827
142.665237914
150.921709415
182.132168623
126.208060507
72.3991861231
173.100699975
566.031092945
162.335296468
53.6118082794
158.79454424
152.951967833
128.522794229
178.198761483
157.16782695
319.757431119
101.30129526
184.425538705
123.639778619
96.4320597079
106.71006104
134.591601919
161.255575494
503.432406361
115.906501354
125.443597162
154.454677495
176.868292706
197.559416407
270.240574917
132.06199076
152.134529681
178.78598997
241.703847189
278.885533947
128.055218468
149.752371711
146.297758815
200.244809489
136.243481579
178.895211104
188.659483865
143.505141775
133.66308387
75.9300659283
221.737155505
93.9484495095
151.022219635
147.411232318
184.340052128
131.422370899
72.3597105469
114.084101783
151.261031784
169.651525327
235.288899597
163.439805616
150.294090382
308.945719418
122.691453151
152.617505067
72.9742460676
270.507888531
123.150855522
120.739900659
136.545987299
410.922790069
83.855810447
187.324639688
204.845551046
113.952955542
143.923719936
306.230742397
174.844701536
164.360506936
400.359487364
151.270328996
128.645144778
179.404384261
148.714617213
133.896108047
272.552472851
106.289570532
143.687317294
86.6141828615
416.619163609
136.562810549
54.7623255097
159.908597899
159.099102299
136.88656284
177.764070722
147.278074817
167.059729548
336.334015937
147.357139209
272.938795144
202.901128822
177.553468432
166.5940117
204.018694317
101.040553215
361.853821378
214.652730798
122.84131161
154.968709393
394.909828908
123.612849105
143.968652193
138.108474986
320.995355745
155.576862316
158.309367946
284.269761959
401.086365806
134.148632054
157.883093009
181.427630819
83.1414497625
184.050851359
95.063815779
338.399491563
235.267101549
141.301248125
353.000765001
231.193793644
181.047050215
74.0688200041
139.657541077
171.673755765
451.565709524
158.314091764
640.425858344
143.730184765
180.494298779
142.491153435
190.888679197
178.476299333
149.088887279
171.92246749
457.715771146
150.631631989
124.447343888
160.941360271
196.812550259
118.220954771
173.85192746
260.671968368
157.807198005
138.887404789
193.250001781
149.616472325
246.070143377
111.146050734
174.713093426
173.584551107
240.743473225
283.247357992
134.554936231
131.442297671
183.970447753
122.100577492
262.364506369
305.456011415
303.074238407
330.38490559
254.375064488
159.13475072
327.211735287
186.593520913
143.529336493
325.585266396
135.644373443
155.108728354
171.363901817
123.931455994
163.596292808
169.541182473
191.425522488
114.054451818
166.88788188
140.068790429
435.358766487
162.753727428
139.044796058
95.6384744434
304.879403242
263.469234855
266.128427342
145.960308898
148.620962353
214.08295575
193.653241733
153.890965662
283.467437256
115.048696149
272.893730406
298.278859356
76.150917361
209.072738517
163.581689495
100.811073448
120.350247376
136.029223881
133.451246487
118.72852963
199.715917745
170.331472844
102.640372948
166.707683256
222.14161541
108.678973934
175.756054823
187.873600639
281.098876693
300.050873092
157.170162019
173.649351132
274.285972674
85.0645985237
95.3448095255
100.244034857
147.160458275
155.554940509
221.053198153
159.165077138
159.121594049
127.170740764
152.870962486
152.935748191
275.631506981
184.275884563
358.633171138
146.328647521
173.938001106
311.782057737
47.872620224
120.366241965
173.120739711
115.381773386
148.270854852
192.126944545
97.8080949786
489.866698574
110.986150198
119.601496409
165.48888
133.950101173
119.495150954
191.367877603
213.650770701
113.349163392
289.420116796
153.816383028
424.568657669
166.676362075
136.704108302
167.967531616
203.211821883
104.647387705
162.651361515
303.299972971
368.819414299
174.989984059
282.966727149
357.441503857
179.293559883
139.86305093
650.865325288
254.950756298
195.307406813
114.278150419
179.578401268
129.647093297
209.218047944
81.038455748
163.06761251
172.600740852
191.654391459
92.2801146246
115.203913582
162.128771737
159.298687354
171.592672301
76.5826698922
164.873527875
210.795361094
107.731920638
124.487224318
180.88333167
108.612920196
285.384314038
141.439895496
589.450397679
146.023326393
97.2185635176
144.905530428
183.776003138
106.029635869
162.360711239
100.796848389
203.961585072
190.322898036
101.609768684
140.4479941
156.314391344
264.871677366
121.979974677
118.084020701
173.869352029
137.461962812
136.533861535
160.023962383
159.643334982
130.399222697
123.528606113
539.699375194
109.718350414
230.232051147
279.506324125
142.317997429
165.361094403
167.920994085
108.501239244
195.224133983
160.306239265
171.825611577
144.580993011
100.640831432
212.459464129
221.585472499
90.7266271916
123.95885146
128.09170794
236.241137644
195.782099787
235.623250198
142.590311949
320.705454867
736.656939561
173.652867982
146.27984668
116.779025738
113.155865537
168.767808084
150.081125318
143.205178529
149.282751043
146.515400744
563.971554072
212.750662806
191.733409682
204.780741189
48.1945806115
192.714701894
175.99211699
192.13539143
181.508370318
258.996212755
283.392645505
145.370117526
67.5117718387
160.145961343
782.604889712
156.218085899
109.441996329
165.06162184
119.496743957
76.8141714018
93.2208739738
138.017159076
258.982698746
94.7582483672
962.248537499
161.26698246
82.5038644465
152.994779669
65.1861180585
127.843164261
162.407287581
167.031259942
203.028365366
251.24732682
195.331941916
219.065820934
165.410264885
194.619678947
162.501678193
193.690363408
174.216653442
183.203376603
136.347941147
136.049382178
161.722535197
428.441832754
123.336352502
76.2421619956
63.7138247338
232.995953831
198.222964632
159.018049418
219.634841699
100.747981223
291.317968417
392.648775305
161.102277917
76.7701472046
184.786163653
56.5244234553
350.168729936
141.97269506
130.911474773
134.340399635
420.180454154
171.601340007
84.8743326873
120.12656294
186.630691554
160.66140624
257.309142446
178.340754895
133.15891079
304.226988226
157.336778358
127.388038665
102.859042801
144.20803871
143.822669776
170.740397181
49.0587671584
148.258186158
171.181742034
134.329832157
85.5077889282
98.6278246295
252.511432651
141.961591501
149.680131615
155.332856439
201.654127303
143.03299486
175.21837508
90.1221002042
112.480790896
143.985727456
172.759940285
96.9302406831
184.168962142
115.507023405
458.710026912
206.798394108
123.940140429
142.503245451
220.780534726
68.4810680385
79.1353445489
72.9577853001
180.277496276
305.077745043
505.079643188
139.349761281
134.747991831
1067.11884867
127.272369144
165.714897069
286.159509911
128.113137545
176.928508005
135.625587291
159.712328312
125.312311631
116.917257776
75.8722056209
103.962791702
144.522282882
245.028374932
149.396702986
164.10324567
139.497130286
158.631187172
124.115221425
135.090338025
190.138197105
169.105273034
179.341872862
86.6164804009
249.898934821
517.156699886
141.059417949
174.06076711
106.224729723
153.248499867
210.012010312
156.207652984
123.037196091
146.630798595
363.410292105
112.320388774
145.046975139
107.615774755
252.671362686
170.068969036
157.355470726
181.623062569
104.065773647
148.734570701
191.882376894
117.332006334
345.557057211
113.758751444
192.020746822
227.410885584
348.749448363
171.833560454
80.7298075954
127.546839816
171.737217728
289.038591881
149.691469619
300.814956782
118.662163377
221.483466924
168.852228327
257.589778437
134.181983133
180.300295275
113.094111871
169.328229757
165.562634558
271.068358443
92.0682673941
100.765663067
158.298891916
183.176285123
183.696636887
142.741729235
141.038186609
66.6508893224
143.186753769
178.781215492
179.378085401
496.268978202
180.180556176
172.307529124
177.258491259
106.545550259
384.753511739
305.688189212
389.183331123
170.872798934
135.683535389
107.832972223
119.930267698
90.6339605796
140.260844695
175.635517555
485.773385595
144.426120371
151.572208837
273.85672655
175.675276621
136.682739209
151.602987204
135.701404801
174.238916796
135.064219236
218.741931414
134.835442188
76.3015182904
181.894914362
111.035819582
113.38263551
49.9854363451
134.789957229
183.150806927
85.1506905756
203.907292964
97.3651027988
148.982736321
170.695991447
82.9921679828
126.180826319
224.699356907
161.652814925
118.133555315
388.934891572
102.260087985
385.904736884
149.531726271
480.900092794
175.54148154
149.570041793
137.728550079
153.44510257
236.894063114
150.370240464
124.643137282
175.142507226
165.07010602
69.5118045121
157.912801264
146.289359498
304.524336113
105.608797649
238.082324457
156.267227339
95.1866827885
179.481855462
141.054581016
131.287517691
173.20971028
127.480388327
264.270631235
111.302140148
109.347326381
173.249019034
141.032708367
193.859095222
167.635912894
118.367641525
182.822516116
125.173261787
129.260367341
127.900121628
62.3755427146
147.657012317
134.774444431
57.6961603707
152.347709437
171.377879771
116.99037225
385.674790016
232.632024317
318.63892161
134.648108947
150.405777203
122.1282698
141.838426041
116.82076373
182.615359591
135.637671504
100.365569037
100.936344473
239.142400747
310.424599573
101.318337615
185.74442778
137.305849036
161.752678675
112.697941741
126.324464722
126.131244438
247.378064439
208.975395265
167.390269775
510.636374489
203.975206151
204.711062516
163.269718257
170.192922789
113.267146108
162.357644459
166.634114301
198.805092221
105.161348359
183.078556339
78.6837203148
107.928762199
190.344289568
73.1107438718
150.102879708
139.428028185
156.767935965
111.358626012
367.811662473
143.902920432
146.118924626
195.642011979
171.228944337
161.192153582
110.994559551
220.396371669
111.147783342
178.378472588
236.987623114
599.742476578
294.051148771
157.813875239
142.564098231
269.411930986
91.1094119735
92.752430725
51.6373164411
161.461676179
142.463266728
105.163569217
171.309837607
187.970097919
162.299118966
307.682505668
188.735986018
96.7482085687
164.596834857
417.900375784
72.5453113106
270.483906642
131.976780284
110.279387723
181.580742125
269.897550039
366.360610003
151.732160814
127.681863397
170.343236304
189.885126513
313.23005278
149.872709774
117.703991002
229.120174023
203.370780276
138.443307182
656.574929362
103.954421946
193.446925535
106.208543944
120.889173361
477.954989473
119.713358185
67.2037674929
94.4993962871
153.35741648
95.5599842324
71.6331358857
226.497708021
135.375260921
282.652561351
605.796579022
351.426810482
203.532345332
469.099930863
148.449378985
146.144777909
59.0834765028
149.209678254
175.375269703
166.470230496
176.638883016
126.593630196
187.603353247
177.398870931
322.3082184
125.782409404
116.987036682
133.625847487
424.42908753
135.603618402
119.157345546
141.63447307
207.016552188
176.174192095
417.694222963
260.196875926
128.210963459
150.492787922
95.7073827693
274.044120059
198.889574507
141.891470883
150.501497037
168.681236529
246.256670401
152.551810282
144.874316203
120.859206635
195.06349271
272.966690536
139.548170568
172.795331304
317.344368016
102.062883062
183.37201705
136.279262614
162.10715141
150.237025551
170.620452755
115.234741796
178.840651099
179.919998095
155.914795091
369.083941795
163.483671586
135.766678978
200.618099419
150.449140092
82.0682180636
318.409664154
177.028144899
164.181683059
204.423784777
180.012305568
182.668689497
113.521412186
68.255424959
109.139560422
146.332871077
117.572798532
245.195883467
176.86241882
158.060200875
84.0501642442
92.4247730953
110.746463418
206.534499412
113.014408675
91.5509765428
86.9324316293
155.202328786
103.539735977
96.6604127668
257.75229692
154.131837218
89.3863509554
116.889249981
166.820974441
139.026401523
184.975233519
79.3407510363
97.8387051044
120.484060103
335.095981497
196.79503234
192.858180765
103.94397824
502.937896272
121.808634306
197.317992452
140.887338217
161.954010448
184.209269747
166.163633421
292.758735527
182.026752636
395.682328154
49.5400580577
147.363417792
102.585419573
83.5006903734
165.159933982
167.436796716
112.805586178
177.837882354
241.406526069
200.968303433
46.2086854242
92.6511731422
191.777162625
264.534917313
90.51085584
109.683499278
163.73980303
411.510065554
196.173513978
233.23126921
147.296208245
186.989127209
115.483000838
304.751312625
110.405518402
311.094544598
131.49851716
192.944325449
163.873097892
220.415826733
131.385174904
91.6538080278
138.497653571
121.811256973
186.716303647
118.387743152
168.891334716
134.564502847
190.977169836
98.2499846313
518.508461493
128.826152349
241.384748945
167.840456019
137.973971149
120.322426967
154.417837933
90.0367094154
284.50770223
189.686700131
168.640675188
171.75487976
173.384396189
215.253834531
154.358707637
395.57489603
207.87055081
174.769258895
119.846811548
100.233839741
152.757830893
171.070312352
143.798841666
201.807661581
98.8507845404
180.252381134
253.11587992
121.410443371
103.427150735
345.18090405
163.145556735
125.967663088
149.472902646
163.58448487
161.893390324
167.663011905
132.496405681
163.009247732
82.5520052676
249.849454156
147.170375995
92.2899346021
159.19102881
153.115706542
142.086285939
490.668920876
131.861147833
220.080211788
158.448172538
102.620913569
110.380955075
243.868925608
116.05563432
199.58418714
150.831866379
331.062627074
183.524127448
21.3448096631
147.743110443
147.698866008
141.599915296
76.3859710844
163.113743747
370.061098106
149.511735995
39.6051741559
155.15157075
83.4203402538
196.373485951
129.2777139
194.273742743
327.996421589
198.649230586
159.279603668
159.993624738
122.005137793
210.337717927
165.892891881
145.602095612
93.7731889703
132.800583599
168.845537865
224.781898206
217.88703465
168.48378584
253.707917845
468.843025081
180.306198975
107.243348167
176.731353104
380.415331187
255.387703995
180.118630126
123.165014699
144.61346875
399.003577823
211.627059091
144.563388731
154.430598773
120.258030058
201.475822509
127.303861368
216.984105649
257.199869647
160.046649024
139.682278278
180.875830335
255.356660628
200.79260066
212.53065959
206.14686996
147.86669718
159.631685043
164.012360675
144.180736848
111.139675011
238.26742306
311.698706827
386.88020428
180.759965416
134.693251253
135.729811625
433.772087429
140.468078915
134.684165047
233.909318328
171.923360814
163.249444504
133.354984569
181.852286484
206.032483475
119.390967849
137.76765112
154.354127317
164.976675235
132.501703466
82.1608750457
179.190992218
128.444231348
60.110325025
154.877489711
111.174498456
196.833182483
101.818274499
172.91849958
171.871322718
123.936385967
90.9639228882
242.560410827
191.170803499
128.974228804
79.2868851949
209.563351873
152.831763825
237.868769299
151.349920206
114.328401507
115.252239743
203.843819791
246.944122347
236.090934325
333.86525459
100.190960864
93.3186262629
171.849723458
168.515347801
153.101588473
163.97876753
180.441896541
126.985868631
311.994411801
143.619770081
190.312184995
147.816877243
171.515592136
152.002939702
157.317636271
167.429332794
42.8141631451
182.76921663
117.389421257
159.52945285
225.579149601
155.130745194
402.729516264
150.819087798
197.048438561
68.7530298555
163.152754419
508.816773972
154.738529636
106.551645943
130.9828608
106.860353187
209.687152606
162.034783028
179.656125802
286.635959917
143.880205263
181.154966789
141.280222759
124.156630435
145.95570828
353.119872107
221.993832545
46.7106527218
142.824368406
146.002728941
246.601278236
147.771561575
166.242519541
123.556218999
124.940053119
126.786767895
152.843939498
111.434901973
105.535537518
189.025871041
487.672939385
144.003643801
202.302291845
225.715751876
113.298767658
140.44410187
205.292281918
94.7434726175
111.455630821
178.809840587
155.978952479
121.879806617
162.128634638
233.053416059
53.0711897998
168.837605591
157.531717916
239.044768499
171.528210375
133.506674161
142.39637287
107.737778945
134.698365069
123.121000795
510.859685552
463.066860952
100.929582364
166.314497128
116.084866892
174.927886748
86.1311780513
166.625939099
144.301573523
151.537674075
147.555152928
257.258724488
128.512325075
123.893170408
367.610143494
242.236307523
229.489412001
335.242288696
227.477334431
169.337929662
209.363550774
92.8989796765
268.974005733
174.087141996
29.0022567791
173.809909862
102.329793862
128.845275206
77.2638735471
133.618766359
163.788266285
151.544430285
207.457858695
175.986590348
349.067979651
146.02763613
250.065952598
111.399935642
156.789300861
102.141506584
194.121333471
148.476190982
139.964427577
145.727256383
111.289654374
64.5537186592
305.510445309
350.092617497
226.295658332
187.224623668
237.563196862
70.5194716812
119.350029999
194.398055574
476.303441265
334.511558065
168.938672305
171.505573289
161.769491852
226.942335494
185.175475282
296.303731891
161.417869599
112.495162588
209.874092677
175.823342296
166.940427962
276.389956545
99.9895754841
259.881654053
174.154181195
171.380475174
143.801378199
177.74178101
144.307679994
347.573158629
136.447740374
145.072351023
168.130140531
193.019907929
285.435928656
122.541685112
72.3589198579
110.043878681
370.201321988
141.282854518
135.734162221
236.647508275
170.765700203
117.970213911
285.047941799
160.102018302
99.7278807115
196.450729595
121.142576631
229.349119698
186.710451062
182.432416226
116.552233995
1123.84224489
186.671280458
206.921486741
80.7795312265
139.633401973
113.850676948
166.555445348
117.454495621
184.651088496
110.920307554
150.569542415
134.208356067
172.061001019
235.341598498
87.1399381502
221.138023456
169.952330017
136.546821122
146.369639915
121.090653852
201.833023815
163.287144971
173.900218781
121.894536046
109.935276728
333.401430272
319.852501049
316.090035249
82.2711609438
173.538795776
110.26635033
162.796014344
168.824189768
162.360115639
170.699567681
211.867028162
199.410817724
106.655361755
169.930905705
191.382049062
158.226908705
161.606750031
192.789796237
167.185124469
277.612921047
131.518769226
106.487179163
183.258988069
146.847475519
171.669442294
144.744252265
190.941484971
295.680770033
166.190232142
156.248928881
157.059077031
188.96008783
187.398947477
333.59961197
235.183792033
157.260936225
104.016275887
188.487909609
181.827639505
130.051596436
212.250710295
175.390418216
453.511729274
102.036622477
97.7618259487
134.45408253
245.744623823
63.1872404991
137.823833613
205.122648104
179.89431353
179.39511379
124.235370139
489.099535063
209.958297361
140.34956556
139.777291304
118.16637701
104.356015805
46.521528423
155.014836997
133.519027975
180.986383112
423.804029309
171.377557369
164.91026363
73.8694341953
678.174429726
162.503283472
53.6754140073
159.140489083
162.871525532
156.148082946
127.755784332
135.840942814
125.830736359
86.3586802751
290.66515478
208.125828252
274.443416095
94.3330583074
114.822258603
158.537070251
234.585489644
95.7894393796
171.159230489
163.679585607
209.200500704
164.586422822
154.603208393
105.326366746
171.049479899
311.406529855
72.3159537983
83.6456036722
72.1575832025
145.259923191
115.786718941
125.296508665
113.886101311
171.914304312
97.7962265066
140.026869873
453.478325931
227.679334513
203.69844219
124.868050517
143.427957131
234.800176191
326.653233355
158.794936027
213.623499391
84.339000264
111.31669037
164.815370474
203.844888059
418.068571756
137.988064654
154.940462372
166.937358083
165.623478026
251.884085731
153.604910299
154.985221726
214.032008628
228.387231315
68.6861417736
159.782580766
79.1478660125
150.89565287
108.41191807
154.101585661
127.136627256
146.262314364
139.796735282
163.689138659
124.431782094
173.989581087
145.749670365
203.455443917
214.108682444
337.745865408
223.679227379
70.2670498316
306.607578914
504.754439179
140.664694822
89.2873197945
81.8038447328
656.145055346
133.353151658
158.515267176
125.507022742
98.8588364221
102.003177516
102.012402113
103.818721189
166.178019008
161.29161491
81.3877672856
168.882463234
180.989086119
146.284461106
220.412270773
203.30406462
162.865563546
116.7654283
637.730379104
210.983046027
98.0058468929
97.379908319
335.992835597
166.122474253
163.846048795
130.112246227
186.282438252
105.417491158
107.767469527
204.775604941
473.698397454
78.7432145293
161.536580212
160.889318939
187.75868135
147.888869353
161.173696029
217.470589975
209.927172174
134.90114304
179.907547692
133.306405016
150.974566395
113.227773143
288.396164604
129.140854199
186.586300142
169.746129785
173.765709934
169.477884905
104.155673679
108.997071173
70.8881471085
173.785318939
107.46848575
223.89423565
163.515203622
607.373713837
149.38067888
263.034486718
106.298777328
151.318831957
244.431769213
175.290380927
143.69214597
148.359697945
129.683284996
172.534599234
200.249219571
231.069232782
164.601183571
150.23517103
158.588080257
218.142906858
156.473139034
549.53465368
113.788930307
138.251044163
187.434399021
168.458312679
108.221869384
175.492062121
167.032252955
133.676823764
177.587944611
226.597688506
134.02954482
102.792765345
175.433997539
107.356861154
281.863642483
479.419303767
166.85863607
145.816775421
51.859845529
219.905194
147.465222047
185.191139261
145.57840178
192.740545022
85.6653752915
175.655557901
78.1206645493
170.590859644
188.084513853
146.703600403
147.491359831
137.703673007
139.948186332
130.728709686
139.924760543
117.022723007
176.987216074
300.940457703
158.138985566
165.448222383
409.900215691
158.366841951
166.147365713
168.300990529
195.891934612
150.151676384
160.600140058
140.085265613
166.080806279
103.290579565
122.565323726
170.221341807
190.089456808
202.124496456
154.410387234
218.543888765
171.294615395
72.7261196789
111.604834744
260.602638904
124.039492713
101.316572835
249.810700732
271.008761562
83.6170058901
138.074345617
231.961991057
134.047121311
119.670492183
178.151633502
179.866958708
152.063975562
69.3342072515
93.7790343734
105.74252264
183.915299038
153.761967069
64.7564685055
125.207916593
129.886758386
135.471451321
269.26109707
135.769871457
101.690804458
171.395441924
235.673229431
136.400369418
168.68146211
247.139508741
176.105043303
176.83144957
176.474174652
148.95855579
384.799167549
63.842311188
128.532217616
151.574898854
97.5719551864
156.607970582
171.716149878
118.206289319
287.295670471
249.012453117
164.822375853
176.799419367
186.915825235
148.78351291
145.805963611
165.96489187
143.040839964
113.815225493
146.015118497
131.471775222
173.646715426
237.745564423
141.724139506
134.707329032
159.374758336
150.27146027
99.061035353
186.740510484
134.629374492
105.057552998
168.978577301
135.370386022
244.431674265
120.347120209
149.793355179
158.103553118
155.583443014
163.355083568
168.233949124
175.586538739
135.038826981
164.505653625
102.637679581
195.280474187
59.2987095094
147.937456085
200.833830705
110.310174761
107.226976296
110.963089603
99.7652987882
318.949167776
210.757093961
250.956305676
209.901297601
151.779533259
156.499664318
95.6663340403
155.791492183
138.313894334
200.32001494
125.747452813
318.977551967
245.686774113
169.938531652
135.07358155
227.562608601
153.928511381
75.7315759852
188.828811013
187.7271824
222.597505069
236.14787927
264.077112711
76.9899731203
186.234088166
53.436492566
169.691314374
211.799032703
245.479680781
83.6814886378
117.122408822
315.219349042
159.64849956
179.784393736
134.805014089
200.966314727
91.8160260417
66.0683420293
155.906359535
250.723419866
137.166450032
359.829905849
201.789103854
104.918019651
122.552819892
168.274791774
219.419437861
121.527149983
173.677536521
220.751109308
103.174667925
214.081855201
97.6101226001
210.660919781
258.169695137
177.131377176
137.560169394
110.989584005
130.730020842
155.264972211
127.744011643
173.893640827
137.016669311
176.382771623
287.657603806
119.602671992
157.890088908
169.119647424
99.6016471387
162.220446734
212.158030099
174.620297455
116.410669856
645.082490349
90.1688600979
91.5073063609
83.1558730842
179.560863913
134.304353068
212.684348197
125.088151942
148.503918003
131.450735857
102.051319436
212.041051661
137.594108065
367.456031951
144.877257409
548.053778738
182.750335573
166.937655032
212.612618458
145.987188592
155.45083276
90.8277176645
88.4345368544
156.76351221
130.846032529
149.813471592
132.619184869
250.617900719
519.082071218
195.737798328
515.183278909
330.657326579
254.135385912
133.207075814
109.032533663
164.116007186
76.4383167844
118.915267115
151.302068423
143.306361543
127.64852424
140.185807503
161.316716544
161.847915275
206.247062377
153.203236222
213.832820711
182.986211895
183.016895107
173.661714875
242.838840475
138.211290261
199.641329533
147.316732141
183.653808326
207.175501391
122.571504194
259.476649372
139.590037381
170.421179992
170.206964897
67.242922965
204.876451066
158.751713707
166.111205207
161.077066065
230.451891502
119.69526553
257.591335427
162.749126003
123.559669396
622.469395195
124.653510283
150.282915084
63.0209575817
146.361805601
134.678486046
157.547578732
165.386519628
146.309226477
154.305157965
187.940601445
327.173000332
160.691646677
134.863547933
76.572488331
725.250543563
149.328050481
220.213031093
113.025801635
211.659049446
215.576218963
245.114495879
143.550651741
118.981764112
132.21857719
76.0482616485
552.811567663
167.616293027
160.907167424
189.26793182
152.080679413
125.129172053
137.429287987
141.923299862
160.666414036
171.509500942
188.304110976
165.203956387
159.461946236
189.001427097
355.976427989
128.308441457
168.533830762
72.750458602
125.658378881
218.353083696
155.744944507
160.113138542
346.531448927
74.4851331738
323.215782072
156.036264505
