2.32384371354
1.04152653391
0.820490441181
2.35892917614
1.6753104642
1.27802471337
2.57752382912
0.84135497425
1.03772040497
2.07371449378
0.0283101991184
2.22695676542
0.693040707612
0.454984952809
2.7855303951
2.64550558939
0.117167011461
0.219807527642
2.86349554858
0.809020399283
0.0255382223747
1.00158073455
0.432327506288
2.1115907756
2.07450951712
1.74791479499
2.14725821342
0.173479586424
2.73248583097
0.400075949014
0.293303595159
0.579705481872
2.18888754594
2.26356441819
1.16196758561
0.710747121017
2.34512533723
1.02777804034
1.01536732743
0.778223246403
1.28276445504
1.33650753912
0.30169476261
0.381063473795
2.2848647545
0.881264307538
0.511471993944
1.16962814439
0.273012441439
2.00061563987
0.896353722831
0.431065913977
2.29753772983
0.545387623107
3.06575012728
0.290317919489
1.50741073084
0.943408864786
1.4694938416
2.39601921934
1.20373531284
2.554464158
2.30457800177
2.08126269739
1.20407978977
1.07555294099
1.50802590351
1.85783842646
1.14045637163
0.76783596105
2.4034669784
1.59459674968
1.14693252106
0.111567035196
3.03030414985
2.78070620658
2.6544213273
2.28169745158
2.75133600069
1.37525513879
1.56946078185
1.0552003815
0.936139639562
2.12412337269
0.684758150787
0.274766764432
0.0584757262132
1.84319622839
2.21052583014
1.34409540225
2.18338830178
0.462419451181
1.21983453949
1.82647472193
1.34754846225
2.09768503034
2.82828314446
1.5259073058
2.28171287269
0.418523539135
1.47754365384
1.95927877597
0.950071983044
0.803035242617
1.87508963554
2.78984398743
0.455475910161
0.426068126308
2.08156411641
0.953446450973
2.49671324344
0.680735928174
0.693340306934
0.960177885921
1.47634871332
0.26873674856
1.18629104264
1.82218541977
2.9982782579
0.66432227486
0.214238222637
1.61086801006
1.31823551561
1.86895296256
0.973710498357
0.619281965022
1.09091404171
0.378375097344
2.52781055379
2.1328431356
2.33229295246
1.25137900964
3.01895563248
1.20735170048
2.63376524833
0.00255021020196
1.22877405019
0.829987806633
2.30336364121
1.43745003432
0.6348276667
1.64320127627
0.284386359735
2.06700322425
0.389960833838
3.13325995371
1.11741362754
2.91781032819
2.52638866682
1.71826575662
0.386321790702
1.85530183085
1.81194850967
1.15305887646
1.31422657333
1.06212211973
0.503126894151
1.73395678158
0.420815432376
0.433682640886
0.0193392116685
0.175758916987
0.168614748464
3.02513648586
0.341842601481
1.99306674261
2.39958689948
1.15624977314
2.17550388367
0.227246147618
1.85699854261
0.323134027988
2.48519381517
2.26764815613
2.10027391653
1.85718605024
1.59618175444
0.469919821782
3.13153450032
2.22159020632
1.16951977547
1.15624869007
1.13643792397
1.24792240521
0.312555009379
1.44244622081
0.287323971014
2.22414539791
2.65173388223
0.244535169285
1.15529845765
2.6551139604
0.88535999647
2.21359607074
2.39082338384
1.70618005628
2.1264907689
2.4422914344
2.29755058735
2.09575654424
1.24283369731
0.529429041658
0.283081299777
0.477395272732
2.61208812267
2.16094183984
0.209956411419
1.48839272262
1.50512045983
2.92340321416
2.51209195298
1.13118538095
1.07924595131
3.0284192067
1.20999681757
2.61778111578
2.00905300886
2.93981471472
1.79907971685
1.41438886646
1.09511018966
1.09788617696
2.23273545191
0.677063907666
2.42764801962
0.979072514303
0.267565031865
1.39700944947
1.81971321909
2.02431142441
1.26369408747
2.39443622441
1.98275736385
1.08353958547
1.7687156274
2.87389532358
0.550698481808
1.39736506729
1.65739835156
3.04588378224
1.32972432814
1.35628511381
1.3644185531
1.55240671303
2.21342678402
2.44996795182
1.30409698744
1.92148142767
1.15299255817
1.00042829052
0.418532072981
0.198388506181
2.06449932021
3.04032957486
0.0999561749467
1.78193503133
0.379288738361
2.57065398904
1.5252238054
1.16357116635
1.50532505842
2.10289949814
0.494766436966
0.964933528404
0.83537069544
2.22878377324
0.134382262642
2.56087368419
1.02432548792
0.786287123459
0.880898860108
1.56656886967
2.05380137377
2.23156732037
0.696605997828
1.360894212
0.646002000381
2.91080928717
2.93901763497
0.643728968465
1.26566823696
2.37122122159
0.15887055575
0.493568296155
2.83027392453
2.60672191872
0.390939770279
2.02028501235
1.01705807534
0.259339709265
2.46824354728
1.2064391831
0.643040233833
2.67247802203
1.5266765824
1.5820986669
2.0892634384
1.89733994113
1.01726937751
3.06822870505
2.51056025335
1.25172354177
2.3417105883
2.50817056365
0.122228431404
0.461264215591
2.02428078899
1.03638288924
2.9268205411
2.09672702625
1.17517539759
2.83770834809
0.381840055959
1.14549924088
1.38274843441
1.72913966712
2.25698709055
1.90859055333
0.203092777118
0.612457019851
0.700401743049
0.167186116177
2.76207253985
2.07956393505
2.47440120603
2.87150662874
0.000200267288834
0.550155407077
0.554464814366
1.41854270631
2.91613688892
0.336848477487
0.99507858597
2.89723719688
3.1314800198
1.99501353296
2.03054410989
2.56786652404
0.276929543079
0.694571097432
0.229851680624
3.08259142276
0.642097071253
0.216867050965
2.84107284504
0.87802296172
2.9886924476
0.521183031298
0.945081906134
1.79729353812
2.29635123289
1.47841385195
0.989575524955
0.966092836034
2.82752466254
2.67067154226
2.37464404539
1.14690788324
2.8169372063
2.59911646749
1.11176198931
2.57839255924
1.30661067215
1.86986968086
0.953831533169
2.33287002816
1.47915987234
0.602266358017
0.612999212658
1.50672878612
1.88768268239
2.8601533113
2.16006158768
1.48609738724
2.65913134398
0.994499144534
1.78402519432
0.779410087883
1.16819021559
1.27419062159
0.521391946684
0.963753950376
0.228326024303
1.57259731023
2.47919147439
0.986310745742
2.07633653165
0.697987773604
2.05511980203
0.237114244189
1.30300631166
1.37875446398
3.12414074084
1.95433755542
0.266183874549
1.46275459048
2.33190080757
0.806827621819
2.61094820835
1.06629042353
1.82553517451
2.04733941123
2.44408622301
0.108677898076
1.20156156312
1.09964423839
2.76272428848
1.76040487316
1.94786676962
0.792517677454
0.573503856006
2.16346491472
1.73828948342
2.80077905953
0.187733140567
0.445814635417
0.513316420019
1.25215429262
0.483433439441
0.723110055359
2.15904045436
2.39650164149
1.12821482338
1.34764693328
0.83357849279
1.81779475487
2.82745172077
2.00539383588
1.43237345495
0.988567713041
1.00899043395
0.758527605017
2.61722235297
2.46469825386
0.848882642127
2.53153811853
2.51208438809
0.323553938167
0.360793745969
0.852290452112
1.57600055077
1.03618586954
2.45290784572
0.166226899738
1.50630840994
0.0306851231861
3.10503937718
0.673103412693
2.03668908104
1.43154887474
1.58464589368
1.9995308426
2.18120552698
1.91390872479
1.85811423428
1.23387709751
3.10348332176
0.434552726911
1.29662197464
0.799314111791
0.444695586258
0.496224699919
1.92900566625
2.02335712781
0.82219716493
1.12579178813
0.409224202657
0.962705643192
2.97811309976
2.33119441438
0.606692012285
1.07471496435
0.086304822648
1.88446572735
1.49606941453
2.70761150112
1.522132478
2.78789525435
0.124243707988
3.05737907173
2.37172790529
1.14072492528
2.53901648936
2.15411669521
1.0510690963
2.27174912273
2.97014688075
0.0335480225303
1.88659721618
2.18816964741
0.506356642569
2.66701096155
2.21755688447
0.296690798184
2.13624012625
1.93272406337
0.346876120262
0.570187202157
1.73038658509
2.03362515106
0.100432230369
2.29114288348
2.31445395474
2.33443774794
3.01788626606
2.48918080643
2.51184750098
1.1631573408
1.44647370614
0.57126471333
1.62133362565
0.13626363832
1.55156807331
0.834542487253
0.895045756816
1.78124439876
0.758035482374
3.02467641878
0.255038476403
0.756754545637
0.486233657681
2.97939541685
0.57060703002
0.0434875483955
2.95789685863
1.57556390127
1.7144848413
0.252828492155
3.07089547161
0.513969629176
2.8831158906
1.62204144035
0.312192271547
0.500177025701
3.10717201762
1.85982205701
1.8217444385
1.3331145132
1.87585428435
1.30345472229
0.801693273773
0.397162732492
2.2741507153
2.7874539483
0.405430119642
2.59599354069
0.55989752141
2.65132052768
1.71253932745
1.38764629219
1.96151211726
2.01445170558
0.838081230858
2.29228370966
1.90021178228
1.41870431423
0.244365866139
0.457297871603
2.08112975147
3.03442540022
1.03063262261
1.33758973384
0.780748246891
1.98378605724
3.11276045124
2.17815641135
1.42371709062
2.15007646359
0.153337402749
2.30414848739
2.27635232777
0.18188166036
1.83307767023
0.554385597207
2.78904625689
2.37114806464
0.388606932581
0.573889848051
2.44913577358
0.804253599224
1.85728585596
0.761008378739
3.06833180288
1.67971058383
1.83120536968
2.17065631522
0.640944553756
1.22151116453
1.09637889373
2.69086299006
1.10350383781
2.12378267121
2.28715613747
2.54512415437
1.72956302921
2.4899455637
2.2631053242
0.997417196097
2.90950926822
1.86410142218
0.640688852931
1.6170828749
1.57227408673
2.76710569509
1.43478034437
1.88176647886
1.22215285098
0.559600952054
0.970625867972
0.0560410986499
1.13716847637
3.11499865321
1.07024823591
2.69495785128
0.182508590067
2.64492920831
0.585694493497
1.51045731948
1.4387747938
2.09297148485
2.50742255902
1.90811293718
0.845903127185
3.10627610945
0.89244793871
3.02433109646
2.26445416872
1.35911599785
0.563096013735
2.08609504767
1.45978908123
1.68780264453
0.473734039634
1.51784570836
2.36321287905
0.805770349256
2.75541218551
2.9671471879
0.94077070625
1.91786040333
1.3829973119
0.802867516219
2.60572347281
0.540355372054
1.24739379077
3.01043032981
0.439251597635
1.91355537579
2.58348544471
0.285637835194
0.300705934192
0.170796824594
1.08038047376
1.6993817296
1.44128145312
2.6856158081
0.151606919174
0.709476851692
1.53439946746
1.63189241967
0.633486150807
0.76821252698
2.64134264739
3.05706872138
1.48249615984
1.57209514629
0.465144344015
0.247266636929
2.76725823516
0.529081150822
0.706222240542
2.53190161795
2.55933251483
0.136758872378
2.43298481799
2.26927484082
3.02465658282
0.663176711785
1.65507949064
1.42984042229
2.88051394909
1.8018618285
1.97626358966
1.49027259475
2.14082830134
2.00343285628
0.0241063103286
2.80827194612
0.835417333278
0.0629508725367
0.671104020934
0.284252619643
1.49174091709
1.02118502466
2.37836610304
1.84112698052
2.20724694229
1.69714672873
1.38591435336
1.96564568117
0.437738048192
1.99403773465
2.98874864996
3.13755163893
3.05086314318
2.56857777399
2.76314185519
1.16802341885
1.6270446
1.34996261069
0.693468160574
0.359487168659
1.70471912128
2.01882093083
2.94700666499
2.6816121686
2.32702468241
2.83257977513
1.91850263273
1.85160952103
1.14901326956
0.949047306162
1.57419793389
0.912861253053
0.902279662626
2.29274005417
2.75688432586
1.03822768696
0.535739571837
0.101456386082
0.246108105301
2.20309655948
2.34510635477
2.25276422601
0.508657543665
1.36074742921
2.71728203017
0.596913401965
0.807073190923
2.90506604755
1.34753739529
0.53645904885
0.386959382327
0.863426211339
1.97703970577
1.98482481981
0.910817080012
2.19890704315
0.523938134849
0.35933298409
0.534248523421
0.326675427513
1.22608275347
2.91012695811
2.25040271638
1.86433483411
0.368565801223
2.78344615224
0.0840609894635
1.24729744172
0.718319129039
0.267046357975
1.18086776847
1.12230721978
2.07238162539
0.405468169242
2.21585989058
0.149717373429
1.40077462589
0.449719689315
2.30930621837
0.848198351899
0.923730278322
3.12261707081
0.391925373891
1.71214209553
1.76470421861
0.115134594575
2.01222499103
3.02255977603
3.03984156814
1.11410122131
0.632873238071
1.87341955657
3.06395521247
2.84266809974
1.68177018805
1.39239847364
2.29006926748
0.177569829372
1.52756519578
2.30451641989
1.89751693254
1.21121351835
2.70649152886
2.97406885669
1.06851176863
2.02722863829
0.216374382975
1.43744587727
2.96488822454
0.742617120661
2.87800685843
2.33073964688
1.08590267219
0.288771261445
0.895273293932
0.633850829869
0.53496388311
2.37743546916
1.55775697227
0.144422196408
1.65625242699
0.230250796481
0.743481315968
1.67736311088
0.111969694189
2.05582824351
0.309861921135
1.77846556599
2.00883363782
0.0506621291856
1.88305902391
2.62292457768
0.0338799053449
2.93191166237
1.64003710864
2.73899740516
1.97750450484
2.02394873714
2.36239601281
0.2289687075
2.52196297316
1.43047090071
1.88309418052
0.0157704389094
0.641439094004
0.877958030612
0.0879379054256
0.0921291312852
0.825689158677
1.4384040571
2.81352903546
2.07181006041
2.51212461279
2.12338817382
1.78244717476
1.98155290642
1.75075148782
1.00778420015
1.57504520664
1.27989683882
1.41074769278
1.47606780315
0.526412679898
1.42436806357
0.502594444409
3.09313600421
3.07416978164
1.3892366282
2.46833204693
0.527076813052
2.61638475425
2.56812313617
0.659296377456
0.354965452061
1.53134569414
2.74786930601
2.28069961602
0.973759460126
0.979030044129
2.16669251479
1.50083541866
2.60646018949
0.437339666931
1.96509610177
2.29602940178
1.97505026961
1.31174895582
0.774127346304
1.90759346819
2.00581925494
1.70832840954
2.44346721112
2.19950768111
0.00744498907819
2.19177639609
0.757182180794
0.56951777444
1.03952085666
1.35604616462
2.3385851565
1.95866568926
1.26160909137
1.28830390341
0.516188045762
2.80318934473
0.261504220174
1.44230932307
3.01763937348
0.344751088599
2.57045884284
2.61759067076
1.89147165956
1.49989787216
1.21365106072
3.10651806809
2.03001293866
1.42329547679
1.0707398565
2.31973824606
1.72819463893
2.8716237234
3.0432482255
2.47651750263
2.24368570916
1.01094779666
2.49999158516
2.08633848369
2.4411796478
1.71343956622
2.20141758878
2.67756981008
1.54831304512
1.23652959888
0.240515728919
2.00960011376
1.22240680566
2.01680421133
0.927926618194
1.37292556068
0.0371801530069
0.741728372183
2.71094401052
1.68883266371
2.02057421516
1.19800471868
1.63256239114
2.09906075125
1.14120167877
1.21378187401
0.751675047827
1.07081369223
2.09368856773
1.52930880873
0.250893498302
0.996924385863
1.67555627084
0.161080431808
0.801993854604
0.943441837753
1.86990184743
2.61369614656
1.8501934371
1.02187047937
1.02114857853
1.7905284199
0.256199014974
0.617692094292
0.186924347808
1.97808229064
1.02780198478
0.417940900591
1.83258163222
1.16320751215
1.83621192423
2.43110574513
1.24986962568
1.31042964695
0.456844678605
2.05844532919
0.690376397764
1.84190473624
0.56002284457
1.93817653551
0.124087647699
2.43166251846
0.979814633826
2.16526421681
1.93704862343
2.18962398061
0.710675038089
3.1012928724
0.2879922061
1.47000678344
0.131192957168
0.266749093121
2.87790111979
1.51498347345
2.65354563308
1.43679822945
0.784352424205
1.99666726848
0.620368482464
3.03451987583
2.30002343361
0.862691522825
2.97090437636
0.599806699482
0.119813341218
3.00260526683
0.743669880018
0.253317122044
1.84119320513
1.3895259521
1.16548359988
0.770763367071
1.03334547236
1.72731894046
1.70215908745
2.76731447984
1.7676430922
1.29656160478
1.38320351672
3.1164786032
0.108036017473
0.602436699263
2.95923315928
2.03253564868
1.11510017189
1.62242594987
0.895867940155
0.488228131049
2.20280226172
0.594716434006
0.600609325967
2.58009301634
0.307882516944
1.81840851043
1.84202275757
0.166883702421
0.545161203051
1.89784494609
0.871209746082
2.89350694494
0.431357274891
1.88268106973
1.83604262393
1.22610420833
2.5224636704
1.15864259368
0.284921683471
1.53298602223
0.681602381562
2.09545512851
2.91573315055
3.14070731397
1.83237467069
2.7562545176
3.04650847506
1.97108395202
2.33734810618
1.7453950878
0.173317900625
0.246970367151
0.00938792729105
1.64687685184
2.35217450731
2.33978296736
1.77149179718
2.57134193438
1.50804934993
0.430820004685
1.78534213964
1.82774995002
1.51666159643
2.27175268736
2.29632274207
2.01919259236
0.265555079524
1.26237154777
1.48547309323
1.4436466123
2.38579648128
0.917847830497
1.87908613214
0.967127940047
0.807987092812
1.29728798553
1.64780268915
2.95699769245
2.70867945283
1.29288969205
2.51830458629
0.82214571889
0.643995025957
0.184267867928
0.288184551737
0.293778077303
2.26749378666
0.953806216725
3.10729386875
1.55856521773
1.94082175767
2.98220679258
1.01603898402
1.50736947275
2.66884486669
1.92184669995
2.14007779809
2.53459162052
2.75084409336
2.56430547648
0.528926731599
2.00664798854
1.3341817507
1.38871837103
1.16143547467
2.16021073069
1.59370336686
1.21533897235
1.44177866714
1.19200677124
1.63874174763
2.93855260379
0.536079916199
0.26191591184
2.5853157161
1.79128406119
0.230557481145
1.14012918853
1.80069862342
2.61612330207
1.06419856
2.19678330104
0.110005506687
0.276892964669
1.46105063396
1.04935243685
1.33506777447
0.189022065107
1.89468269888
1.65322807416
1.46874443051
1.16157522172
2.50499718155
2.44618158715
2.63479262588
0.738415283642
2.13470105327
0.51196202285
2.03010834963
2.97550444054
1.19949345743
1.85039601574
0.239946580554
1.49919224879
0.821929155976
2.54103115459
1.49394998637
2.18275457236
0.684888902871
1.06271396824
1.0550742279
0.798179716036
0.441454075131
2.86682804604
1.71478481664
2.79421080059
2.03556148998
2.26532990059
1.8517061047
2.86071092002
3.10341059362
0.144422534792
1.20634667688
1.02476138877
0.426088178105
0.460623948986
1.26365374772
2.09633280651
1.3623283515
2.20561416124
1.58765604381
1.35669135293
2.65248792932
0.152223515927
2.93778939851
2.6989232725
2.89563966174
0.450706190012
1.60693824017
2.33805651257
0.726888663986
1.06799428429
1.89903322503
2.78749323518
1.4806957812
0.614093002555
2.35980540882
1.08167590975
0.245563311398
1.95022357633
2.2852560658
0.257497011285
3.10236976981
1.26906649734
3.01963000739
0.809236966923
3.11253745126
0.822080076197
0.813713937342
2.25211656448
1.23427037033
2.5851806256
1.61868890144
1.06674238841
1.79947380939
1.31689990248
2.72010402434
2.47139488662
2.02122821383
1.1891343831
0.191735728265
1.09262813949
0.733602613685
0.559515331201
2.74585815889
1.16646458511
0.596108111485
2.11271733192
1.55996307558
1.87455241522
1.12844400641
0.277294988453
1.46352721304
2.46425286393
2.66923089467
2.62339100855
0.434198458417
1.44555418751
1.3345122524
1.39991776717
0.728955542422
1.98986120041
3.0086372912
0.886298812359
1.9620284565
1.29235846186
1.50759121167
1.23747262251
2.01356096168
3.0841119331
2.89469115292
0.706028764406
1.11876886449
2.17624772703
1.95524974146
0.21090134191
0.342408270213
2.52272573785
0.955467833901
1.69753019452
2.55107577673
0.72958401188
1.41804739988
1.99695066068
2.36634470288
2.09544835985
1.68051078409
0.19288169648
0.692471562725
1.25293749013
0.497684513189
0.325116602666
1.0719369695
3.07174220826
0.235644103046
1.06962561269
0.982690256397
0.927005394341
0.494291668316
1.7313317256
0.532863931459
1.49082368563
2.39676950336
2.75511196547
0.158215294336
2.5283875126
1.24138708832
1.49067688271
1.01997670707
0.523187838276
2.90973902033
1.21814644304
2.8858693937
2.08017934181
0.561961993982
0.231824669707
1.72113337258
1.46205095159
0.705575911985
0.864413378659
0.0773799326405
2.99583633024
2.09853828217
1.66503839226
3.10704670694
2.79416434765
1.31430785136
0.230813129614
2.80289916033
1.94604051091
2.50069807847
0.675612327823
0.872044554056
2.73336312946
1.40512162583
0.554742042791
2.98922602144
2.99231856572
0.49015379155
2.55830298498
1.65399339079
2.02432191267
1.14563997832
2.49773424733
0.382934072028
0.4476701136
2.18462194757
1.30520711577
0.455828060535
0.879606320211
2.61352017734
3.03479996828
2.38231825007
3.05241427321
1.72029778275
0.928798836748
1.0926674409
2.0101584371
1.3283227663
1.55269969563
0.88237551014
1.58431988165
0.131981362193
1.5638040984
2.48725680452
1.92122581109
0.884312331055
1.93520522869
0.776095767699
1.31746452866
0.28416342161
1.59004600617
1.9032066493
2.20188975409
1.98592025043
0.214947170961
0.455920075058
1.92385623083
1.42635398454
3.04033405315
1.68384706363
1.30551251934
0.0745582892142
1.35716262549
1.92746107727
3.10259282709
0.773805807418
1.62932808706
2.42586445888
0.469186750947
0.238519244285
1.05490576059
2.53492784499
2.95548802429
0.473739049454
1.46230839587
1.67534456965
1.19499121466
1.27205696959
1.11419131758
2.93212082646
2.52565032606
0.174431155158
2.70990747903
0.777609268216
0.698474772654
0.664223025787
1.08501656839
2.86716420071
2.1486967011
1.81354722557
3.12810955053
3.00606349759
1.39554530891
3.00317176551
2.11163943686
0.560289881957
0.228535737184
2.63521389991
1.00654036837
3.06016528113
2.03788896665
0.757730540372
1.67735141985
1.70085187586
1.09342038793
2.64055842915
2.04504909214
0.0689302421895
3.07451821501
2.08054214412
0.690725307138
0.152806217829
1.89547784126
0.16555163933
2.20306682804
0.148677902618
0.595269434872
1.54000051784
0.759365013582
2.50033807924
2.94461981997
2.5219112523
0.0054280640144
0.402205673957
0.217113358051
2.50123258534
2.52747208803
1.23246598157
0.580944890497
1.24058287664
0.390870256045
0.0519120303313
1.80336645095
2.49577687334
1.35270799461
1.22418819758
2.37081282929
2.26320314976
2.92351274439
0.419205995582
0.709166004432
0.220789945448
0.117708013054
1.61631301628
0.144402200489
1.17925470537
2.62649046736
1.92793522961
1.83145509242
2.34007568843
2.45887455683
2.51138327728
0.575590852258
1.01943006344
2.60350736447
0.270298851196
0.739703955891
1.13602964037
0.370714372131
1.67843917195
0.869653464538
2.50188249157
2.26979650286
2.76577927908
1.41129402453
0.249018249404
0.574723358288
0.982625794077
1.70002395283
1.68171130164
2.50636330968
2.48643114546
2.23485054746
2.8550989355
1.14262898729
2.50654160074
1.88749131602
0.143646652592
1.06816586427
2.78348793531
3.08079607476
1.40016565283
2.18104363585
1.96411799878
1.42200187264
0.937700873499
0.36118318939
0.468071352674
2.23556331149
2.59940235264
2.52990231303
2.72248187389
0.895585486111
1.13735067305
2.55582306742
2.98587511901
2.0867338972
0.539117161954
0.805223590545
0.958734547484
3.03353992422
2.44867040669
2.05767612353
2.96314976956
0.570259450053
1.49562123012
1.96569535482
1.73994311198
0.963682236516
1.66170702623
1.88945909631
0.757078781793
0.577885996237
0.685738036154
0.340144508296
1.70925623721
2.4544793608
0.432445616667
0.644040744049
1.53170295206
3.04325821801
0.0265284879033
2.45886240613
0.799761342436
1.93456796922
1.38757322538
1.0534157899
0.716154522309
3.10302623086
1.58041120223
1.04567752269
0.996687479784
0.515873325874
2.25383375822
0.147403181281
1.02925167982
2.6844688647
1.37490588985
0.356262666625
1.22311941264
0.192238963832
2.62004527975
1.42016556062
1.43252441702
0.687615036852
2.12730394902
2.93647734798
0.0478690151406
0.778711783029
0.0477304571081
1.8408002662
2.57964705654
1.03164866591
2.79435140218
1.46574310887
2.00368888906
1.85308882953
0.0484021952199
0.0848240077754
0.224712923697
1.33487230893
1.07027364853
1.66344814635
2.29939278733
2.03037267342
2.67855299986
1.79762452144
2.61953459158
1.45658392353
0.835960997847
2.28107542813
2.7654570175
1.06957876136
2.06109061825
1.17295962523
0.201333844699
1.76671101651
0.58760978439
2.95751473917
0.47328747375
2.16005291116
2.99972896784
2.711979797
2.9831989237
0.275437436603
2.59201761271
0.667373658696
0.804011565192
3.08764145437
0.267099299294
2.88665624696
0.1534304828
1.06345167005
1.79074080176
2.49060890474
1.79662482603
1.32393598675
0.0342678945816
1.05383277746
0.903640588746
1.12724040784
1.57784397686
2.25900878643
2.18084617392
0.493552584961
1.63279462588
1.19405258476
2.82242138929
2.11585165228
3.11261990473
0.0880855842196
0.633371315897
2.44148632888
2.25607494395
1.4857536737
0.400536137836
2.62797214532
2.23068697241
1.49091580767
3.00914029366
1.14996942603
0.518785920254
1.58842039124
1.83145832986
0.212338989937
0.522260284848
1.874293799
0.983779037885
0.83496155036
1.80526700753
0.430735633856
1.53928404364
2.63313803626
1.88441727412
1.52758522305
1.90758885492
1.122517961
0.238623524626
2.36945741951
1.91935406254
1.16923428325
0.0377718389962
1.74689570585
2.18397387921
1.63386852829
2.84066676207
0.886201342927
1.59383282652
0.920343032329
0.670754002534
1.29378414021
1.91557237176
2.0549482189
0.148434433966
1.25015655384
2.0607602098
0.661067511688
0.0471211771538
2.03593593672
1.51405943318
1.86567360425
2.31296105818
0.783032413163
0.128672174068
0.593549309627
2.95501680034
0.849927342841
3.02552158835
0.0175422621728
2.60382450583
1.72599923348
2.24734869613
2.87444615014
0.480837070649
0.511286099448
1.8676280007
1.34616374327
0.697773269888
1.45484323002
0.324150913881
2.57999445425
2.29371856064
0.737478580351
2.79951791925
2.73780286197
1.312299947
1.0710988794
2.47829622449
0.552650408393
0.198964018481
1.10821941441
0.559864196777
1.38852526299
2.69710777999
2.83933935268
2.0315500917
1.73216717845
1.23574850024
2.25047133445
1.45670710341
1.79743589329
1.94828240606
2.33431071645
1.28426743451
2.82156344791
0.607043607399
0.867235736043
2.25942616416
2.01105451699
2.01570308964
0.610736870799
1.66428720299
2.46032960373
0.606951905955
1.32254392749
0.712077762695
1.20741799499
2.18359859818
1.38803533528
0.598684666691
1.09402235888
2.73572766514
0.575622786793
0.521103477584
1.08666622335
0.12824491956
0.690663069681
0.0863026202935
0.0626687015028
1.67010825557
2.53187733242
0.695580430197
2.40671279202
1.28944585103
1.45364313969
2.65467861474
0.912610202201
1.01562738618
2.99760394996
2.517646669
1.83812631102
0.431480013554
2.89869732503
0.122881117258
2.15018350312
0.985689860724
1.84748436539
0.878921739725
1.7549565492
0.800177687515
1.64826038269
0.843935592237
0.136376215331
2.03966531925
1.78296120716
0.663874169262
2.09510659831
0.807324049198
0.193621974735
1.21355137903
0.00222499824235
0.0998786894932
2.47297657414
1.58871661019
2.00479920976
1.54077212797
2.20312943107
1.13078124622
2.75621302854
1.0093619677
1.85183659722
0.366702888258
1.08235840234
0.157001846249
0.961314322081
2.25518540257
3.13691749817
2.63183084175
1.07677370924
0.375607404602
1.97869378122
0.558555904407
0.421846010073
0.691748752728
0.277009055324
2.44146478185
0.022271231889
0.978263786617
0.287763629725
0.603548654344
1.59022382549
0.487044969632
2.53944402824
1.38186558211
2.1722154431
0.417687065907
1.19489872349
1.42787565491
0.362932993773
2.28125288455
1.55490392517
1.55265482879
0.458784503218
0.466652411457
2.28433024459
2.7712884923
2.24658367365
2.87093173868
3.03166483206
0.604662293547
0.488148163961
1.34317318219
2.94673436056
2.47265375371
0.659191373726
2.58328163706
2.14438669596
0.19229795113
1.58853706264
2.23154061222
2.02938075111
0.0410183068807
0.404983023484
1.08104553407
0.616005656425
2.81005079404
2.00241379391
2.96829034527
1.71407623364
2.15226536013
1.59440165748
1.33434869721
1.59560540237
1.27297697889
2.91489330061
0.364642738216
0.685592685244
0.504314954542
1.05657771787
0.96380893129
0.710851913487
0.787266298968
1.9150489559
1.19767259486
1.08696916092
2.28902095672
0.155171329875
2.10178109426
0.338659042827
0.158019185708
2.38689477404
1.70026469919
1.70335951917
0.974886618957
0.535394966839
2.35046019669
2.62111841541
1.50722612856
1.70381123069
0.677324193027
0.553098152559
0.642869735708
1.6290038594
1.67747734933
1.74669354987
0.0939552964094
1.62995905492
1.30753312502
2.01400959226
2.0188336123
1.39661085611
0.545956089572
1.17429738641
0.249693801637
2.66482394899
2.78843007772
0.912840018612
2.10984210104
2.52920324873
1.55255581422
0.369590468271
1.70159212907
0.136054256807
1.73596111648
2.09667747952
0.0110868600585
2.63974776819
0.588638579791
2.23833132358
1.75661574364
1.70987286477
2.71759449736
3.06737413354
2.88121663571
2.70685611081
1.66412233482
2.2768856968
1.62667839155
1.04989964253
1.00293026814
2.15809329853
0.462393018283
2.1562376485
1.55919673805
1.62098540259
2.51152882895
0.621294218352
2.27677823269
0.346093361867
1.43205772127
1.60244091706
2.2659243402
2.61943084764
1.38799868828
1.85073795955
0.721331139078
1.12674910604
0.789510760393
0.225363521961
0.667629168335
0.500250193844
2.74885112868
0.419338913686
1.47435661237
1.26078647984
2.82221055702
2.66280635978
1.41637974351
1.85595303527
1.1863581245
1.90676786906
2.74378287986
0.288179003223
1.7573353142
1.27018952539
1.16761711649
0.657091370934
0.353479770598
0.494034069922
0.250969697316
1.64970678148
1.994153508
2.54425722574
0.172601766125
1.7310303198
1.29894675529
1.40251817148
0.119754919756
2.02727088231
1.7205840836
2.08777114817
1.97135807518
1.78512763787
0.673140710859
1.44546414594
2.61882006491
1.48987351139
1.3684079657
0.85785327102
2.49460194453
1.79112782094
1.07027331893
1.47114765625
0.320144649371
1.42019282428
2.73921526308
1.79265481922
2.01474766323
2.09759828904
1.93166392482
1.49103359216
1.46868588236
2.80678189569
2.82169667278
0.728481762805
0.832812556793
0.972876855454
1.07481590514
0.552470149868
1.67672735586
1.91904123214
1.98566887579
1.92057193176
0.317005264342
0.100417482841
1.39478871818
1.17671726994
2.80497168161
0.520355075218
1.4764563163
1.44367666856
2.25215920118
1.73351024049
2.61726712349
2.9306069159
2.58746294673
0.290404614769
1.59268432046
2.0649156998
1.72604299366
0.896478627429
2.60939286452
1.95589359644
1.23014233767
1.19221580203
1.44288346371
0.794917778228
0.0134085370929
1.65051700371
1.76515388343
1.01016843264
0.433373937758
0.611692286493
1.88857749242
0.627989440061
1.12445192101
1.52243026608
2.35493734997
0.172295646337
1.14460196064
1.898685694
2.71047206389
2.94076848295
0.748795309982
1.33056958262
0.362466286565
1.07360862647
1.03831590068
1.92096807484
0.858509807704
0.453920782955
2.22613447415
2.34859473328
1.60158891176
1.9303532171
2.05444721424
0.262389128671
2.42457516373
1.96395251498
0.204140144781
0.345817227267
0.546234959852
2.24849420306
2.29349707426
0.428617724489
2.05991910503
1.00514357048
2.3545865247
1.16165810507
3.09143973698
0.71762820267
2.86225279754
1.21792178167
0.756580293058
0.832133925789
1.55367209997
1.77506272774
1.42987163607
1.23638941991
0.00963256036746
2.92888227424
0.514782150014
1.69986979134
2.67378431796
0.815311642517
0.488079820841
2.40973384594
0.872357074366
2.51231216639
2.27864969506
1.46331690373
1.73588781616
2.52474248017
0.563834610022
2.60099369057
1.26653741542
1.10433799994
2.75286410821
1.44996972579
0.313443363427
2.76094696355
2.92606557424
1.35926629967
1.8388482405
2.43945881557
2.87881430125
1.8866308999
2.80839529509
3.13840576447
1.07514140196
2.86209468
0.394084477203
1.55387465795
0.448709157692
0.942079561752
1.36782702603
1.85977188774
1.82141290498
2.18168104674
1.08880201564
2.48266823591
2.33399013953
3.01706888702
0.629078497565
0.863274631205
1.24729850845
1.63342230399
2.07210876521
1.10939335959
1.49941254052
1.27907445186
1.76447559279
1.87904893613
2.68678911646
2.55477196798
0.755322406482
1.78852286098
2.14740180166
1.43149586818
0.302109192854
2.24903616501
0.19872439196
1.45186875223
1.04254263101
2.54641096448
2.12726412521
3.06578532344
0.611432184713
0.957977619518
2.07501809411
1.87015360197
2.21359479298
2.65501878183
2.18448776976
1.7180928378
0.255029200784
1.54203787839
0.40367258781
2.90614555339
0.54520798728
0.51972980803
1.2075698706
2.7173744149
1.4721593598
1.31599383462
1.14132784321
0.792731639652
2.38259197184
2.06652704933
0.632747137624
0.327233295988
2.80654498154
1.64762081138
1.86266331734
1.29895101861
0.773507753691
1.39979628803
1.58638902841
2.56707026489
2.61838308856
2.20068527656
1.71984676
0.845204424594
0.237972210606
0.735636875199
3.08959622712
2.10918371378
2.93987945049
0.783327950136
1.46119595201
1.23689812676
1.91286607212
1.22304966407
1.88830391176
0.724901101932
1.30221891156
2.68803987444
0.669880591337
0.00979162978176
0.643942241746
0.456271103092
1.79756789518
1.76578884425
0.769384969755
1.52695648943
0.0109316940114
0.860780488514
0.521978687333
1.50081703777
2.65589215756
1.42925482105
0.664679423287
1.68748773368
1.9032830426
2.60107944821
2.72059091189
2.41324291417
1.28609953276
1.40749810779
0.715292386975
1.06324027031
2.75824837562
0.382896435898
0.433961454955
0.373635262637
2.57516411495
0.520221931493
1.39008065161
2.60004346922
0.993883266645
0.447181281995
1.94577647257
2.47804704362
0.429563564544
0.998319119434
2.01726348229
0.131767706766
2.63741457121
0.569186247615
0.739151605186
1.15678773228
1.95223356197
2.80291544483
2.81036268217
1.34495618008
1.00900651507
2.09736084422
3.06050431699
3.07368404225
2.25086191417
2.26337277926
1.04637090107
2.83987804599
2.12199845058
1.65969217621
3.00458586292
1.36178515308
2.12654366252
2.3433745087
1.05704809507
1.37289737294
2.35639254037
1.99662412946
1.25924230937
2.7386208897
0.48027361069
2.36217031782
1.09707933645
0.327787712319
2.78248584445
1.18938840049
0.437307580138
1.78880260529
2.16958128083
1.1336956452
1.78317928843
3.09546297453
1.08097836143
1.6391532271
2.3465559861
0.127737758143
0.87191654463
2.55080376553
2.1449548304
2.44550236695
0.878088831213
1.25791365712
1.69456408565
0.586971114794
2.15294468038
0.212684402328
2.99411877243
0.0898264579815
0.376286552473
2.39477207774
2.36201659125
0.271443585149
1.39098401697
1.45847953265
3.10560570521
2.52024761723
2.67702196241
1.23995409421
0.893691647923
2.07069156131
1.3519394113
2.44592510011
2.09642839519
1.99061618092
1.29538480218
0.734177087166
2.98617058541
1.24690459223
2.07591098131
1.93746339153
2.51602666525
1.5176360948
2.58131926848
2.19398144248
1.36475463925
1.56176008906
0.481334028642
0.650472298977
1.18387358234
0.483367352516
0.692311443186
0.846420071191
2.64766944898
0.917907508345
1.92009762217
1.55629531122
1.92139085315
0.891313974809
1.78785498562
1.54820737226
2.97786865049
3.14103590053
2.33187212233
1.96336205659
2.18648652073
2.14291449053
2.39877134182
1.71766422403
0.193481327261
2.27216749447
0.58051260757
0.559221715556
1.3530065201
2.467981365
1.16753423324
1.07792605465
0.641414628222
0.760649034826
3.0223054518
1.68720841754
2.28174328495
2.52640006938
2.86693181018
0.844467506609
1.64988706232
2.32399075614
0.970120128835
1.32022382289
0.209915419614
1.48752847048
2.58113033705
2.02403103515
2.4992839146
0.341034179563
0.605000318265
2.94950169686
2.68473244537
0.130069329883
2.53954790513
2.18805562128
1.84108924175
0.260758510571
0.313453802341
1.79581050034
0.743090918817
0.328185160884
0.710351606998
3.01648349511
2.12542518243
3.05334989401
0.226461395183
0.157260703145
2.56280755684
1.56546334923
2.01090368482
1.68207995462
1.75370279333
1.86894692241
2.50166165259
0.549075882119
0.641046160323
1.16648603124
1.83741331769
0.750836846864
2.62596935879
0.624502940584
1.61981635196
0.609609060846
2.76223530099
0.794879683677
2.03521619758
1.29835182807
0.600672015885
0.0242192312976
2.58575244914
1.05384815541
1.56636926079
2.66883068303
1.37260459259
2.37286349423
0.949449580678
1.74015055486
0.944257773377
1.6097259133
1.84494686504
1.88238307286
1.1211333152
2.16975836179
1.70846600262
0.568952468507
2.61951976424
2.34445255133
1.63764224261
0.811535794763
2.01297262822
1.94354209135
0.550338783781
0.186257795284
0.527068505747
0.497347160161
0.485313989864
2.13009772481
0.618753323914
2.46297225095
0.755676996941
1.60274851125
1.83877013744
1.1636620818
3.01826657673
1.26931035936
1.68789621658
1.70788398352
1.70938220584
0.190852701614
2.37942397832
0.544909403438
0.552306454322
1.92889907427
0.927910297223
0.502647128909
0.883423283271
1.87031930276
1.8248716929
2.09261747148
0.348571178606
3.07957462746
0.772199267311
1.26698353373
0.519164039442
3.10355833119
0.952815695368
0.353054817049
0.876244076772
1.68598883634
1.75786279147
1.09301228887
1.02637705186
0.0567084219583
1.07295089339
2.62820545438
1.32394602387
2.30249399172
0.589795405833
2.51606385219
0.852232455736
2.66772312574
0.282136841136
1.96973168159
1.70820097857
0.598144702004
1.67240709428
2.0325706726
2.27798759435
1.36103173212
0.105334496468
2.64447985012
0.929123268106
0.778031394551
2.46884847397
0.600157726072
2.65828598165
2.60629628377
0.931976673117
0.567416062637
0.570795255817
1.72169098397
0.958765335547
1.62567881163
1.75667451339
1.27455528708
1.9089600829
1.16514684219
0.182699546732
1.48636016839
2.18423909917
0.905665344847
2.66713523312
1.66251908214
0.491316190512
1.44321874952
1.39687153224
2.67924796888
3.09968927583
1.88124275494
2.69346619493
2.09863305524
0.783969184389
1.87081461413
1.58516389159
2.55583208923
0.990949663827
1.30525812167
0.870883191991
1.20345889541
1.93231497624
1.94902331366
2.69962074296
2.08335943844
2.02989953195
0.874783398678
1.33675666568
1.94078273033
1.9184639475
1.30439443336
3.13371435559
3.01064369027
1.69150038814
0.211427813556
1.12862344853
1.63303621928
1.55838224464
0.85784614723
2.86122204969
0.928973715344
0.930551507294
2.09283974199
2.3893296895
1.53489794499
1.41783882791
1.43688112011
0.950868015306
2.77750598183
1.85045979973
1.65964501192
1.66597152181
1.85957239004
2.22170235058
2.34175495436
1.89686448718
0.53641665519
0.71336822679
2.7782117925
1.71471622863
3.00733924733
0.604037304888
0.0956988135713
1.56363770119
2.4911170907
0.623584788605
0.439770040655
0.860398888769
1.12512201152
0.718569580545
2.61875021507
1.4041778746
1.70711848541
1.49947564018
2.60263501649
3.06487178704
2.96270362527
1.2198397247
0.0676123494967
0.498348454985
2.20847953557
1.41850447942
1.31498715761
2.62774479525
1.3138534874
0.361796402957
2.62119752662
2.76326880575
1.70403074569
1.81169877881
2.02363020772
1.89072111748
1.81578112686
1.22213364215
2.65412194777
1.54242207081
1.52409370959
2.94276258942
1.98746849037
2.15224572731
0.327128156854
1.7074141258
0.0681208525986
1.74741854786
2.58984774924
0.679889069122
2.03867978161
1.5287847264
2.36456959987
0.172100417329
1.21135958339
0.34498512295
0.411418810853
2.19922389606
1.65350589117
1.39756450791
2.46490982619
2.50733647483
1.25520024776
2.21817960119
0.10591803432
2.34987758089
0.0732927838395
1.83777518731
1.44449616977
0.404475991146
2.26817736518
1.03673232454
2.98341844886
0.906810877004
0.886119741083
2.59042188666
1.58166526736
2.81997493637
1.23434295764
2.38159753797
1.08587091205
3.06756301436
1.84508436816
0.881557172811
3.00153647106
0.477997112119
2.44446308153
3.11927561527
0.919986743471
0.30162382613
2.062854705
0.338925870734
1.8673185622
0.633449894478
2.46481010977
2.85171140546
0.643821732573
0.522504185611
2.89701594375
1.2888679542
1.56922929609
1.49689304985
0.335086777324
0.0594495461745
1.15410090357
1.05468661548
2.10961687839
0.462145017571
1.83936917143
1.03006148736
1.86838211178
2.06326108182
0.524214440061
1.70541414847
2.7085747694
1.95288185654
2.10246511794
0.436702583192
0.399632499417
1.66479129608
2.29162112002
1.93923243077
1.6363944511
1.34906713696
2.75181446122
0.2947327249
2.06916365473
2.5782969162
2.90079472687
1.69386421675
2.4644105142
0.416762112538
2.67440873475
2.76640512119
0.376633119509
2.83887815305
1.22282809568
1.12410011602
3.030413914
0.558248078154
2.85669787802
1.7123436016
2.73241777775
0.647284929892
2.46513776798
0.573706277821
1.94087255351
0.161304245303
0.989519571624
2.17113600802
2.81354925524
0.676418580177
0.563245504416
1.49028067289
2.78283377966
2.0917085668
0.606852099941
0.823987406309
2.56569458701
2.34197848362
2.59333525652
1.46885142757
0.371752881109
0.522726793573
1.06667453562
2.11056070775
1.52959643613
1.2809710987
2.89219105492
2.88235550163
0.463661438632
2.99764379769
1.01495170857
2.21323772282
2.1347950231
2.93700758352
0.2419670499
2.54785892566
1.69640037816
2.96770827194
2.73546282885
0.879067851606
0.81644968873
0.39155094908
1.39608063944
1.12022324471
0.440148361048
1.16357870304
2.89110544929
0.744119797933
2.50790754938
1.58302701684
0.365841252623
1.60325781686
2.8419405779
0.179586245891
0.625606714131
1.53158249629
0.402111417724
1.56423193297
1.0961924334
0.885534577079
1.15057944769
1.46819038075
1.84486820287
2.45869652579
2.01570201617
2.84752125736
2.32139080173
1.45127841839
2.45608774013
0.745990498997
2.44386978847
0.638841649326
1.20483544987
2.6552565567
1.95822415473
2.23937420909
0.484809121514
0.995572111486
0.685161258311
0.686874456541
2.44081572245
2.70199693816
2.32872632801
1.21969349429
0.265906162513
2.98805709013
2.86434528984
0.779534828766
2.53606851579
2.87196106998
0.664899641255
2.29683394706
2.94405458855
2.56142390345
0.639827469372
2.17861848787
1.07591998021
1.43556532217
2.35450099054
2.72830741528
0.462905298368
0.650191096683
1.29529090245
1.02590989052
1.85286029114
1.76015339202
2.3088837842
0.119819811918
1.69648865504
2.81122652555
1.85704889761
1.43632458286
0.577066756044
2.92046568724
1.92903130845
0.407230803579
1.52169251853
0.808933457517
2.04983212498
2.78213780411
1.25918173999
0.125488913835
0.200773990388
2.75285862259
2.89888552712
2.26963517305
0.308300796459
0.493423684243
0.892195563686
1.07154898027
0.0887731264945
1.20753055047
0.676486408189
2.11234544533
0.075231404248
0.664788817475
1.66118110441
2.71184050332
0.79550185311
1.06290316455
0.441334982832
2.29443547455
3.11924003672
0.680607102997
0.0322869521135
1.87442898249
1.41909106017
2.39034483226
1.35988605598
0.744835486503
0.536415380084
2.22234955448
0.29184866429
0.929169680346
0.422563570047
0.204565745504
1.87636358126
0.758748791617
0.416148626532
2.71954393173
2.01320355722
0.153221607119
1.35081157242
3.02394533449
1.48537047372
2.31545249781
2.82342394655
1.12779401062
2.42556053952
1.87765673843
0.81437534773
2.64764517906
0.20926043009
1.28486922694
0.728142290203
0.691429592199
2.32219279634
1.89059492619
0.676681601607
2.259511368
2.20852035606
0.667789233327
2.90133063129
0.924896522828
2.86064219843
1.51418419534
1.50046126614
1.41124446114
1.20823026414
2.94334544005
1.12051194595
2.94753826876
1.06438854165
2.36183106526
0.793767208034
0.924870933848
1.21779312241
0.91372497659
1.24598827774
1.41245625697
0.518472142105
0.65579269421
1.50910472924
1.36834104267
1.2081782835
2.32603199868
2.97726619629
2.59883297736
2.46503371077
1.25988232852
0.654220528844
1.95609761728
1.39828639426
1.09434091612
0.695483796718
0.556212721913
1.72589585898
0.954981803441
0.691728450527
1.81291459643
1.46570084559
0.763475298835
0.0826008691306
3.0586927486
0.98492169853
1.62743279589
0.0635827876595
2.83134596454
2.94377499805
0.0319722872926
1.90560602803
2.02168681685
1.93623766279
0.821196851955
2.37883277457
2.34487022138
0.570254612264
2.45350750203
2.07112284707
2.23594820165
2.63483267861
1.22035943064
1.91295536213
0.428040400699
0.111977890185
0.586879467678
2.62066951417
0.762584142498
0.622373076998
1.26112472187
1.72808464127
2.79070347415
3.05633557622
0.778767595317
0.678392773669
0.920893115192
2.41888848908
0.392315621949
0.166737906582
0.354508170653
0.63786142422
2.88738612834
1.36209671927
2.58688643644
2.03683794454
1.09403546173
0.9839590089
0.794379635253
1.44060810642
1.40636126973
0.848992632812
1.27183828349
0.373704360116
2.31653969724
2.41396979283
1.53442589989
0.989379950306
1.28937552998
2.45238391426
0.0937568521352
1.73069578932
1.28641045459
