2.17736027155
2.57996231778
0.676664441336
2.86934369606
1.99007984887
0.539120891369
2.33997191585
1.38102784938
2.51448422222
1.92296459113
0.663385425406
2.10824184241
1.02427734607
2.36784793505
2.03034383414
1.00240794797
0.55952185103
2.85158878366
2.22421956013
0.0561922657122
2.98023080351
0.864395496534
2.18224079051
2.37086697665
2.44369927325
1.93880199088
1.08911055687
1.82084740978
2.35189941343
0.659438354088
0.652631543164
1.4750200097
2.15274657473
0.163330456401
3.01450800551
2.37631035296
0.636256118641
1.22707489973
1.31060717324
1.9418896016
0.270717424339
1.18738968839
0.685915692412
2.46250733
0.153036185342
0.121669152848
0.3204739423
2.0660291211
0.0664878990202
2.75683133237
0.965901814683
2.56567902793
2.55714605734
1.4078834857
1.01691548022
1.81460018109
0.415809160016
1.36700664972
2.95906535171
0.0433158391311
2.73609255001
0.633590865725
3.00750752721
0.988873474081
1.52444026872
1.58521748736
0.710096914947
0.116577051736
3.10778903011
2.21307612386
2.74423273742
0.00357344694614
0.121553905877
0.519035750179
0.422113411079
0.771225217836
2.53608174077
2.73447145804
2.70303460461
2.67269449625
1.32586323839
0.690900505023
0.00945850177757
3.05263191779
1.22642815337
0.667488589918
0.92142353475
1.45199695064
1.93091265765
0.0938921598998
1.76308427953
1.88042423999
0.393791350039
0.463625518747
1.69222361004
2.78794018795
1.16826335155
2.58183914463
2.37013457174
1.96591220537
0.457969959432
1.626567195
2.9091656876
0.478903395221
2.38042638998
2.83246442952
0.88231160393
0.744182453673
2.91491494437
0.120005031379
1.60042242762
1.71166817806
1.12839333024
1.16087657903
2.30937371061
1.58313549253
1.46128232235
2.75014186947
0.919404609221
0.147880232011
1.17914828977
0.0907943084232
2.81893591831
0.115813720124
0.445525769706
0.480491826353
0.668146627254
0.538249300871
2.42115386225
1.46757659708
1.85638183835
2.49046741859
1.41923942151
0.51509460178
2.87710887837
0.96020374527
0.338559848402
0.49938254908
0.58860250039
2.32991981321
0.214417151674
0.0495372894878
1.6359016721
2.22611748651
0.804879362256
2.42644207732
1.74827648163
1.38634413677
1.99139381238
1.63784214819
0.715022845077
1.02970029244
0.0256006391042
1.3355941263
0.272697270789
3.11111560728
0.72442646586
0.623903802604
0.485684853105
1.86645715162
0.0520578759283
0.283682717913
0.700213701847
2.94954123394
3.09737301529
0.637073892559
0.484760311412
1.47072295662
3.02495315742
1.17750243274
2.47318333648
0.496146493485
2.04610915128
2.82614676699
2.04401570987
2.98404249419
1.54144862924
1.70363770393
1.2919168651
1.76356275133
0.352877057615
0.716355667873
0.764101067108
2.77391786336
0.887492514073
2.14739269926
0.505627746197
2.14480917178
1.99709939201
1.33590995823
1.88692616075
2.40694674155
1.04355516816
2.99651992864
2.89035026052
1.65133424365
0.745583540308
2.7458877668
0.617615513928
1.73704711417
2.34565259274
0.503144401423
0.527419980046
0.622287865262
1.97775894603
1.36895302404
0.529613732957
0.223967301654
2.33401238592
2.29079310341
0.0256034140517
1.99973946599
1.3911979242
0.576262840452
3.03080997365
1.35933078618
2.20726348932
2.04752812771
1.56832110073
0.030400580694
0.759089422981
1.16627206674
0.915937066551
1.00135142003
0.881141618608
2.28859044734
1.90283915197
1.29506765126
1.04597676278
2.06290472137
0.82580291449
0.782477752525
2.98855227313
2.02085314492
2.51594908662
3.06253892794
1.91676280659
2.72073201125
1.56511619279
2.64570754997
2.79961727638
3.11566505567
0.473922742814
1.67366364491
1.56184968791
2.9807317044
0.270096864898
2.64401241989
0.0166634060005
0.334301671219
2.82098952629
1.91210087873
0.782425375548
1.84752323341
0.0275628544757
1.83205810356
0.0352055724925
2.8188756846
0.821979990355
0.478665235979
0.0043285365499
1.88744909841
0.62573784078
2.09155848656
2.34906588946
0.712002779417
2.11898442129
0.889528076482
0.0771759346772
0.887510124781
2.26110651299
0.985875355545
1.42046806338
0.497028670451
0.950227565659
1.66761739821
1.48884686633
2.26770734472
0.259921192197
1.69007455167
0.0432730711115
2.23161000215
0.52758391449
0.455945689506
2.21770524061
2.91828278128
1.78999974436
0.258566972611
1.07101061362
1.61442228429
1.14852649378
1.75875812866
1.79791349734
0.907179714836
0.145091703637
2.15722768467
1.60508911484
0.0155318614777
2.31486667062
2.8786127021
0.982432702713
0.711499557417
3.07535634501
1.64768404049
2.86731304758
1.03534153282
1.45142268749
0.484880299228
1.79075656661
2.20003942206
3.14090714147
0.487378656253
0.0145871656748
0.0764670843572
0.145272447689
0.685257676635
2.59848673093
2.1819102714
2.54862395255
0.538145536044
2.65316691469
0.774172641608
2.03715945792
1.88566107144
1.15048965234
2.93189173114
0.41914240671
0.021363958169
2.59683128048
1.45370233166
2.71684354024
1.1055030007
0.427309580154
2.40603026963
1.60924472319
1.59986089147
0.0735963760366
2.46406006091
1.4597855142
2.07908801207
2.53250927447
2.91552527259
2.18928445108
0.231089643705
1.79691018101
2.2659563217
2.55683540973
0.741158874275
0.153286022598
0.637602991984
1.11583237019
0.512962025184
2.09723440739
2.35511278549
2.84149916098
1.55391172574
2.45150948012
3.0915177482
1.50228717277
1.08666592928
0.904690913889
2.76562285989
0.240456824212
0.735677776888
2.54823770889
1.75268169283
2.05182879914
0.463344297417
2.25016126025
0.574503619769
3.05530876112
0.276455037627
0.427640511999
0.375789034983
1.22210591048
1.31129106524
2.3481958354
1.6573683225
1.89495443768
1.57754270141
1.18920932255
1.0666007859
1.88620974811
0.316732427447
0.97557453332
1.48883652225
0.299013292891
2.61329240266
2.0517242082
1.65970653935
0.74272547004
1.51983916537
3.03223826758
1.4863452502
3.07089791054
2.29870266599
2.73609969722
0.295583248339
3.0940243371
1.30279601546
1.36464519389
1.45863975881
2.97283534404
1.13820792823
2.4587397514
1.10871019421
1.06831104583
0.111045959355
0.0430901667847
1.0954126231
1.55296037097
2.41059603888
1.99434703564
0.295747973244
1.5205508064
1.16863791104
1.62254638228
0.656468216485
0.252579338918
0.612602609798
2.09626307953
0.776509566017
2.4967173325
0.287535746713
1.14764149547
1.24476235783
0.454018011632
2.27135808139
1.02417402161
0.452993785745
1.77969363516
1.84300848531
1.85626676463
1.2825856976
0.587323020252
1.81565325986
0.285673564865
1.25782895663
1.30393661492
2.10911850985
0.620732099903
2.50790935788
0.945413429612
0.502180923127
1.62381823561
0.317953018287
1.91885808594
0.584929267651
1.12848442769
2.22268216358
2.88170200581
2.09775295439
3.10641046712
1.30800021718
2.49132363924
1.20258202918
0.642767627262
1.49885698486
0.0336992440243
0.115331960592
1.23630018979
1.94764287102
0.67414484689
0.315009672313
2.72107188175
2.06221156787
0.462605455946
0.758876435664
2.86409427374
2.75437205175
1.11632785962
0.422006838508
1.93859957645
1.7261827411
0.869784577646
2.48782632334
1.80581514033
1.65924403698
1.48915871563
2.56288456476
0.797969325425
0.185589737346
3.1170573356
0.19026663742
1.12107308188
0.763840086018
2.085595468
1.59920175556
3.09867477729
0.846792323465
0.0176028172151
1.94444269136
1.83985905272
1.30182461222
2.07348479334
2.44464707722
1.18174948587
1.57336052367
0.532074646764
1.80141362283
1.97701030659
3.06718842231
2.45240993814
3.01220286362
0.718354317923
2.94684853321
2.83709447384
0.817810236077
0.712690056249
0.199150235251
2.04898084965
1.47576333415
2.71735222644
0.213697673194
1.86326206604
0.947763727893
3.09554266141
2.74042326967
0.741324379009
2.1489330483
2.37161886671
3.12107726108
0.5278174879
1.79817043205
0.0197133321595
0.499366052669
3.11827774871
0.499604558271
0.168747733311
1.72871045508
1.21616303336
2.52980419892
0.214932775668
2.90138690837
1.46392144898
3.02719690841
1.29182285281
2.20364134639
1.91335584736
0.33338644732
2.46416162905
1.26140509476
0.755342752472
1.45455341081
0.805121997456
2.43784013521
2.25493681909
2.74328782702
1.34473753306
0.133106119948
1.7287919745
2.64338284433
1.22210650177
2.61415581531
0.397799719561
0.0375077738611
2.32780429504
1.46682891914
1.63633863618
2.81553202062
2.35633670916
2.68255490438
1.87617597075
0.552135878535
0.188852693399
2.67274694716
1.72404286961
1.30524679904
0.898096948241
2.1980895169
1.17603912247
0.91915605206
2.01000900655
1.58884058174
1.35541207761
0.069167292894
2.41167359501
1.86485975654
0.943965770504
0.285864604333
2.88108255322
0.00572233882987
2.55236482885
2.71089379147
2.53836210011
2.50943144414
1.82720354837
2.94942827125
1.85767256067
3.00217305859
1.17899362491
2.55010160927
1.38490217219
1.04970502767
0.145988924774
0.60850010799
0.305347943668
1.86221770916
1.23937859519
1.83088525122
2.2148903583
1.76946384774
0.982866754886
1.99974092517
2.4393378401
0.709426767234
2.31862754216
0.753998963875
0.996716895677
0.539593405231
0.0668129332901
1.95047213367
1.72636109789
2.70070571098
2.17655674507
2.69262007584
2.69934153526
2.90129298457
1.23797455231
2.28229587251
0.789262797696
0.769063062765
0.727970281473
2.10916623656
1.21858553801
1.94921290739
0.443032948008
1.89983805708
1.61685332943
1.4507280238
0.578464162193
0.846383693412
2.45692049658
0.789025424183
0.403342518852
1.40495954013
1.56020857299
0.221443642949
0.440517088815
2.88178190907
0.882168682141
0.106337118059
0.759672653719
1.42296089982
0.156539195183
2.79035815986
0.436902166659
1.7184801513
1.69143251407
1.77795465347
0.356952723774
1.45376128813
1.60431288234
2.33504434022
2.68701649034
2.92566486615
0.662277565058
1.62541223259
2.07975915985
1.40269202167
0.714302755873
1.42024729146
1.29168879162
2.37282573502
0.351667919724
1.0236720224
2.75436616171
1.94811879871
1.20732041184
0.293208101671
1.77521672431
1.70217827434
2.60810264446
1.06888231702
0.488224292618
2.63127218157
0.689628805382
1.56051641999
0.820604694736
0.254812922875
2.88316760232
1.67534800665
2.48821577022
1.04409274494
2.96094701288
2.70235764055
0.587165104177
2.15883172328
1.82959207095
0.737302258434
2.56484458489
0.40914449123
0.125363603428
1.75711814617
2.54831724386
1.45033752153
0.06141076733
2.10682338651
0.95391977313
2.57424608864
0.863001506913
0.508222884754
1.47819786456
2.10793052684
3.12228774482
1.71010845519
2.20853130927
1.84481853292
0.165133872375
1.34362408922
0.621125332554
0.0734457935489
0.00746870919277
2.25599190044
3.02168326221
0.848453286077
1.48758849671
0.504376395617
1.91430951565
1.9076418973
0.840469864584
2.31179043561
2.35629369547
2.96660613691
0.390178976337
2.88086561488
2.3395456719
1.28004335648
0.542487118486
1.01186114867
0.352907874537
0.827871813887
0.850796839328
1.33720148898
1.19623904541
0.560917358356
2.55467953738
0.992249030365
0.0418725410364
2.62381243915
2.5998272984
2.38416598295
1.19650254626
0.54836025027
2.45089107546
0.953211452056
0.316747016881
1.96835043578
1.68944077689
2.22155746937
0.818282083866
1.82925366908
1.53651713971
0.480491765019
1.4808991481
0.683409568932
0.282804033737
0.405175270753
1.05618269192
0.241983111958
1.14749413596
0.486313165502
0.887504063142
2.28391482294
2.3633526974
1.10918802754
0.672869324524
2.09059050929
1.18299445373
2.90595817835
1.56564734258
0.779111648768
1.60891494867
1.12795845121
2.37373359326
0.22505820365
0.9632795219
1.69154270865
0.0216223885932
2.2359858222
1.22438556727
2.32410579912
1.21116585317
1.10078521853
3.04241013787
2.33511901818
0.253411487548
0.429553852472
2.96016858156
1.93054706889
1.4868185377
2.98708076239
1.39104747412
2.42168108161
1.24830919145
0.417416493822
1.72802778008
1.45920227262
1.87139967886
0.697504860295
2.64790394311
3.02393866024
1.8185874284
0.347194468565
1.55796246605
1.58748583951
0.442891738645
2.24923268919
0.101919000473
2.77975743057
2.20222178445
2.29098057592
0.214990912356
0.42239939643
0.904378974004
0.866180722315
0.68864274549
1.54803218031
1.24374936582
0.262554774143
1.94031560272
1.4362112958
2.58900129198
1.55308264275
1.8878243714
0.264395421452
1.04960862167
2.21779533024
2.13011454762
2.17387699438
1.52462358001
0.107361423669
1.6020500174
1.44365101179
1.19135824194
0.102419871615
0.642623036689
1.78640829695
0.824957876872
2.65368898404
1.88715753524
0.166606909262
2.03060719053
0.408282928759
2.1575861242
3.03302651911
0.958901025092
2.81422130959
2.05598152844
1.37689828843
2.31097160019
2.61690487777
2.60076622041
1.05964978094
0.203591580266
1.12597551544
0.161324965387
2.49842695345
2.1540602897
0.758113205251
2.35744334653
0.933826260608
1.4565862891
1.76510525637
1.89858571596
0.0732448784811
1.97703406118
2.25495908147
1.83517456805
0.301725830533
2.09983042442
1.56369070644
0.654476009372
2.20949564419
0.836217668965
3.11209590948
1.49554591768
2.40560346053
0.189754874529
2.86059954804
0.435550872324
1.59419037026
1.55253172738
1.18669300162
2.77016866742
0.210415924314
1.42941200845
0.558502248638
1.96835415666
0.261688380615
0.651369327227
1.16588336845
1.86155486257
0.315470359086
1.39122494989
1.20673115548
0.899001513737
2.40272906482
2.07224770655
3.12529452495
0.689888247259
2.91887319314
0.491262672122
1.76369502814
3.13355052301
0.836287633281
1.46105418911
2.84897056223
1.15478403873
0.290599002377
1.87967166038
0.171563723777
2.91376932175
2.59807927588
2.62299014588
2.88019133704
1.37177771561
1.96097623562
0.355198417505
0.336044967082
1.40474487729
0.138036455112
1.24111351789
0.701996610172
0.75884195979
2.61235007735
2.70639217333
0.554071042452
2.58046678786
2.17959421679
1.13219361051
0.938296011769
0.348537334888
0.04370554807
3.13391704572
2.79343608164
1.76219046205
0.953676720358
0.916384605644
0.935501162839
1.80403273116
0.43294820141
0.0153892099409
2.11725174394
0.898559448369
1.56502076331
1.41685359147
1.12267649029
1.38856230568
2.2685201389
0.0311407777897
2.71671162437
0.409621338277
2.45862799353
0.13585810909
0.94059265558
1.61656292677
2.07366072359
1.53552951643
3.0356695273
1.05209388263
2.82721554988
0.992399489989
2.0802662379
1.15841915814
1.28188621326
2.23761220438
2.09159005403
1.93855768344
2.05333614388
1.38536806543
1.64773736111
2.72765075863
2.65629814775
2.60892979891
0.787915191292
0.622088949043
2.86071679189
3.08870032789
0.801581695098
1.52023886305
1.12959821964
2.67570190092
2.97866227083
2.7515644835
2.5903400191
1.35404785564
0.973117022602
2.40015624149
2.74078701111
0.242092543647
0.328394998267
0.690502897385
0.00487085871612
0.507943247786
1.89560595609
2.11717502011
0.0180378497109
0.887168283263
0.913684630088
2.21415162104
2.95270381244
1.00670916054
1.61454969304
2.22065581214
0.950525096135
2.0124107406
1.156926338
1.9949499428
0.399077219492
3.12496618751
0.0847901779352
0.195668218858
0.326788809497
1.66238720599
1.16426314329
0.388784468907
1.00437886179
0.881099199099
1.91820974494
2.28221710616
0.762297432167
2.8571961978
1.73720277161
0.116794344874
0.302545309697
1.62165687564
0.712842178463
0.685873340727
1.08312827086
0.300967683606
0.942624602747
2.50166847445
0.747898513409
2.36769449191
0.6738369023
0.139841893088
0.802024377639
0.839434569066
2.77586915403
1.25247907718
0.3204618011
2.20250615739
3.12301368807
2.68742675709
2.57931650664
2.31087135347
2.04595648908
0.102017619978
1.90019261884
2.91348914817
2.21318534615
1.27293461082
1.60584982442
2.66028353992
1.05924511711
0.604363783772
2.81187788499
0.143817072311
1.39161838952
1.73898354626
1.78616453517
1.7656215172
0.324660211044
0.934979398344
2.01164661773
0.0688441899244
1.44260352166
2.71585534443
0.26229175452
0.122576231824
1.31626062796
1.73685417726
2.90051178792
1.17994352783
2.18185718056
1.51937942031
0.815127839141
2.34712315695
0.757040338076
2.47798290486
3.09116996306
0.849375861572
2.29526874292
2.61323997411
0.0679804973087
1.32600912849
0.970285625427
0.961658732021
1.86224803474
0.237227936415
1.56642412421
2.7347793517
0.0623870796063
1.93346076544
1.44623235985
2.94660503185
0.0664410338099
0.846646069899
0.995102919262
2.24513497862
3.10012761691
1.07468353801
1.5441062152
2.32923536734
1.10729120522
0.0920102635491
1.39449948204
1.00352169818
0.83569723592
1.66333375662
1.15662674252
2.62290240072
0.785799679776
2.0308394756
2.06733707416
0.370570704048
2.82335576684
1.02118104085
0.28101289122
2.62720012081
0.801673790132
3.09046753076
0.333637866604
0.67465527292
2.76813316561
0.338379564877
1.652325208
1.65975281275
2.5389765792
0.54278369876
2.27272541952
2.12508714999
2.35551942987
2.87078973863
2.52741196549
2.8624545219
2.4288176284
1.30217531992
2.84937112372
0.169545748247
0.479747957438
1.97998968893
1.5437744013
1.07329733154
2.14793576876
2.86037561701
1.23070910896
1.72433595992
0.579590187369
0.762527756443
1.14282899609
1.69928049938
0.17073507816
2.23447321886
0.290997189047
3.10679809222
1.65241792463
0.279154031673
1.95204804856
0.12931125216
1.95767355051
2.88476532227
2.78960009253
0.656321817764
1.35491364731
0.737894052064
1.0511841283
0.230293800397
2.83634860017
0.954785990681
2.72185187755
1.70789312572
1.02487350855
1.55046844984
2.6960956033
0.901847618326
1.47137614413
1.97811828974
2.19672477886
0.200019414791
0.891989525085
3.03878336197
2.96100524166
2.98388105592
1.94668933958
2.83893621059
2.54949021774
1.3259771821
1.35954232889
0.454653788993
0.563424644147
2.69635675323
1.6448444732
0.979254368751
2.2579004939
0.29242170144
2.77105050961
1.33477521126
1.91894034399
2.99986035063
1.99892487977
1.37436424536
2.44783747343
2.0299549192
0.454997320612
1.2175633141
2.47992646412
0.0446393288996
0.890169488711
2.64777399264
2.9433670595
2.14884271591
1.1191172952
0.999282664543
2.03128060979
0.326016492571
2.56165491668
2.85231266626
2.2991171017
2.80728490041
2.14145544364
2.9708785832
0.772906875636
0.623467294456
1.58165056477
1.00820168398
2.65116487456
1.61656442256
2.16625130049
1.30249230464
0.19193558773
0.456715076896
0.797376618037
3.03403738838
2.50920469953
2.7376518898
2.93331264408
1.11526684373
2.13152292626
0.528430614256
0.171029080537
2.18342884811
1.97549539615
0.291664574335
2.81631213526
1.45692337395
0.763119732035
1.40355221075
1.32077150338
1.59625284609
0.154357136856
2.12673938429
2.05709315814
0.58353471505
2.47271649088
2.26822341644
2.88885483356
1.64655689597
0.698412177138
0.682775568723
1.43967612214
0.0469938984999
0.00890531439015
0.03110406056
1.05649348896
2.13134128051
0.898674478278
2.13015130413
0.0213917625443
1.02584474876
0.324339588026
3.12942975942
2.19094044707
2.41902477443
1.9483684969
2.51095189817
0.589420839386
1.11930058699
0.887886688086
1.67604395943
1.17482325185
1.62858417034
0.920999367099
2.17132542048
2.33383943594
2.80815501049
2.13905597339
2.38967966648
1.12818623797
1.52820759924
0.0896288748482
0.851488351225
1.47695980103
1.72085024203
3.12222786057
1.8020185231
2.1119723723
0.924176705957
0.254183571761
2.93254536844
2.69351669327
0.119515310315
2.56266776857
0.49546689374
0.52109576584
1.97655599629
2.88136060849
1.23425705099
2.54931257706
2.65984833701
0.973423253468
0.480800287767
1.31319518301
1.68223132425
0.706313216075
1.91068967579
1.91719120599
1.50300343759
0.100755676563
1.0309856934
0.282359660474
0.332912835271
0.76189306602
1.39652608205
0.601213582798
2.95853069485
2.8638082696
0.214232887848
1.42478861473
0.556997579375
0.121005172816
2.95071205306
0.680180396092
1.24417895109
3.04990764503
1.48648384648
2.49282473631
1.19018332888
2.4766093661
2.99798412756
0.155796436597
0.149139867632
2.37086772192
0.571315745671
0.226183999784
0.360754194193
2.84789560865
1.3608959388
2.4763796307
0.0125126528049
2.90228002202
1.45837465925
2.54223419773
1.43702983519
0.601388205022
1.52880170122
2.27601355323
2.66233831537
0.338880036775
3.08471584694
0.315666284528
2.95247167219
0.786966620211
1.11010955132
2.3438170217
1.61904400269
3.05939254641
1.54759430629
0.86468801318
0.0651127702268
2.33037453489
3.01526008099
1.23180205298
2.06134711526
1.18776536253
1.16969576657
1.05777878909
1.23085240025
2.07186811129
2.06912531053
2.02350657473
3.1294946501
1.52220302465
2.55437224086
2.66254085553
1.28438217136
1.86507448568
2.96085898219
1.20237348608
1.72270239853
2.44295905707
2.08402150269
2.10968287998
1.85848071278
0.525492922455
1.64708860183
2.06529418684
1.87671205387
1.31158280812
0.774120960038
0.715919523812
1.40761975903
0.7918424324
0.703930966376
0.150364222631
2.85756654052
2.23193168281
0.687550050373
1.99977862051
2.22425684324
0.639961669243
1.31169972996
3.09019171305
3.02964168256
0.282319292514
0.242542777236
0.459783647019
0.82192770413
0.860414189542
1.51060803593
1.60935160732
1.0348048028
0.203518004933
0.647469431157
0.752965061571
0.590690235304
1.54875447071
1.91830273734
0.883157655259
3.05176707549
1.02106965296
1.22126413052
1.91083656894
0.665854081942
0.536877271639
2.38940709774
0.664853814431
1.24000239904
1.06092085791
1.30195746755
1.97194536565
1.64961844368
1.47001546841
0.519160236951
0.572492448527
0.887690798813
1.26002622411
2.97031480026
1.33322358221
3.05240215136
0.101744587194
2.9506635921
1.63878315431
0.869611799963
3.06145141096
2.91733941109
2.19365131741
0.0063394491722
0.989051374531
0.287236527617
1.9756279259
1.57730829169
1.06685428978
2.05926896552
0.272962857252
1.37280989349
0.524652177716
0.146966628715
1.83490026662
1.5666010317
2.8142837997
3.01177580852
2.1401185991
1.09400102917
2.30691690942
3.12595069398
0.225713965668
0.16179421306
1.48502420772
1.12708446072
1.93542906561
2.60830386129
2.26370365983
2.98391028777
2.30366454847
0.598403773808
1.70842696023
2.96985408796
2.14139973715
0.20886752923
0.313169095403
1.07232337602
1.21940691975
0.814276696736
0.683012270452
0.282882679044
2.56292393724
1.25355882868
0.736628076273
1.13425988266
2.70196027701
0.239129291742
0.600468045496
0.409317567206
0.299674719045
1.16989416704
2.01556342841
2.04010750419
2.77304620105
3.08721400849
2.00874739235
1.53412377239
1.29521467032
2.0567501836
1.47221131577
1.51554547661
0.566488565956
0.837652191674
2.60377658591
0.368601358068
1.76773200795
0.0780936874903
1.64982357907
0.598405319298
2.64713784059
0.955430074625
1.81569191337
2.72165614247
0.498705401611
1.94300383334
1.32917704057
1.86023357086
0.321636761211
1.59770420753
2.15764279218
2.53637646498
0.892891171409
0.896398309125
0.78813361178
1.6820987408
0.680474229839
1.03335010018
1.44728809061
1.72447248575
2.22439077452
1.99413175609
2.16697547329
0.205005377611
2.17100811844
2.24391363695
1.05175330403
1.8184549394
1.17989834774
2.39119739547
1.64712477677
2.54847710875
1.37028951322
0.149084730246
0.939998587438
0.978278349051
2.85738890455
0.594898748443
2.06083193871
0.517630546587
2.82617743955
0.337175233725
2.12355066363
0.126295541976
0.0500252289881
2.13890485059
0.734847298097
2.68958215905
0.19381862622
2.88192047699
3.02346706173
2.99356248791
1.78794621838
1.06102929956
0.952735454103
0.27820352175
2.20754251644
2.58511256294
2.42132162678
2.91660216008
0.647872485689
1.62919314026
3.13627980412
0.761302214424
2.01852297071
1.34938289598
1.01114195845
0.232578412068
1.8998280536
0.559647998684
1.6278012874
2.06605103602
1.9822067549
1.7529303009
0.315115069064
3.06022706971
1.41678396006
2.74130123657
2.67183568128
3.01367364423
1.80793679202
3.02913509004
2.81652411738
0.289348501057
0.737224797589
3.11775647426
2.96077526739
0.000136705353891
0.189473753289
2.46985444985
1.87523999998
1.85038503501
2.79797216002
2.65278803905
2.95835465348
3.01117615436
0.500702612467
2.31229668945
0.672905002455
0.729849926725
2.69267767341
2.93553954459
0.766378230844
1.823650708
2.14175161332
2.71506348014
1.60957930612
2.40380322278
0.0773368889635
1.28390993725
0.240554914346
3.04641114735
2.99308735053
1.46060830833
2.29524271901
2.29003291159
0.510694863074
0.429350302111
2.71947768253
0.0435745478491
2.28077008724
2.60771223272
0.728600961392
1.70304375627
0.724090898491
0.653559435809
1.43497098942
2.15678562468
2.40005575589
2.10388622337
1.38169501649
1.89717723681
0.0525180563457
1.37853449025
2.0997467443
0.487113120582
1.26832424389
0.143186719828
3.01146138547
1.89303498633
0.356355744248
1.51541345968
1.81252362882
0.832666686759
1.16085663076
1.88720593142
1.54021700957
2.92792479568
2.62181660186
1.78829983081
2.40063281381
0.23987976561
0.60400350237
2.89692891856
0.527612196637
1.79893687263
1.5026872942
0.747655712054
3.13612134036
1.3547129427
1.58693027876
2.74685382472
1.28830531813
2.05744446232
0.498012983285
2.21565783355
0.435857342278
2.57901527117
2.48485992035
0.569587166297
0.570126096804
1.58037606052
0.383273645023
0.406996437857
1.40793500493
2.52337660199
0.93715927896
1.37648669375
1.03263447848
2.66286659005
1.42280814778
2.47192401189
0.156348800756
1.68287821757
2.11086605938
1.63976062572
0.571938200906
1.538067131
1.07313161934
1.26563334927
2.69967320982
1.84223811942
1.24058282612
3.03702436485
0.774771663729
0.539686774366
1.21415839346
1.43572188725
0.494828625487
1.50178001837
2.35326903028
2.00954148162
0.42944311985
0.393137433457
1.78140013154
0.0401837821732
3.01039374046
0.395538279565
2.4119240762
2.63937128552
1.10795236513
0.110080422381
1.86997234333
1.39579839671
0.246664207737
2.95843167838
1.11725238262
1.8391236183
1.0913259147
0.0617567031099
1.26394315471
1.25820269872
1.94740062555
2.29948621241
1.93695770516
0.35165015624
0.00309452968793
2.98438955678
0.395581071947
1.61867092231
0.137302713525
1.74819671435
1.6801433842
0.984364237461
1.82137928969
1.72540083737
0.205311817879
2.94473144413
0.801266800783
2.06389612159
1.408719609
0.0306947030822
1.9977438517
1.28629576834
0.497629449895
2.99231217349
0.74685855976
0.313635688025
0.897270853792
2.42734166405
0.74769425223
0.988935482289
1.0889712038
2.58041390187
1.33176675036
1.36406228171
2.92746340839
0.352814224663
0.924515654452
2.38893193328
0.755942992896
3.00282271972
0.845080332638
2.87847736118
2.98911201114
2.12837474822
0.817833373021
1.21596782284
3.10658581147
0.661433576659
1.77282468941
0.865111792286
1.52444971877
1.23822171096
1.80512924168
1.21117667795
1.98157755001
2.78869394835
2.13791468746
1.81241309559
2.31778040176
1.58017429532
2.463068657
1.08191167077
2.73716134563
1.10285641164
2.61602057824
1.38777505984
3.06487938673
3.074363012
1.14072738865
0.73267747372
0.740045228799
0.814545805152
2.84484971585
2.94976958644
2.32208579296
2.67031354312
1.49216261189
0.702352522579
2.5086506221
0.121226851043
1.07109941694
3.02073119559
0.687812517459
2.93005163455
2.6039785698
1.15434231435
0.327812276966
0.0568480273706
2.3658255391
0.108205842044
1.8242165304
0.559572922669
2.00730650569
1.80838071372
0.497878270455
2.35892913055
1.93377280343
2.00020025605
0.714528903593
2.75076169767
1.44144794383
2.55511639035
0.852709987368
1.29552991573
2.91210983188
3.02341988966
0.80574737136
1.49048641667
1.49687876144
0.696549773809
1.66023746341
0.403802095855
1.96458216682
3.04434731102
0.36789831066
3.09628875663
1.56310331542
0.89752778726
0.956586766716
2.78272942112
2.4983570434
1.84460140127
1.14919480727
0.617575460854
2.52454330751
1.85299469338
1.11410589407
0.634754779401
0.179048117322
1.01057886531
1.28071442004
2.9547859884
0.622589337727
2.10709201124
2.27678150313
2.12762594142
1.08221471524
0.179281213418
0.59237851305
0.864871387073
2.22125337229
0.120840660468
3.14112989319
2.43869587537
2.37077717128
1.69077396428
1.10060764661
1.19661195676
0.357809507463
2.96648306885
2.50028331915
1.06034929151
1.82007926362
0.972508938775
2.75634594246
1.68536511259
2.31849011306
0.39246054862
2.19753077661
2.21379608586
1.21778674111
0.0499056081353
2.66510876654
0.0929293408251
1.83422962335
1.14403757639
0.267432940865
2.01246597921
0.942310348633
0.381230777931
0.975204710592
1.70175243569
1.64644203033
2.75489694821
1.55198623016
1.55265311996
0.919725256996
1.83756455737
2.82488648635
1.51885954587
0.802598428858
0.0138708569551
0.818165483206
1.67930753398
0.920861751402
2.20040128351
2.28966027608
1.47158859792
2.4362831034
1.06161787242
0.898636690032
2.09251150384
2.20974752662
1.50966192441
2.36494546231
2.43347200503
1.67069235758
2.09762289367
2.33040712413
2.03076604392
1.0096674042
2.32832133453
3.089552974
1.94825855222
1.07647203142
1.34769239759
0.56533409257
1.48276621446
0.493433190301
2.70412909899
0.357111203568
0.87894423868
1.9077088465
3.00380566353
2.77958407357
2.9705128919
1.88943073512
2.23527286397
1.52603252783
1.70597234806
2.29337105789
2.498824265
1.25756351736
1.31017692149
1.76059717089
0.410766075001
0.166512067833
1.08882525282
2.48085511572
1.15946623489
2.42987829027
0.726002807445
0.582984474746
0.958742260531
2.27515684571
0.20446573825
2.36323954908
2.51357657663
1.89726110562
0.933831909411
2.43015713209
0.126894184438
2.13802441337
0.530732101435
1.26867806179
2.14216255697
2.76937652964
0.232050297916
1.48508696978
2.0880489168
2.75682069352
0.800926343448
0.0045469593422
1.51194531698
2.66571427163
0.197801794226
2.65096959395
2.43891921233
0.302173801433
1.83946647288
0.124309141123
0.956704747131
2.75914332377
0.414657425561
0.526042870747
0.63334508741
0.441952256751
2.83479458796
2.65392421158
2.27832016932
0.553283586913
0.280160945927
0.0974590535771
1.40325843542
1.94782396771
2.59592688751
0.0949062161432
0.427019852834
1.36499705246
1.59840359099
0.082497272759
1.40640383389
2.2828342181
1.48257304877
1.43497442452
1.39127319836
0.989737787059
0.273448526075
0.81768156305
2.08228932586
0.275077724857
0.717153778022
2.07250180692
2.19145197165
1.16197938969
2.38813075521
0.618395244165
0.166816504376
2.18115155015
0.0874153864599
0.0865928715474
1.24544188534
1.85389832775
2.13622066224
2.61978395932
1.94958704749
0.103241911382
3.05197091896
1.36469064957
1.17353562661
1.88183613363
3.07811658622
2.13075212896
1.5145463996
0.723627831671
2.53179669685
1.92599018996
0.722630879536
0.472024726974
2.49655337659
0.383553427949
1.74211102271
1.45408549633
0.628006854106
1.45676727167
0.161479843813
2.96001707283
2.6276745166
2.6597538167
1.81635218008
0.398078687895
2.55775953634
1.67577707901
1.71363635145
2.18454245885
0.0483217275181
0.852726560513
1.13385415147
2.07797698591
2.24674583459
2.89258964805
1.10730617232
1.29123158944
1.37382465392
1.08060719115
2.82585886163
3.04055026358
2.33440055386
2.87056533852
2.06623992863
0.334977817201
1.75396823222
0.1039715122
3.08864991747
2.90372353402
0.618629416706
0.608953678495
2.8984553903
1.766780196
3.12756032666
2.46075076769
0.918626782359
2.31717402412
3.12346396246
3.00799045946
2.84087248009
2.08396963377
2.61832268349
1.49179456835
0.236008903755
1.94742270017
1.54957823704
1.3162003306
0.106211008898
0.362616247187
1.31055753504
3.0731214217
2.2250223497
2.00701245583
2.01030442696
2.11151202209
1.08231073604
0.33410300351
0.581503170012
2.82875532308
0.116286873747
2.26364115702
1.0991803486
3.00154774402
3.12969006502
2.08211406642
2.24716994858
2.90278028032
0.403043557521
0.279107926634
0.494638277098
0.465845481392
0.858583171487
0.19195085566
0.144903305581
2.13537447826
1.23132154371
1.8177102448
0.518347166413
1.99482631977
2.02192389052
2.82258656363
1.92876779433
1.14090042285
1.79079007537
0.0300951099036
0.114261559312
0.590238913983
2.92236017434
2.7512620823
0.696106368344
1.97450214548
2.92524150905
0.536710281502
0.0351176747902
1.37194268515
1.42255245861
1.68609305819
2.99364504166
0.738070737725
0.522773389051
1.21734430017
2.50496807296
1.04638377886
0.664837736269
0.443000215406
2.32654522214
0.280757434195
1.8672235619
0.321560963919
1.80517868145
1.71403241993
0.0282091613844
2.0250854567
0.729750378055
2.8223390268
1.89788967931
0.923995357117
1.88186022343
2.74715291362
2.15523844771
0.73980861179
0.118104464758
2.09256552118
2.25140122828
0.514372705975
1.92095925089
1.54118977207
1.13610122732
0.805330321903
1.39580843404
1.70244934963
2.20003760423
2.91514648268
2.88497965178
0.141035046572
0.758539939069
1.56856645454
0.0516061951777
0.152409844032
2.94073416218
0.0407552178812
1.98728948851
1.84495044092
2.51425813948
0.951796011721
1.02105809999
0.0836451790973
2.63411091622
1.45211160716
0.760382137275
1.23373506939
1.82514026197
0.872227477839
1.90449563207
1.42462855996
0.0290380451481
2.33601199133
2.41966813405
0.807340388045
1.89584472631
0.482373778756
0.440822464214
1.84586375983
1.2594063717
0.443525822709
1.4786454874
2.9318498912
2.28363865319
0.0994404805452
0.786949602965
2.27364106185
0.42942234258
0.342024056791
1.28293197764
0.192886692988
1.74165897764
1.23439977142
1.47287478903
2.5153273393
0.952243940624
2.06445196362
0.351625083754
1.43989629474
0.0835912626793
1.02415990135
0.278298010991
0.26745761022
2.51513503286
2.00119905636
3.08375141994
1.30811935402
0.753265464509
2.4341439737
2.17263838589
0.508422631356
0.737357533966
2.49957025358
1.33520762482
2.22719186631
2.83499304061
2.46039894888
1.22760408878
2.08166741095
2.21820744421
0.868684787613
2.91697381445
0.850373482231
2.41261120754
3.00470417746
1.05210302737
1.86208589905
1.1421908207
2.47270153856
2.8489765513
1.90549826057
1.03366460173
2.09870807865
3.04803817494
2.07623870766
1.26909359431
2.24063771343
0.202887446628
0.708495376764
1.75727549153
1.23980068406
0.860211971441
0.852771989086
0.262350131921
1.95358361862
0.64119089905
1.94378701897
0.119973467605
1.43909698903
0.114511290183
2.06640877595
0.726023921333
2.18091739615
1.11304134265
1.79312066624
2.68940770078
0.464322734099
2.7471359506
2.49878369469
2.28906945542
0.875057142155
1.99343108147
1.07202345533
0.525516242144
0.393939312289
3.07482901628
1.05808457186
0.595005709324
2.40852710223
1.30904391774
2.48094105289
1.47835747657
0.232013391199
2.58936206849
2.60066962
2.72145325717
3.00474962539
2.99749435578
0.114085098012
1.41484356184
2.76892940825
2.36990379901
2.240230965
2.59076583198
2.01178090644
0.457152097519
0.169457162208
1.59977562861
2.33818883556
1.25330518255
0.634875073687
1.00757771088
0.114199603721
3.11216803578
0.407903382658
0.364090610087
0.579988083887
0.335390862166
2.91966011921
3.09349278932
1.76128264202
1.30724893039
2.2151734941
1.09784355043
2.54381674652
2.44461304979
1.19827388448
0.037421548683
1.20991051877
2.42052177013
1.79119727163
0.388552306272
2.27562384558
0.488777999173
1.31122610541
2.10042391395
2.53300929963
0.0778139030087
1.055346784
0.987909203907
2.59116904248
3.0437149174
3.12064638813
2.02812969217
1.85935118759
0.401965198863
2.42422975176
2.23534542765
0.354983011199
1.63981320276
2.12301521426
2.2790151013
2.52661341114
0.213632254358
1.3882190923
0.139954484736
2.39605450787
2.78166177851
2.30005504387
2.4390655633
2.45357157022
0.887996990083
1.79919289476
2.09907868055
2.79240832967
0.249315192179
3.04762265547
1.0511045122
0.896413624216
0.635858267018
1.78431940205
2.02591884367
0.63715311628
0.721080802694
2.07702049716
0.525041941749
0.854038146216
1.80458604596
1.12895283326
2.41816633754
2.11035003195
2.29391108502
2.60000276911
3.11090858968
1.95067675424
3.10516808604
1.04749664558
2.88090726447
0.719669412052
0.73637641557
0.897170872257
1.38721239524
1.10617914271
1.74655907765
1.49435613558
0.833100761123
1.03380319316
2.18646558754
0.708583918922
0.670081434143
1.81931394504
1.09832634313
1.66339497304
1.23358126425
2.01283283156
1.7130582839
2.75511320068
2.30209129334
2.62561713995
0.905580529552
0.184209081179
2.55166869532
2.80952003753
0.0655768350051
0.710709807128
0.0397839756575
0.983895271888
2.0524092337
1.68760690349
3.11435936648
0.161316175103
0.67578868277
1.85104238149
0.228324545342
1.42079891608
1.17350737471
1.89426504022
2.74863612332
0.973305581321
1.94188207639
3.01534770778
0.355704728936
2.73437956161
0.853030455635
1.61633968007
1.55032421836
0.00983288247412
1.49144418101
2.45003825808
0.467560566647
0.662129568773
1.88488029972
2.91696882622
0.49339100273
2.3403189792
2.03114247061
2.67840930881
1.48771874264
1.80713046773
0.62172083971
0.00311335513408
1.52890437003
1.9080222381
2.81666158172
1.52792206713
2.52643364482
2.47682273057
2.35096740292
1.0047102508
2.5396702389
2.47563707794
2.14910424592
1.70346720076
1.61714801924
0.0688787510154
1.82551275619
1.77257999551
0.682099448511
2.39543942902
2.99386146449
0.113454474336
0.887245360561
1.61472265509
0.341110671953
3.07547476683
1.10466017223
2.47473429961
3.12812978256
1.32332600518
2.06267990508
2.58095944799
1.38314952176
1.29673170217
1.31709305814
1.87748955268
2.84519925766
0.0143854269379
1.47298117721
0.861199825164
2.81820256535
0.542838201869
2.75488649061
2.56547074104
2.37919316476
1.2494729266
1.68778650065
1.8970139905
0.534327084255
2.53506435593
0.711468882273
0.172543349489
0.304767065125
1.89806207202
2.51050026314
1.79493018368
2.28773356707
1.80071788706
2.53306646494
1.95875082769
1.17968586497
0.571022908739
2.31826991996
1.89779754375
1.960144246
2.38013561358
0.980763710735
0.334441557821
2.93951405217
3.09458763053
2.55194601982
2.38177179565
2.22120484073
2.31939622408
0.29828417467
2.51367200066
2.17614171678
1.47512017098
2.50221047784
2.73117489188
2.75470225222
0.241657109248
1.83778228518
1.00601744753
3.09524167305
0.968018275177
1.40052139617
0.0114287309537
2.89515386134
2.04606456516
1.96972791748
2.00757734728
2.18111918548
2.69723379353
1.02161697509
2.89665683754
0.392831606093
1.92281485053
0.118250608683
0.42512070564
2.98690664141
2.14895215001
0.0565334707366
3.0149882981
0.79703356183
0.175469653532
0.228065066819
1.20591524089
1.22468044537
1.52593705317
2.26820915287
0.902366813351
0.938980700929
0.309290046419
1.60300924299
2.86960086685
1.05584140509
2.31898802813
2.98830926281
2.20879292958
1.6228479957
0.144859628328
0.72223186267
1.8439079384
2.57760130162
0.784657473391
1.38883281635
3.12162212283
2.76383167035
2.53007721438
0.0773960983274
2.33231431998
2.08906998168
2.54853889807
1.51597991061
0.702057291619
2.65888285465
0.796292508393
1.26133107893
1.64448471417
2.83737064433
1.01111573683
2.54984723725
2.8345996616
1.5517736717
0.630932276793
1.78411301576
1.83858886612
1.23540785325
1.37550312958
1.86572434079
1.51965420204
2.85133979136
1.75928618346
1.7566051805
1.072820152
0.743723028102
0.172948099059
3.08390710717
1.41694032951
0.617814379951
0.331719742543
0.236352352816
1.07634696082
2.31924672101
1.18670311469
2.98416009047
0.378088945153
2.91785299791
0.964060726058
1.51339252932
1.60817810876
2.36768917487
2.61992819841
2.54599662238
0.978253066763
1.88027011369
0.45732976205
2.80103652276
0.843949467616
2.40967018763
2.73122562906
2.08615091611
0.771916525433
3.04228129473
2.89896141326
1.02379883534
2.94107237762
0.0777228035447
2.64310007637
1.75478110158
0.217063812224
1.82041002505
2.36378416089
1.61056574082
0.285047203021
0.201635188671
0.162407017828
2.88766296349
1.21010987701
1.84964211751
0.984597432547
2.60649685341
1.53736998692
1.15419531833
0.848777450322
1.73488615642
2.52032474264
1.62702849438
1.94628287305
2.43086738492
0.910060167372
2.89787498252
2.39387818517
1.57658721923
0.115346369403
1.00037720038
1.01134442389
0.925655102143
2.963906093
2.1500200713
1.4572980445
2.81366922849
1.6782060478
0.62488643205
2.17694451358
2.45557674599
3.12013552441
0.0600711967232
2.19359582551
1.76507010486
2.66626307965
1.65945943579
0.868927662409
1.63048971225
0.88902555544
2.73663525988
1.1349156682
1.36163359572
2.59472886908
1.23545405987
1.55597694351
1.6742784214
2.10173231795
1.59908282586
0.407550759235
2.60433601508
1.22440712581
2.96442537781
2.43760715222
0.577460475173
1.75807150509
1.19843417688
0.730635066012
2.01587900469
0.529051659886
0.732834483212
2.89031728681
2.90512027053
1.60618022885
0.586361582229
2.94346869054
1.82622624908
0.773138401238
2.25773838441
1.49129560409
2.40636621576
2.30884411988
1.22325021869
0.777402887743
1.01015578418
1.58286153984
1.5486420393
0.684349036312
1.49870385763
2.79509204878
0.447231960689
1.74231835203
0.569656908864
1.5485897384
2.57796117377
1.87312116423
1.66533331032
1.20547274391
2.11425734042
2.09249618134
0.370982377739
0.260972463823
0.868459586976
0.0689085450647
2.63750740747
0.31204770116
2.76113009993
2.83590837773
1.99810917399
1.35632459608
0.138817088616
2.29248837801
3.01462276674
0.654337678102
1.43259494226
0.829686060493
2.87375018666
1.78667858228
2.45847063958
0.175885887541
0.541218502771
1.92539051473
3.00621389206
2.64505568332
0.299669331067
0.0564772011978
2.23689399785
0.238015213236
1.89718273767
0.53418258615
2.72954108929
1.27744992445
2.78006625011
2.52787050676
1.16996506008
0.282286814264
1.28763605705
0.539454831241
0.0466461787346
2.29787191084
2.04494543863
1.45991722917
0.653484557579
2.42967117223
1.57451317298
2.96708779876
1.5944868291
2.25605966404
3.05434429907
2.59041429369
1.96671247351
1.39600715233
2.81105865913
0.36461175007
0.0856257108947
0.169721109637
0.184687864127
0.166600984213
2.25697248954
2.73624235569
1.26275067658
1.6790054696
1.7445089084
1.85123079573
2.15986170084
1.13376753189
0.873347236591
1.40883995647
1.13130969091
1.63975349955
2.50617800263
1.62625413714
0.365451122527
1.17376489229
2.32835819922
1.789678478
2.49139210851
2.18018905314
0.633872775781
3.13456460784
0.0838047424731
1.68041886448
0.978619119387
1.62386186114
1.62015502157
0.848499991479
1.76413598435
1.32854526035
0.271276624209
2.77060277569
2.79849227926
0.976967026863
1.86691847872
0.430206757172
0.894686694717
2.13721219706
0.0504068452096
1.561683498
2.44024415398
0.621359960768
1.20702451864
2.94537972007
1.56062194752
1.62360597366
0.549964835926
3.03919145028
2.84879463478
0.43218311354
0.910590343285
0.221656582933
2.8287024121
2.01873942741
1.73789747191
3.09529847163
1.09375843182
2.31396421409
0.0830090103027
0.990475768403
0.871590438372
1.17409514946
1.2154615443
1.41861541847
2.68090217229
1.56211903989
0.324975171687
1.44479011083
0.0693436943874
0.243857288713
3.08512619604
0.637112920781
3.04058796131
2.08434321656
1.76883406844
0.23038433913
0.463357804141
0.773760266663
0.161303314879
2.18598294478
2.49044520366
2.23089666506
1.5869908266
0.385396060071
1.32627954612
1.50067847247
0.713501651907
2.34325501626
3.03111785571
1.48256096339
1.79570586055
2.10942014474
1.70661637558
0.712025047613
1.09413997829
1.66315736372
2.23812038159
0.914519878331
1.16935088528
0.968431269384
1.13005153201
2.41588642001
0.381960400412
0.071766351125
1.61577704097
1.39122773039
2.93569541577
1.53360351577
0.834378482313
1.99028870246
1.52503841241
2.94659528584
0.43142232131
2.96927851822
2.18148885081
2.20898308848
0.600682621102
0.887083466607
1.55181458236
2.40570412615
1.48910061294
0.0995140298829
2.18452599092
0.796036751272
2.34914534872
0.217280774548
1.74201453888
0.83916528279
0.687371811593
1.67125398465
1.52000473262
2.5831179962
