1.27133486092
1.51885988086
1.60085922347
1.9561572889
2.60229560375
0.378241998312
1.17877062785
0.599783749575
0.879651889643
2.50235916279
2.502728861
1.22965682259
0.146927564346
0.440192772552
1.47982517246
0.601061401733
1.68391202108
1.9391389964
2.40828790135
1.27905961386
1.79980893655
0.386829437955
2.74095146881
0.461779272154
0.683081800661
0.670078574769
2.76885087234
2.93253979348
1.83088478665
1.76746773999
1.10019557282
0.101070965586
1.12423060252
0.554791747303
1.04417053207
0.0848117446039
2.48642254323
2.91611922141
1.0246934687
1.48453071254
1.94549535866
0.0650494150388
0.89441471562
3.06732155038
2.76706773487
2.03254445338
1.36663753808
1.5138706132
2.64671392484
3.13210763444
1.5319094421
2.83370948822
2.76029727776
2.93192299071
1.42967823483
1.3775171033
1.71958228043
2.46067718977
2.64387337097
2.95018332755
0.26955304081
2.68692908317
0.601740092525
0.301838132601
2.77095941726
2.01012028483
1.20729991467
2.50993531508
0.22818143439
2.62329433539
2.87792479017
3.00775466498
0.579639016026
2.86554218845
0.899275472531
1.47039291107
2.35212961897
0.988348492956
0.901457140623
0.648932431533
1.66552916416
0.391690621193
2.61090105914
1.63163362047
0.669046692319
1.18500046755
2.07975831865
1.10015211339
2.86338958906
2.62356751831
2.54353571448
0.819003002584
1.60142211658
1.63826642878
0.649169952247
1.07422971132
1.51824326594
0.452934443558
0.0816984475024
1.87724881742
0.526729668427
2.94793745495
0.377304089894
1.99534627638
2.31452358057
3.00402178367
2.39308549765
0.80585697762
2.67953243247
1.7595225323
1.95222364382
1.48872978298
2.33028453361
2.40774007626
3.07649899951
0.16186168905
1.86184972411
2.45302595041
2.41169622765
2.11974298024
2.18543660121
0.308600327805
1.54391746163
2.80504522583
0.751386703453
0.846742701145
2.39294592692
3.08317888441
2.87161727562
0.203806326424
1.29226535841
2.31350045975
1.78661118614
3.12796010081
1.55194398823
2.60890058087
1.98769553853
2.87895896718
2.83326881863
2.65257128814
1.4771688982
1.28319609906
2.30735553424
1.94758123924
2.14225220694
1.33415059689
2.51660169026
2.66644504804
0.185865096531
1.41134125477
2.7520374466
2.40358996079
1.8215017612
2.86044482453
3.00620809347
2.40535181183
2.75694174645
0.472618822275
0.521630915412
2.43375920478
2.06079936739
0.411751413519
3.11201205387
2.57333516781
1.40136932098
2.25368665334
2.30368422216
0.0203863577178
1.70904616676
2.61740381858
0.0213447977121
1.06457305511
2.30690947259
2.14622227815
1.26772329634
1.04733815342
0.117973296327
0.408258943023
2.59990703408
2.754710386
2.83688722016
0.474275960074
2.38349484154
2.62262321312
2.56316293062
0.669773922218
1.57140646755
2.53324542316
1.09564625484
2.11969388026
1.53826188468
0.729818202451
1.92870439079
1.00901174822
0.208407965517
2.21484253379
1.81366361335
1.78502555492
2.48707365593
2.95036478721
1.60808840938
1.61838684003
0.109479998862
0.785352685209
1.8259384771
2.291863706
0.225947092036
2.20681066217
0.724799439316
2.96437168968
0.371354180314
2.88746981998
2.7871612033
3.02784013998
0.414652014196
2.8138786308
1.95690430786
1.56149357842
1.56483545917
2.20031059332
1.83114625822
0.717665391085
2.26284257231
2.5762621461
2.56217329529
0.919207493151
0.940729359514
3.11660780214
0.0517917462793
2.47855374897
0.325640837976
0.168025347502
0.465979442696
0.497110400333
0.971748135118
0.990529293159
2.64907616661
2.16002665549
2.35908425705
0.940322312461
1.88785884434
0.422302942585
1.52479670019
3.05584990401
2.97486560559
2.02548972463
2.22974747789
3.12519974172
2.81112527967
2.37360215987
2.09648360427
2.81884645383
2.29747692135
2.87102530369
2.91373613574
2.52725323021
2.87829946347
2.30844923931
2.26399143734
1.00801290436
1.13201482002
1.82839963235
1.89186250807
1.12644977261
0.846767257447
2.57171701731
1.22999643261
3.07736020408
1.34017363734
2.41913703324
2.51158050363
0.67177143063
2.58631719951
2.85711732078
2.54699527028
1.91493467389
1.23929292686
1.86425008647
1.73348277502
2.78335195831
2.46833917952
2.44453616289
1.88747905478
2.7495240035
2.74972514406
2.77005323632
0.64327029822
1.24492136849
0.79230980652
2.16103966128
2.35584930302
0.645605201116
2.45926665314
2.70000599475
2.9877951146
2.23523145847
0.857663173358
0.55299218132
2.59494381753
2.50864720565
1.50740235919
0.758733807668
1.19771772084
2.70506575085
1.82380890586
1.52704506922
0.139223717127
0.355887215057
2.52478102759
2.50418529221
1.19540508529
1.52030275094
2.53898451187
2.20599353418
1.01117355277
2.75835425731
2.97585602756
0.730393793184
0.611024148809
2.22493646356
0.241474117656
1.27790935819
1.88369125901
0.406580499632
1.18102599562
1.75847158266
0.788269246693
2.78894115776
2.83025342792
1.78596666713
2.75659055754
3.11898393121
1.07689729238
2.58628319898
0.634751641809
1.85477730149
2.77071757023
1.75128125878
2.37691773927
1.18118398145
1.91014588604
0.043918849534
2.97614912368
1.62815252279
3.01989058575
1.3979401918
3.12475923975
2.77595998909
1.31165652895
2.57877710072
2.66182504803
0.998683801643
2.63983370918
3.03832308072
2.08027784378
3.10369986329
2.87511558673
2.85223788684
2.92107864887
0.240359400107
0.14432522954
0.963811996536
1.32621344524
3.00949266294
0.719560458134
0.130895582326
1.17118867599
1.78381188129
1.45661666866
0.189518711982
1.89247758015
1.81154596975
3.09062506976
3.07937483341
1.98145381425
3.07066109498
2.87922469428
2.04527894936
0.391670183336
1.68607668403
1.21708905915
1.22645009387
0.691355589453
1.69608104398
0.529546732278
0.0876804073427
0.637717441239
1.39681080191
2.66223944622
2.89146270851
0.264988329573
0.15951627702
2.12488498691
2.49988573203
1.70142799161
2.73682125695
2.57667301483
1.75602027759
1.58082864169
0.771639027441
2.77260918394
2.87157768162
2.99507136602
2.05532223518
3.0412419919
2.30222298706
3.05989105222
2.19101231931
2.75429013507
0.36624599024
2.49974018535
1.42557038472
2.67027312351
2.32891199512
1.85356787745
2.60998910755
1.21533669462
0.956531138078
1.79180290079
1.32139853413
2.06628374313
2.81348218516
0.442057743022
2.6389639836
0.664950232581
0.770304037727
1.90365231712
0.513970056235
3.0602156487
2.34445440415
1.74753285696
1.88183048071
1.60268940531
1.13594753663
3.02822973886
2.80522541755
2.10797017375
0.451733846409
1.57144430062
2.01962176039
2.28245750164
2.37137149211
1.34565452436
1.08890320405
0.0489919219933
2.15230063295
2.75323567183
1.1238691147
2.45239332743
1.40376664236
1.6844712867
2.9728206579
2.27335328876
0.782719756692
2.12775911883
2.76453284192
1.25977709957
3.0142876774
2.9484121911
3.12339012047
0.546496920593
2.56927098827
2.09568188909
1.73347565955
2.42381117115
0.957259925874
1.22994872127
1.8895907473
0.169549104362
2.91808734109
0.452747676622
0.0770781086795
0.954748536376
2.63583359947
0.617182479491
1.68826976533
1.9104776568
3.09046486513
0.708413472744
0.223129305439
1.09859102484
1.81334368418
0.957187293677
0.488949146893
2.81061221381
2.95383305935
2.07805455533
2.63352362365
2.28859975516
2.86487504144
0.862274671535
2.27589303324
1.59674187335
0.725685500969
2.49990205472
1.51492308259
2.63788279243
2.89244013214
2.70819002796
0.628018561998
3.09764712634
0.264397003491
1.10216307979
0.458758768336
2.0274496253
0.496979618309
1.92529062797
1.86605542052
1.20773959695
2.79674149452
1.75523675569
0.945767255407
2.96122723876
1.75805219401
2.23005399773
2.32812014765
3.08431552747
3.05451024396
3.05559561704
0.422605298333
0.0783852157562
1.84363896178
2.49612146964
1.12281433149
0.193086531042
1.74163302659
2.09831550598
0.0338422022736
2.649720146
2.24214751596
2.29462673177
0.447858946251
0.37925820557
2.87953941919
0.200387118012
2.32776908217
2.63065892917
2.67327252622
2.86567159271
2.73832821467
1.31760993853
0.640815479514
1.78787609028
1.72545230736
1.58250806601
2.11080388176
1.96954177741
1.74518518898
2.85554220608
0.734949016617
3.01839048913
2.98291470376
1.18996930719
1.91928978178
2.75031415755
0.321409780372
2.94966664638
1.93430848966
2.81822863417
2.27380164057
2.19441486113
2.88570931317
1.71812860542
0.932417757472
0.652239236173
2.8455745325
1.72916876897
2.87419839125
1.96562806145
2.83989659693
1.94053062259
3.01050515937
0.703611485735
0.494896701341
2.37761316823
1.43323190535
1.63275215794
1.84771550604
0.525999313221
2.29504550197
0.30427297567
2.05252883063
2.98347718988
2.30497585887
1.92866531059
0.983484191502
1.78659058511
2.70420650638
2.99890532181
0.731931043594
1.07623166345
0.732263559466
1.7474922378
1.95033738263
0.355439994933
1.5488302963
3.13498577097
2.99768080794
2.02761308854
2.68959796672
2.76097545705
2.37576886958
2.83206991255
2.42208267935
2.02598944539
2.02046250512
2.56635310379
1.03814002101
2.51890412825
0.98099023565
0.376770679236
2.39844382805
1.93902523755
1.40043868345
1.52916389186
1.5111503628
3.09223265021
0.550805956605
1.17436556436
0.410151931543
1.7164203283
2.79562758612
3.06129449765
2.85594936949
2.16043268768
2.62425489343
2.78902367402
2.01268229707
1.94049533917
1.59050658391
2.02341147188
1.19330255421
0.955554062661
2.55371961741
1.61984753315
1.52419972689
2.03939453781
1.81920051695
2.67764670055
0.10988661066
2.34374865282
2.97901476162
0.0603935205038
2.48014501409
2.95167473079
2.35775164674
2.60389918789
1.10706256792
2.69684680422
1.2097674753
0.651454610979
2.84844725814
1.88191415635
0.297203408266
2.99156604443
2.00959373031
2.47052744155
2.71398690477
0.8525359228
2.82201660126
1.10816064215
0.0160600064277
0.259051202908
2.02704812053
0.937631323169
2.23602257203
2.44535487793
1.43210103204
2.49994571341
2.62033534302
1.34302028129
1.75490189117
1.46395507873
2.02980978584
2.69940294138
2.35719083836
1.78409539915
0.582363515284
1.91971122641
2.82510800526
2.69107016114
2.10295652684
1.6272741785
2.05190281954
2.85816804253
2.23345754579
0.87688754199
2.21285332386
2.09868075466
2.15295160549
3.11620494444
0.308371772887
2.36037771887
0.530928178742
0.83136234701
1.27746971055
0.36716648126
1.39701932717
2.71421981548
1.41544252912
1.53153809939
1.56766360927
1.71629840101
2.01079449357
2.65459037126
1.34794861941
1.4679088374
1.57061627751
2.65399047065
1.81629969285
2.86588949575
2.63149598458
1.89295338144
2.76764650311
1.61596781772
2.38947729102
1.84768052945
2.65077173115
1.29062850982
2.64107711398
1.49289057047
2.72727766769
2.47818676784
0.855890007692
2.44422319853
0.124981041393
2.6608077545
0.331103306416
2.68843751869
1.4235436089
2.03261152506
0.806014762768
0.575444292264
1.44695100469
1.42679491762
1.23324719535
0.382248473005
3.07278186809
2.44477312107
3.00868378748
2.48625932983
1.61462934285
1.68937188473
2.62562748189
2.08236325547
1.72502572703
2.74061410775
2.81856142466
0.981623686091
2.40679483853
2.46884920981
0.575144442111
2.20298721784
1.70101106475
0.977759567694
2.5934562209
2.86393284985
2.12976088898
2.45693296868
2.39155449976
2.82516514072
0.0622142831542
2.31968982385
1.85538074472
0.740496846122
2.63999436727
0.386972202514
2.0579076885
2.54688013908
2.27910058233
0.522020324292
3.14135759393
0.191686423331
2.29494597593
3.05009792643
1.85986432783
2.0317753363
2.30008047101
2.03516729999
2.11527535018
2.20864270856
0.249173694209
0.0383903495882
1.23953468956
2.03853004869
1.97811154656
1.75744096617
3.0691075693
2.17971876489
2.41606130673
1.59240585413
3.0748186602
1.15855808567
0.453719798357
0.520718206747
2.09386673752
2.63048199805
2.81932051122
2.49362820055
0.87907444966
2.17270476716
0.0794587825813
0.880924732459
1.44732623175
2.42839908063
2.37841817608
1.21331170385
1.01480726109
0.0819688751093
2.29273779322
1.76489455535
1.46712648314
0.278236185012
0.255083742261
1.58596664627
2.58619254113
1.06606544613
1.96702579827
0.0631972814771
1.51693601399
3.08479921847
1.06913240135
1.35790152311
2.86701546833
2.72856516873
1.46484686941
0.983980338324
2.72276177699
1.78701625934
0.942071189852
1.61186395707
0.74901152238
0.218649080302
1.40007891023
2.57895290352
3.02007789768
2.24870146652
1.30523183388
0.444463584517
0.507957952469
1.31905387293
0.28437913042
1.50541436276
0.56987602135
0.69771652313
0.864372577618
3.06811018613
1.17760127141
3.11340021142
2.7683644915
2.27605079945
1.68393791554
2.98256473673
2.52894777979
2.87806419661
0.700371755584
2.92458381729
2.36683739094
2.57588399686
0.924763278485
1.31013081127
1.92247943794
1.69930923812
2.34215195899
2.61358705939
2.89170542426
0.387668720236
2.83640898051
1.52246385262
1.25904453448
2.4127108763
2.2331107342
2.30772317174
2.55927376748
2.44803698178
1.23768611462
0.57055155817
1.60494790521
2.37633880582
0.42316238305
1.30617362102
2.92272935674
2.84875174138
2.36591312815
0.558512177184
2.60954897223
2.88656994623
0.590841558723
0.673885333528
1.55013950509
1.27810767708
2.0759320821
1.96521358352
2.08497529522
2.73930307277
0.377897532603
3.1401667898
2.057526398
0.699640499241
2.44252989073
0.363409332121
2.23183426601
1.45146009206
1.32284266797
1.80097040543
0.517803681133
0.131095272816
1.99789478225
2.21997954941
1.40612789751
2.47395951437
0.975167668499
1.87547796453
0.502281402759
2.74067913845
1.07760782624
0.299874001571
2.66438962044
2.81613524545
2.45316002509
2.2621212974
2.15457580502
1.20447587742
2.12727009277
3.092298559
1.93735234137
0.581815046349
2.31329581891
2.11111463483
2.73346211198
2.74461262437
2.52852619641
2.38424150081
1.38806269263
0.468931478564
1.11134097827
1.19521431552
3.08186018227
2.91808476981
0.644230319339
3.08051694596
0.281940058047
0.0274672248596
0.369781534753
0.976142269445
0.572814188856
0.143789491341
0.684300798289
2.56064838237
1.12863920629
2.38170294103
0.129836838076
2.53982846512
2.61521157388
0.342573423518
2.0436838156
1.23659855478
1.34256063456
1.28263743362
2.76396149449
1.38432359566
2.8174584504
0.105207231226
2.62751718883
1.60358797779
0.110175779914
2.18697439317
1.62763528905
3.05371154221
2.27074400938
2.42481205104
0.369271218277
1.84290236118
1.83150944019
2.8008996272
3.01743454869
1.58491257097
1.95012573295
0.997813905046
1.90189061943
2.54644972936
1.27806610032
2.12851753211
1.15102167362
0.70421042182
0.894701504534
2.07231170346
1.93988224057
0.515803011251
2.86911118403
1.48634079159
1.85556480436
1.86583904842
1.55590720467
1.74946711284
1.80331266313
2.22958425851
1.87677925903
2.08727093216
2.81105414886
2.16046171486
0.637744945306
0.615473790914
3.04543001224
0.394844833172
2.6003522235
1.93044458564
2.94761827017
2.62083339191
1.42568546615
0.311017911956
2.91591258884
1.38001580266
3.10622882317
1.36655205428
1.88386235438
2.84931973306
2.89305589656
1.4969348724
2.9127842603
0.554891186231
2.36101274918
1.25594102172
2.82670525769
1.02035710132
0.144889445703
2.52590065473
0.882894669672
0.142790582106
2.50104492243
1.38994831522
1.92741725244
2.73025908565
2.72645643161
1.92419410839
0.684693785728
0.521302518906
0.469649435572
1.52412244377
0.196570669289
1.66763661437
2.12577391896
2.22526356866
2.75612951909
1.0014501244
0.805893717529
1.15390010293
0.296901328031
2.5095494036
1.87080364524
3.07693180166
0.538009219358
1.15707379152
0.0425436076218
2.3741013952
1.72369059207
0.971533897465
0.898519662456
0.316610462973
2.98410902418
0.201611784798
0.455472120146
2.98256971371
0.560682836745
2.65401820078
2.20346661292
2.36335173903
1.64591475292
3.0755987547
2.49157368089
0.668960414358
0.117787347653
1.32886146513
2.56691747913
1.58179159673
1.85036694223
1.0590353491
2.26365321677
2.5233815209
0.467534519977
2.55634282284
2.08662699443
2.08892414757
1.41935074967
0.73920343421
0.314264348225
1.54609850835
2.87955471549
2.28675055968
0.5952332287
0.291637877225
2.8749509413
1.59995910524
0.718992470537
0.708308226695
2.91275410008
0.940296885108
3.10851186441
2.30517464727
0.0651845660458
2.06905562881
2.31168649829
3.05936987821
2.39121848344
1.57172450334
2.45133904113
2.24141451691
2.90774368576
2.83058237814
0.118746065324
1.84317844204
2.42182693659
1.61724238628
0.297185930293
0.254646813214
1.5085748702
1.19782110377
0.94892513707
1.64696715293
0.787130046265
2.67740282393
1.12454521495
1.97887175272
1.76075927771
1.35457561959
1.39596307843
0.749648183806
1.23237768142
1.09381401242
2.75064638492
2.36458825241
0.37839705319
0.630339106541
0.667885083809
1.96631265971
1.77700589881
0.378748782869
0.151607192753
0.991488554461
1.38861807203
1.43716028816
0.480281242677
0.379578848409
0.77484340037
2.94110378585
2.65429339701
0.557911817242
2.06939722927
1.58951886302
0.778604544318
2.95270830894
2.89805919159
3.11517298091
2.48751233114
1.80728438425
0.716163238422
0.119644774559
2.06470140166
1.58298016826
0.772432935477
0.449477728353
0.50583339965
2.88396705309
0.827876155376
0.212317403906
2.54419151325
1.61379760678
1.27834909366
2.73349081912
0.240860839986
0.0500811637608
2.02896234645
1.97047354068
2.12138238663
2.62639441224
1.99135946502
1.41086918005
0.81663231188
3.08365438894
3.08464805873
1.4593567967
0.518213387969
2.30064409471
0.845278393566
2.05076815959
0.588825656915
2.60829551705
3.04089074142
1.9643736377
2.50662406464
1.49936980361
2.95935299116
0.705577375174
1.48335157684
0.358965296662
2.15300880689
2.9038204156
0.636809602075
1.82801707189
0.777916874116
2.1368412076
0.214528623771
2.57202658372
3.09450218237
1.98167576417
2.33048044265
2.53562966254
2.57740883874
0.130770631231
2.88825732079
3.09990132217
2.96987771313
2.02578458013
2.23507607048
1.80091857669
3.01334695767
1.22141415563
0.454013207369
2.9599889946
0.997579566691
1.05187080206
0.525122217024
2.41569560859
1.08682805769
2.90288588548
1.73817118509
2.60408413614
2.32117476912
2.58870397626
2.75641799487
3.08081339134
2.97063857316
1.61612181098
1.50493497851
2.43273917857
1.94605703288
0.193952430098
0.145466418312
2.01206988768
2.95443418895
1.9436927969
2.69993186172
2.35806241587
0.0620819806055
2.83963509354
2.10255036089
0.827991403935
0.609590714081
1.20502531934
1.68927684935
2.004334951
0.365674449938
1.17884810925
2.77186929465
1.31911629189
0.809986965748
1.56817778955
1.33224959394
0.164109935711
2.86254484692
0.664506237101
2.17624920325
2.72373562037
0.0948820991125
0.616034196611
2.67963092194
3.09946333547
0.302917091104
2.41062999549
2.03517518014
2.71717262462
1.33099745231
0.979524967113
0.159238859993
3.11255313061
1.59756787387
0.298830802278
2.45614018251
2.45389360713
0.470019317483
2.59628370587
3.13291185914
1.81083860366
3.07552835699
0.275015945961
1.01716507748
3.00242409223
0.247771409036
1.89897032687
0.961493627871
0.305182864863
2.66772159933
1.76394600445
2.4721081557
2.12160514212
1.50443334776
3.10350131259
0.779576271661
2.91349062863
2.07538150736
0.625981936835
1.33566518294
1.8129054179
3.1017340159
0.0839152441412
1.33047492914
2.37325686309
2.15861600662
1.6957726178
2.69819246952
1.62053352347
0.934386146027
1.58299488437
1.12691928601
1.88337384782
2.31352378812
0.429369961808
1.4578605127
0.56165322699
2.9848889731
2.28096443955
2.94009636957
1.51901987416
2.69198336325
1.94164655717
1.86960466775
2.36738090812
0.766505217952
2.41468820724
3.06436307522
1.64182381564
2.83981872954
2.88752755545
0.586887490965
1.18178019811
1.71944537592
2.16314604597
2.87861060636
0.57867442794
3.10856326527
2.72014857468
2.64300441234
3.02835790032
1.03699756651
0.405868760031
2.47366587184
2.76238793597
1.51508551563
2.79211162803
1.59097185218
1.6837441939
3.14084835237
0.991421021708
1.88635810654
1.42147936368
2.03902260589
0.0614852023503
2.4561899434
0.64434284152
2.54870187241
2.6030571769
1.68181619718
2.22399737735
0.730327302272
2.1612550521
2.14410016243
1.65860955659
1.69318570889
1.07004174694
2.35056872246
0.710424820064
2.10143954029
2.57802531969
2.5975386548
2.13261064752
0.21688357184
1.92749903824
1.98665388574
0.824830073908
0.832556743826
2.77312518871
0.556656845904
1.77128044011
3.03473320875
2.76940204323
2.94476670205
2.56570107411
1.36636437851
2.63864441642
2.93417044042
2.58127403206
1.28094748198
1.98816525185
2.79454872352
0.882440306781
0.736392088138
2.93901726045
1.18479915547
1.85959211039
1.450165638
3.0476536935
2.9171782489
2.25894860407
2.97855436733
0.0506409848174
2.16057668718
1.19289501979
2.74595686385
1.60822643424
2.38267316371
3.12413233005
1.98296459989
1.50018871895
1.99449671291
1.36968138634
2.52849426156
2.00379649826
1.13416394688
2.11624833536
2.78990799536
2.16999332133
1.94173000899
0.831893062609
3.05340165615
1.76691419988
2.43557504814
2.8296227107
3.11062262642
2.82900639562
3.11436326487
3.10224539792
2.68868371198
3.05657663705
0.0125090521931
2.05177376962
1.9696627467
0.798574296827
1.91348071958
2.08111454639
2.27597031236
1.5102390675
0.129845436228
0.619357642945
0.723710817644
2.28018241411
2.12880254509
1.98326540054
2.98962067643
1.86084376603
2.0372368799
2.30005588139
0.0798745889437
1.79608094655
2.5141834379
0.520437803663
2.79845071312
2.63312158466
3.08735307566
2.16970233623
1.08668700749
2.08355807081
2.43204903379
0.747048864481
2.84115456851
1.26823527559
2.96262913357
2.09355291843
2.80485983923
2.90332218722
0.0960689716468
2.71646257103
3.12363005641
2.0760900571
2.57256195021
1.89049065926
1.08336012576
1.62143536335
0.145927836131
1.75670264875
0.353992521293
1.74926090361
2.93974271606
2.95958257392
1.54666946506
1.87933318875
0.205593725149
0.11498914251
0.66280141335
2.08261337132
1.96000310758
1.90795195414
2.26506580106
3.09238812904
1.99241344204
2.33452734888
1.42465237754
1.42053237669
0.18789439604
1.85126374523
1.6681265677
1.31091077314
2.15509571457
1.36316354993
1.55231037286
2.23815354601
3.02708025306
2.80971359358
1.83593173186
0.65551024267
2.75027219283
0.953008300712
2.60859759109
3.13983322293
2.29847471913
2.5401154619
1.39055483611
2.96165332654
0.591349486112
2.60632315195
1.65858438907
1.1223408503
2.33347369388
0.15077310302
0.215615608866
3.10029652293
0.853755362827
0.263156725658
2.18810965644
2.35056217042
2.70084791759
1.64583953769
2.46611758337
1.73755147
2.28363497835
1.84404757756
2.1949089809
2.17586400704
0.883198966015
2.50583024292
1.89626007815
1.87590805148
2.78793990004
2.40510613413
0.649335901835
2.49559738548
1.70169129286
2.78774711695
1.75956469242
0.261027746596
1.18023345379
3.02170229825
1.41578609589
2.0840353831
2.02961574081
0.515219593937
2.9106578768
2.04785673713
1.13726529562
0.992855493069
1.82893085105
0.959598825995
2.20187353054
0.236841318764
2.43527350565
3.11325576519
2.61561876256
2.90809666408
2.23922754042
2.81524807329
2.63467406382
2.63777196264
1.39580887374
2.47094745581
0.554408704768
2.47766793649
2.55278182008
2.47336021623
1.50240979712
1.1074563071
0.439533937965
2.2296196518
1.12697125812
1.84322270758
2.98779122599
0.959913744309
2.77834563876
2.00621206685
3.01885600997
2.86104581984
2.42146659303
1.5962634681
1.78494714374
0.0346642715815
2.51032531937
0.817455191722
3.08561978575
2.85521434861
2.5026594209
1.12546247756
0.42933564791
2.02482069269
2.38011288702
1.94293718175
1.79726341872
0.135962067886
2.1351136006
0.23091841224
1.48842728273
1.09044969372
2.57620605244
0.62604666978
2.99141912657
2.15075954835
2.9237484482
0.717701755749
2.40903120861
1.78983883975
1.63511805465
2.38886081821
1.93022196056
1.17354245758
1.11496294932
3.05530774766
0.751480554297
2.62764510632
0.991198640395
2.80764107627
2.72141715516
0.552434959654
0.703574579943
0.409063532516
1.26236678487
2.63660734949
0.164702872512
2.20028109942
1.60244210519
0.277486463034
2.91995222556
0.0275564676646
2.79921448275
2.96058317175
0.366629131121
1.19939652818
2.12587779305
0.680111558458
1.52294081474
0.0516519057941
2.17684293216
2.51778204961
3.04526289431
2.73322562815
3.03847771368
2.9319290629
2.30714823924
2.66632059806
1.88837847083
2.86166723865
1.66977730825
2.64932334822
2.66403021306
1.58242379185
2.8414600775
1.05146092052
1.28141150465
0.534233419354
2.98179131943
2.10293732347
2.95791441325
2.41089841923
1.76439953809
2.86156830872
2.15217872288
2.69970498327
1.68760202333
2.66415528031
0.325010880261
0.146757325427
0.323941449739
3.09406211508
0.387938846514
2.93622868244
1.62563869738
0.547073177456
0.31941157243
2.81590941627
0.440395388116
0.528690622567
2.63889217819
1.92554215656
2.7516578103
1.01585736383
1.1475033722
1.38218016993
3.04268273749
2.56642428593
2.71876994536
2.56535796164
2.26521831464
1.9521163688
2.19685318046
1.69103636463
3.0247980716
2.60469786789
0.484064263438
0.375379376318
2.46335888181
0.690986380773
0.544294523718
1.47651459225
2.88479004964
2.40635708541
2.04878350647
2.24892610657
1.29839242929
2.03591662739
0.262141954176
1.2645111548
2.01202415429
2.39238301734
2.95803703385
1.79116871959
1.14189976723
0.83098555173
0.11534090201
0.968272512142
0.105099894866
2.96928624942
0.23916108461
2.8865526596
1.31119061302
0.230901199451
2.54547991637
2.46812065246
0.0459538666158
2.9170526957
0.0658008986485
2.15776937236
0.8688807976
2.62896729171
1.99447097297
2.73810439255
1.86751769348
0.0192236601856
1.71031262025
2.61863981213
1.85098900437
1.82157119895
1.90692528801
0.490903453048
2.50044862161
0.731146446331
2.58810885615
2.23983199877
2.97084368111
2.61330339132
0.760417180223
1.75563577264
0.253896429519
1.71281728995
2.6077710903
2.80083378732
1.26585589275
1.84776560239
1.6331551141
2.02208434087
2.16876221661
2.73474141461
2.72273057606
1.4445657929
1.78722038601
2.47617123095
1.78163672797
2.99185218235
0.302402579887
1.43366545117
1.49894114995
0.68720251042
0.0579330150139
2.79714783929
0.692882294693
0.187624635668
2.11215040545
1.62426579932
2.05168278229
2.78214896926
1.27366932339
1.96537062323
0.737701919395
0.393849000723
1.47923857906
1.53399321565
1.36986556709
1.32033327618
2.57732923755
0.937630827643
2.77605816426
0.993967660982
2.68326648732
0.333989324161
2.19766023177
2.73319808751
0.712757746192
2.97803024764
0.669626875199
1.7523221555
0.953022253554
0.886343785239
1.88209886267
1.54291000993
2.18210937677
0.791290565399
1.58573903045
2.09320402171
1.9580316622
2.66654873883
3.10981313755
1.52658769515
0.198204486685
1.85564630806
1.51673076311
0.741433518884
1.47106927495
1.18381729993
0.632564701516
2.08709297385
3.02230861775
1.79355146062
1.75857938933
2.43355860761
0.276923373058
1.6192818962
1.74228035768
0.0939859077881
0.0543200526486
1.60244390198
2.71664717092
1.02925146274
0.722047776736
2.73752757862
2.76824073012
2.15222321612
3.00739982052
1.20233498935
0.176155677667
2.81174183448
1.43148888184
0.432628124454
2.38525232593
1.96698361469
1.65001813349
3.03667494108
1.5094310416
0.575709068637
2.37103484458
1.06781344064
3.04557202666
1.74566781783
1.74145583058
2.91122722107
2.01338847676
2.68866783055
1.82955042283
0.909438334145
2.37899417469
1.25241721858
1.58964786225
1.58988317088
0.92923951795
2.33957900747
2.84170019904
2.75260246113
3.09099131399
1.20867093032
2.88451060518
1.01443760816
0.632912332799
3.04655659774
2.94553041086
2.2185704945
3.06534524913
2.47517442452
1.91560468356
2.68140857783
0.641722286351
0.0825068410191
0.263362851283
2.43035481531
0.369065163737
2.69303760079
2.78676152166
2.83975051287
2.70542479703
0.295885796535
1.0051404996
1.92769935432
0.948733276631
2.12595140672
1.25740884352
0.478898123862
1.57080767034
1.55552909675
1.86389905552
1.58379547464
1.41498923829
0.754673967503
2.84217784914
3.04800452894
2.06531914525
1.74925560851
2.68272442314
2.66872640098
2.5030622311
2.79295847093
2.26929954524
1.62219343463
1.35785583086
0.843106725696
2.94751171981
2.12789810363
2.89848240543
2.48094870593
2.74479170997
0.298727563059
0.0673488158297
3.00618026295
3.08124802938
2.96445416907
3.11155677881
0.517445776186
0.286819452586
2.16164792251
2.57800817874
1.59081065497
1.67941159351
0.447201344645
3.00733264503
0.884185297953
2.58203333445
1.73109802578
2.57663378672
3.12683037349
1.63037478429
0.342464547137
0.633615215064
2.91411106737
1.66445633731
2.71461087281
1.82152240196
1.77315136479
2.05440559747
1.24186658791
2.04421569277
2.18152625907
2.28331387502
1.94392297713
0.365189806056
0.631150299365
3.11180673635
1.66589722313
2.50026115635
2.27452370157
3.09136986539
1.0607550702
1.12486931098
2.28886359924
3.03411029712
1.82060399577
3.09973530817
0.0238314642809
0.0879691729703
2.94383863686
2.1504913463
2.18817409629
1.19477021754
0.225475804758
1.62280786088
2.9879438209
2.5722933813
2.69866489026
2.28064616602
2.47524300762
2.59214988825
0.395387516171
1.87042622422
2.11564956314
2.38201960997
0.556086758179
1.37428510926
2.35996355002
2.40377722372
2.49491164183
2.00131145896
2.12865019471
1.35095460537
3.09732348611
0.123124824465
2.48840308831
2.28224903751
3.07714865749
0.956227530179
0.89044689189
2.03115332434
2.92002876974
2.73835971246
2.32281852391
0.504067952761
1.40394016884
0.584312400541
2.23171886555
1.89184771163
2.45942551802
2.25511002825
2.69811657198
2.1341269299
0.0254169320129
1.96663222539
2.74056296659
2.34519122233
0.00710851356289
1.1559818222
2.71270178296
1.7111288362
1.30352016149
0.70613897762
1.15110571636
2.62123749411
1.06391695584
2.98975610833
1.21500750392
0.999800606862
2.12696643651
1.694396893
2.77257232964
2.12847031029
2.14801094051
0.73328462606
2.85237492985
2.37721787261
2.74251617623
2.06241485849
0.446391931137
2.06019389603
0.0186564327415
3.10326421284
0.560172293698
2.20008620213
0.532066174415
0.77424778965
3.10141968574
0.229284576086
1.56639038404
0.172349411911
0.95806297437
2.7473421764
1.40849082095
3.01473628079
0.779707870753
2.05059813775
1.05917173348
0.461309020716
1.60265794913
2.97040402476
2.396091365
3.05500849048
1.65553608928
2.72241388815
1.57751735507
3.10691457481
0.942985081425
0.725690521034
2.26686173622
0.466897956744
2.94086140193
1.10464440786
2.81614724226
1.96214488954
1.49814964149
2.70542335994
3.03990876506
0.33996078645
0.471044695247
0.893194852518
0.72215664225
3.07801894084
2.39642145707
2.67459782231
3.11007103772
2.53160562045
1.86772678448
1.56424915871
2.34966996266
2.94689248654
1.63801732973
2.46100959785
2.07194401257
1.47358189459
2.29425814839
0.390210073817
1.06011623535
1.87836602251
2.75473752098
2.80006451946
1.93127557847
0.0809871777522
2.02157421716
2.88111955685
2.0939056705
0.209013230151
2.26425296626
0.534143834177
2.52196209062
0.887161985914
1.57820643681
1.10620172809
2.10899821824
2.50727793934
2.33093203962
2.93237961038
2.42441158661
1.29281945434
2.83879543778
2.75862195866
3.07738823786
1.23272020479
0.44181825316
1.25173012633
1.34278355618
0.282357979296
2.5974359032
0.779670023582
0.795586770834
0.895680442486
1.37217569349
2.90054152096
1.8240074846
1.51449144974
2.69585885751
2.09201600232
0.413299378369
1.79374700603
1.34238593814
1.87352102708
1.0733840433
1.88396658282
1.35174054798
1.98399365283
1.86609924912
2.18194672058
1.65279295736
2.80745834331
1.30079001658
1.51743079532
2.31619396479
2.07516279774
0.114955350696
0.0442333446811
0.480251650505
0.559080229687
1.32321073942
1.96975495851
3.05204311987
2.05012261082
2.01033152681
2.33135051068
0.270926500539
2.35025595011
2.72372499766
2.5837683961
2.96374785972
1.73871707181
0.76351957381
0.870297885337
1.36701638054
1.00664619981
2.80094847473
1.27799405169
2.64436185534
0.690328129823
0.125402238282
3.01981970392
1.18669089756
1.85793080708
1.50852757879
2.20254208233
1.12535728835
0.379298318233
1.47203633608
1.95446984707
0.476090324555
2.54741962743
1.67002330203
1.33059643254
0.270566978715
2.24722938829
2.56161142258
2.69754568122
0.272491011314
1.18666994356
2.09388563829
1.82087557397
1.88952991456
2.59142668986
2.07908768898
1.5194071922
0.191421221867
0.887859739552
3.05186309304
3.00939484897
1.7661559423
2.39504343685
2.90398673507
2.63284913923
1.85693572116
1.75510876886
1.54665252144
2.86306116011
1.76234800771
2.38924257455
2.55132044803
1.7078966514
2.6738801899
2.17489033523
2.27999253026
0.90126906805
0.6101267982
2.89133697641
2.86276778442
0.597092821607
1.1410290645
0.896030228132
0.842927845854
0.265661940457
2.08860816325
2.77755168133
2.54483636644
2.32415045298
2.56405144956
1.50643300422
2.89959632213
2.46492659364
0.712073482571
2.95262176032
1.71710284085
0.851652134761
2.65249954218
1.20637487738
2.28119270616
0.419178029782
1.99142508691
0.0494001908771
2.16315504357
2.90629679919
1.67588815726
2.34768338799
0.861198916539
2.23692047772
2.3134729205
2.80767876121
1.84411453474
0.134611224709
3.02068923394
2.94701979859
1.09410826576
2.80768261062
2.41648438861
1.76024285794
2.62022258918
2.0232178949
2.53456207094
0.0587225946273
0.492107100061
2.75199700163
1.96643380929
2.23958663115
0.205845023149
2.96330921697
3.12956664399
0.690618487918
2.52607252717
2.91467354742
2.21090766266
2.82566277886
0.78863217905
1.03430020572
2.26793185722
1.46832800322
2.9542454371
2.93925113184
0.24930238569
2.23686284049
3.13660626844
1.78265494939
1.09754069398
1.45527916018
1.3296903682
1.72774705622
2.07676549571
0.448064792917
0.545894753013
0.059683364397
1.87685658021
1.86459857917
0.866195199447
2.92164580681
2.17215566682
2.78214400903
0.795865695762
3.12019953114
0.302832060953
2.76491627909
1.75338216207
1.35167992758
1.93662838644
2.87057023097
1.95831642738
2.33523118926
2.64024293736
0.561473912119
1.18709373876
2.2237104094
2.92177394806
2.26773455317
2.00074366395
0.44189482065
1.85360572514
3.0337630371
2.75353749112
0.155918625388
0.649186915186
3.0670183395
1.01626019667
1.49565591665
3.02077226614
0.762642708081
1.71780199747
3.00796435365
3.10692466602
2.40270584975
2.48016583595
2.92375755782
2.99993422883
1.57476568914
1.90878552122
0.278834627628
2.57455370064
1.67305681394
2.92525159707
2.02189546784
3.06614194599
2.13733771051
2.61469148211
1.95609222454
1.31519857533
2.62728689835
2.49035213159
0.291720500237
1.91717951947
2.63751146766
2.60851174309
2.34057356286
1.75736517813
0.398627028197
1.95848777954
2.68825813516
1.90002448547
2.86047542327
2.71152623561
2.26627739733
2.1440043924
2.08764418086
2.64842692632
2.667619934
1.07235756642
2.9958581623
0.838818550746
0.219104370822
0.461414858504
2.98646847307
1.81187226556
0.0652640460765
3.10623605189
2.41301631576
3.00599660579
0.594373477559
0.836638793201
1.47665426883
0.878854590331
0.484058894877
0.723748094787
1.67652377297
2.81395286545
1.85499994672
1.78617474904
2.7525765687
2.51187223637
0.165887020384
1.36861521093
2.17819791187
2.05536374406
2.95170843626
3.13043697427
2.29800999936
1.83802676919
1.2780465398
2.84870335275
1.04002928891
0.452356227076
0.0329531036619
0.168702032446
3.09303567648
1.929790709
2.87633108441
2.83109700901
0.270578924006
3.1232904822
0.235700882641
0.993368087022
0.911305774715
2.52189849916
1.3979675018
2.18241828516
1.16477125662
1.83406898632
0.0185482327979
2.68421060259
2.21687060659
1.41050435369
2.80528693183
2.03556409127
0.806496269056
2.97150856174
2.13719351153
2.89303327619
2.6967367097
2.30467026945
1.67935944528
2.0635827864
0.536657267763
3.04606274254
0.339571548055
1.13676042513
1.37710890584
2.31608229961
2.1063763877
3.0464827691
2.06217906997
2.42933758323
0.287432094337
2.7334991916
2.25603472357
2.35530592096
1.99649652956
1.70132531919
2.56620450057
0.0391422775535
2.64169997174
1.24405263779
0.75439635631
0.74313811758
0.474195861053
1.54662610695
2.96854940891
3.10837322713
0.308570913722
0.140629221485
1.53251250359
1.38852733717
1.33745565761
0.338776201771
2.04892501511
1.87376730161
0.190338044018
0.25588277879
2.9373168924
2.7473118609
1.67168835374
0.18301900718
2.88742798939
0.982462923151
2.85498638607
2.85714126847
2.73155131117
1.46223355642
2.68698180114
1.85566439738
2.84825476691
3.07694002528
1.16980311652
2.19433341828
2.34730575257
2.42103367349
1.70864811136
1.43903036903
0.542988485277
0.974755294395
3.11081031506
2.83174624638
1.23391818241
1.41197117663
1.11847298692
1.17358299519
2.40576624319
2.48319934653
2.09627690939
0.64488086866
3.05508642803
2.3592016321
3.1065111945
2.40804720654
7.02261721897e-05
2.93598458963
0.295650369898
2.2726526555
2.61015920312
0.993366947744
2.65002698195
3.00841367951
1.5488098361
0.149181661212
2.16523814007
2.82805101036
1.4173166402
1.29472797422
1.7566438028
2.75521648034
2.13241212136
2.31361545166
0.178665905235
0.560416683976
2.35963690398
2.95814839604
2.6432387104
2.852581524
2.79417162248
0.0883380687407
0.780231520229
1.59758748497
2.67345979621
2.16494910775
0.35728587623
2.4809313824
1.24169627215
1.12089013396
2.86791242757
2.09979291582
2.00223479799
2.72100620841
0.29605590375
1.60146456166
1.27425579476
0.809425225584
1.98687234577
2.37365180378
0.557581148444
0.669145813455
1.79088844487
1.21068183566
0.518154773097
3.06890799553
1.44966764539
2.32381285153
2.24936310466
0.32035939558
0.243209795631
2.46503300992
3.09444836949
1.48003608105
2.27513669528
2.22320882001
1.48746699651
0.690746514805
3.13423958705
0.665382467562
0.99896922416
2.82776161461
2.61756383416
2.81202616576
0.170399474729
1.71868350872
0.347909568146
1.82392749691
1.33384949047
2.79711548815
1.17598266007
0.720468605838
3.03831855352
2.67957200487
0.387821476275
2.84732641306
0.201837508697
2.7723325756
2.0140726626
2.65224438095
0.325196267658
1.84114903887
2.8905562654
2.09434187136
2.41383789974
0.17554867787
1.86485415225
2.04233165087
2.73158911533
1.14621603428
1.58579122806
2.34968226646
1.73397776529
0.0897071493056
0.975128792533
2.99118310009
1.93905362678
1.83527592203
1.90175150143
1.13804291305
2.05040277603
2.46830947327
1.02240484914
0.930270305205
2.31922456101
0.0275971770602
2.11038580993
0.182733424266
2.04711300357
2.54205612175
2.72395950919
1.46599672405
2.43589933194
3.11993216488
2.1736042774
0.266093610575
0.49217635421
2.68984539842
0.802861503151
0.261714642741
2.41646008981
2.43874543747
0.864670660082
2.65348966002
2.97176853309
0.166732788867
2.35898845955
0.103490665936
1.94506843239
0.124670177678
1.78791967308
2.69598760976
2.54430590002
1.1371080318
0.633166184328
1.31532510453
2.0061207501
3.06350503384
1.73230186399
2.67596562266
2.0497593984
1.22620397831
2.09775562404
1.39104537733
2.02170958846
0.115225558456
2.2345739643
2.57769472731
1.34248705865
2.2867774433
2.75630995139
2.82331311509
1.6438424304
2.59291655117
3.12228056169
2.34192384403
1.76304481591
2.02349186701
2.03130300348
2.7657246766
1.79451056212
1.26823001787
2.03193537054
1.19791345337
2.1741615366
1.38925975315
1.20043107877
3.13228283705
2.55018333461
2.98535181226
2.61421766755
2.74013982495
0.244814140149
1.7676954428
1.34032103527
2.70176644287
0.561335542837
2.15681926664
1.84729386122
1.17772636973
2.93351277115
0.193580440853
2.82298440202
3.13481486656
2.42428259695
2.66180543297
2.87015270203
2.56585465378
0.618900050745
2.23757674615
2.91261466168
0.892393613683
2.09974663367
0.58853630369
2.73038388778
1.49170043183
1.96888246876
1.61997105074
2.75294423656
2.20424745881
1.03391595671
2.60753986569
2.49420751607
1.2259944087
2.05425600654
0.914237046875
0.226088371811
2.75054425698
1.80925660164
2.56557301353
0.137093261118
1.82320186181
0.00899181460584
1.80386377968
0.338060337145
0.718819192382
2.77243904037
1.45238899351
2.80874193977
2.43430832842
1.71718357132
2.99296592757
1.1080408599
1.29597235503
2.98131125644
2.30125235131
2.85086223276
3.02449989967
0.449641809719
2.21777188895
1.7528945687
3.02948407163
2.18185344323
1.16516609786
1.64089069393
2.96315052832
0.452814868726
3.13498106184
0.414286581323
0.611514208356
3.05552344004
1.96531765848
2.61280583981
2.20019074766
1.97828084611
1.18143511989
2.56152229435
1.49876285796
0.720849328701
2.13448329502
2.85798447628
2.20247508037
1.92745480341
2.2141154716
1.96082976988
0.891377777259
3.12834601809
3.0996400064
0.486688014906
1.67106920716
0.26652466153
1.36010481402
1.08145168335
2.86106166607
0.835446092657
2.86189920139
1.80074117315
0.621504845198
0.617529768572
2.52377558591
2.37634301784
3.11638089413
1.41172270679
0.381389700417
2.56002727769
0.33442958707
0.170102258018
1.36207480432
2.16586481693
1.78638376395
2.55643729957
2.86402901825
1.398060717
2.49123238456
1.0967996514
2.31453754511
2.38772416705
0.337170313887
0.935596630585
0.69979968822
0.600643703787
1.02683454708
2.60784036787
1.71774742312
2.72910284369
2.34943874567
1.79855051125
1.31276980556
1.84547891577
0.470783780286
3.12989349327
3.07429275869
2.53601331748
1.45931441646
1.57419781724
1.45333593917
0.125507954153
2.83848986451
3.05297491887
1.12736019834
2.7855186502
0.257379616994
2.55351471547
1.2475361317
1.5207916363
1.19529993716
1.93311270497
2.19245176339
0.849478498584
0.982913853542
2.25605631803
0.869447930034
0.88679298031
2.52832399934
2.10164494905
2.37802136338
2.65959930655
0.00671145885327
2.38655003081
0.76798797297
2.45475206008
1.98375719531
2.28601530015
1.79011166768
2.91659532227
2.83332193023
2.15603961594
1.96889854354
2.69422320082
0.756971037328
2.29908008479
1.91843489527
2.10010450072
2.64833477824
1.07931240076
3.03704733109
2.28556726877
2.63623102469
0.274007100035
1.15850369355
1.51165706731
2.80199727719
0.259564203189
0.254024689834
0.329318133802
0.587165068147
2.78056581415
0.580355019209
2.90555631373
0.556759052253
1.73389741438
1.9473523115
2.88107027292
0.887600653455
0.638309007413
1.25168624328
2.78508831366
2.70066603368
1.28088378327
1.75540214802
2.24123733633
2.60922436692
1.2627903836
2.598600581
2.47591294599
0.585277681577
2.86423667978
2.67375089459
1.65262377055
2.79204609154
0.829445460299
0.103577701992
2.52084835685
0.258852737098
3.095516508
3.1254314508
2.82033510201
2.55804011872
1.50712739467
1.33705433214
3.09794083625
0.378788898247
2.25046252328
2.74651843897
3.11064414599
2.09989592188
1.15406416029
2.67813502673
3.00576876348
0.455335373718
2.53948215898
1.84099354565
3.11154801032
2.51348520694
1.0016097045
0.780031791959
2.22668913659
2.84617718019
2.07003651244
0.967229931271
1.52541854954
1.8223420929
1.37281015352
0.143712365827
0.133542049597
2.68167106602
2.11535152915
1.72551212634
2.57845505471
1.3352563396
2.24954873461
2.4027959771
0.171723223944
0.116061996212
0.92950203158
2.07909206573
1.58164397781
3.04047331942
1.41524368121
2.89777859918
2.0670954348
2.20169439027
1.63887255681
2.92974222048
1.27833027145
2.7462522424
2.45554749456
2.9259600599
2.27135518538
1.53135992091
2.90821906409
0.455205960304
2.90413049203
1.06202042819
2.81213928685
0.652878071349
0.690095350093
0.837916106161
2.1558218226
