103.977710953
76.753022888
25.0539475264
132.175379485
92.2822038899
181.843571267
61.5199302326
148.182448846
74.9146952812
45.4538844223
122.741552214
132.325224299
144.860888545
299.882453236
166.527619785
134.016708141
85.9971824207
61.8502412784
13.8364351674
52.2887883428
108.388706565
88.1253033859
64.8541586074
227.829523674
212.037466572
159.302236565
63.3304711604
67.5710770162
88.6047232248
117.63680285
69.5932224563
80.8189575725
127.615359182
62.3859463026
175.856887822
80.9788251142
76.0345914355
51.5842140113
443.687969127
106.234108944
83.2189826838
188.890023925
126.84395991
47.8730413192
116.151680319
36.8183601156
96.6622799615
112.356559697
26.33698985
91.3477996262
75.4838470738
151.522599798
496.842448098
258.831224635
62.8776152756
129.023379471
77.3234546593
266.547994102
83.7175403906
305.751024811
68.5890907123
17.7708593402
911.980778703
144.79385231
61.2009050304
24.9765882141
60.7451391557
76.5771592565
71.7685832032
934.854024203
142.900561184
82.7257089899
135.15447599
78.244666505
39.4271090524
76.4251206257
86.58716433
74.4381807846
95.2487454539
657.050474204
99.9218153386
203.755623457
146.396690606
282.150885673
41.6807037933
268.308045137
173.502459531
977.616135977
71.1060158638
118.469433192
63.927054644
679.851984426
161.531942944
82.2549534499
76.5738911148
220.377204595
242.279304055
58.1909138568
73.6016198416
82.3452475724
246.411451277
253.480834904
70.5901117977
86.6478973776
73.2445092935
206.025981669
50.1243628397
88.7218933143
74.0926214627
609.068667497
69.8475127752
127.002642537
164.963482281
303.224710993
48.0515399833
85.3433527507
280.606323259
104.811974692
297.04443499
73.7656424294
219.449521661
87.2430556469
111.603034431
128.539974057
100.46296694
79.7851585151
76.9222495136
82.4557325279
67.5477472651
80.3268546577
80.2022347422
80.2178910469
135.821381583
37.6556272995
84.9707193551
123.285681705
218.843149604
30.8545142987
325.655257604
73.9301927841
117.606267647
201.338906551
369.614330166
62.4052719919
79.3537402783
84.0162718776
114.625150841
96.2453938179
324.916378514
187.196250826
49.1371941513
223.723518536
62.3402645704
350.456755552
56.684885017
77.6128236641
114.077397629
361.883861402
153.793925994
357.881906036
45.3159651218
141.455203047
56.6438240996
41.6238416961
21.3199671566
68.5858186655
64.6864386045
35.5436976078
50.9546014998
138.740936357
54.3003266643
515.575776444
17.2352259169
50.1705233004
48.3505444885
145.408055219
200.330895535
131.238157603
82.3639262754
475.297052245
115.752972803
92.329917525
95.719293752
76.3891900804
135.161707482
86.2407409736
68.0268960488
190.021607615
94.830610498
63.1902152655
87.4786144012
173.926778247
110.576886969
67.7354294715
129.545232024
98.1131205753
55.7709863375
161.570704056
74.2380817338
96.8198047211
68.0150631993
135.787427113
367.294744678
72.8522966227
75.2290709189
85.4395913402
112.807468218
290.506255004
119.06725366
58.7462919805
50.1170079095
470.105656318
93.4550055436
109.317711857
250.584010642
142.608214094
85.9786705892
365.03959406
141.535051409
71.1408421115
123.912303881
448.436283042
49.5608258457
81.479335996
261.934913683
216.572430263
72.7542886416
59.8685411323
73.8660647309
100.166726822
187.332045955
118.731581611
135.743448016
60.8264951759
80.2228950978
52.8763649016
365.855557948
194.483699221
58.6853019107
583.334713002
76.0807389127
166.538376841
223.986231273
224.043179508
74.881876536
57.8274239577
58.8872204841
36.5099354336
65.4268968811
81.3463830054
33.9877656922
46.161710307
92.3135211023
50.5138469294
22.812180798
113.543203683
337.108109738
131.472248181
85.3548938955
80.5925596034
55.9529636089
216.083802666
102.999210153
206.561644458
69.4887049102
118.70571508
78.9973489685
55.2600968392
73.1515095786
116.988789752
71.472920953
140.946963994
389.739822906
116.2582324
85.1329100469
91.7392691771
108.901622024
86.1667996551
82.4763901832
542.050714876
47.9296599394
273.204893857
79.7324628304
351.507228173
83.2880219521
479.775557598
143.763933595
45.5297624633
68.4963439794
93.398041297
52.5532425149
90.8977917932
106.188631279
77.7891929792
314.820233389
75.2980101056
61.9989790332
94.6183471882
59.0452329181
882.570516884
260.788337681
110.501298207
41.6345938616
73.4997374731
42.7277376156
813.471077174
102.573268069
84.1679474402
358.840687987
78.696101725
64.900851477
138.119851898
83.5331113155
86.9913162435
89.5148011277
59.2195491413
86.8360340229
76.2380178025
84.2482392819
204.205676581
155.407726492
38.0248550419
85.1637958973
527.794265393
54.407365801
54.0254479446
96.8637572567
100.694473177
147.499852407
65.719052048
503.309615788
272.696048814
59.2353523314
78.6290817951
77.0158311814
134.028818453
40.1661949535
91.4829191106
65.8649402667
86.6226966537
101.753521254
46.1076963119
62.3419888384
109.808931816
75.1400341064
76.3517632149
378.679202245
39.5962993103
71.6881525214
28.4209851737
53.6335592732
259.555854067
148.732446067
132.694602391
149.672539505
479.445197897
90.8555469288
173.052024229
214.007246337
210.069320798
154.090873327
36.1428889498
178.470554031
33.9247530482
71.9119255959
91.7315374017
262.503398543
378.160447712
64.9930762947
76.0507444489
46.1442812985
47.8837141261
109.921748443
75.7458839208
50.9330406965
135.237418178
110.911214674
75.1304424279
29.6898004208
87.2180907543
139.253276828
61.7154566041
120.369974935
78.8231301837
77.3794464598
337.641624585
44.433189895
91.596626312
148.369101178
132.12801362
630.101950663
87.6630437786
72.7847682708
321.660886418
79.9027019073
84.9281891429
106.099783999
96.9116996058
72.3182742403
251.94350744
49.8936428603
81.291342559
62.8522722771
73.65085017
76.1164526714
412.122919346
66.9586925022
83.0010311572
83.1989826105
292.800606146
370.606153798
122.042506268
93.8834070884
71.343183407
81.0432403213
75.7813039975
89.0088611488
85.4531966003
38.6512036292
85.6285427901
79.0867546214
41.3335720581
77.5175869553
394.035261392
374.935138976
96.200236023
263.597670268
36.7371070825
244.991179829
65.1312585935
429.182099089
69.1811718945
221.808151231
387.096941737
503.150157995
83.2773204273
74.9531034074
110.60342925
189.724266699
51.8212759128
72.5125614324
70.0183049389
19.5510411041
78.2968311724
148.553306215
41.9169016308
100.671020781
56.049308972
92.9772026837
97.8616892473
48.2384772337
130.856762568
74.4199939448
138.395089995
137.824674353
71.2288715266
67.8000590762
88.3240205482
47.232029563
68.8116933711
80.2185891203
45.1282388419
64.3888847365
86.4461858988
47.7503432689
77.8695035955
111.18851855
152.154731404
190.770781345
619.541471693
120.968982439
64.1308935949
76.549897717
79.9081590467
57.7527640652
47.9118331768
105.876442784
69.1322523276
240.37580353
127.080045203
76.9897722942
137.176889679
75.6570038512
73.8684245022
22.5084216601
66.5221004191
363.637341556
105.790001076
46.5103966557
155.061392436
61.2968595342
84.9364393889
853.983753
74.0843939032
82.5408357423
102.777482205
66.8609739601
71.1757225372
59.4084520574
100.170346833
57.9300193178
31.5455651374
86.1017579653
82.375424243
335.190029676
75.5263230882
67.5508077781
77.1985190225
87.042748532
93.7587744929
68.2439258998
168.079455516
109.363463473
46.1066951813
140.554757531
57.1293454123
331.293772669
77.9598560666
18.4924790059
83.4358794287
115.337546688
119.322931046
90.2961749046
112.762220801
57.7544493268
550.062071157
48.6038818503
300.117425893
76.6471768676
29.5902942911
32.4738358904
43.3792228396
121.393273189
71.8103909765
92.73463599
28.4211918785
87.6648113707
177.7021674
52.7202262664
353.311157458
73.0713857253
600.702005916
55.9517436388
69.5509692763
101.689345544
47.8985566173
160.932739901
102.123295364
75.8438042777
77.1311598493
98.1694739194
72.3140900826
354.373183916
75.2847974351
74.6501807977
68.1753670102
100.91194116
71.622111552
96.0609187845
59.1268007722
161.09919767
64.434511163
20.4897470429
80.3741669153
50.7413132051
117.230287962
78.6876253644
113.68822444
48.513452269
97.6442855161
114.282303096
37.9358103107
89.126625206
114.802570521
321.376768813
39.9497810344
205.200728759
116.627448874
427.559835364
54.9997443753
48.8824218596
263.470269802
95.0928130701
110.653805217
29.4863180764
231.368229918
119.130451364
64.2599069358
204.754750197
267.751355125
89.119600873
134.311026487
321.47563633
149.888634003
127.692117677
73.7005245541
77.0345271255
41.7078902857
118.011473663
125.993939305
55.9649317644
49.9620438852
77.5630042877
80.7123384856
99.6894924585
80.9778627972
157.697237064
433.758090084
328.898939464
206.677135289
76.2030390144
72.2412407802
28.529753005
46.4381401011
35.6604734294
104.269665742
18.4496823204
71.6244921973
90.2793823815
84.969039609
53.7173940808
64.5723729447
69.9795517677
370.035901896
135.591574682
98.065511831
70.1342659327
73.4231062449
65.7337788164
99.5223443381
437.194419801
714.26188976
68.6430107801
70.0468023581
50.609916853
130.225392961
104.157641575
57.8511489555
86.1017784027
94.6648995766
38.530667774
83.0767451606
432.154274272
61.7499136251
32.105781704
290.313238063
114.572897303
16.4507587543
62.5320736154
81.3251605709
190.365465468
18.0781193758
150.402145758
289.125676775
32.6547720272
154.542010383
43.7841127559
104.804468076
41.9870974684
84.0147151816
100.048544729
266.911062272
171.929888916
38.6529586262
131.115467025
147.503401611
348.969163376
66.6767931689
75.689719754
118.731650405
145.379658415
288.802018429
288.817603994
203.71176948
41.8950512344
76.4377620878
18.2148427475
81.826338008
23.8046321939
50.9126375476
73.5886930702
99.0838487452
31.448416242
367.805327865
172.616055135
37.6810066412
567.411141763
89.8515617976
163.375799541
158.188140654
69.3561952931
289.431353494
88.9802482931
102.938240856
66.8126584743
136.639131548
98.413991499
67.9951950863
83.5041000589
265.44135449
67.9751117467
129.224158217
57.6175637397
92.9432206741
165.513016091
147.333188965
92.9086886543
121.38375599
52.6023292695
60.3532531012
87.977120314
41.9608017929
75.6444433996
191.245414236
637.337923526
27.4997038479
76.601081159
101.101911434
85.6412871522
32.3951986719
60.2732597757
234.623959009
46.7662679312
330.277855562
95.5971711354
79.8826528349
26.2621771824
114.853042583
353.008108225
143.624958086
499.701644914
73.2029317014
42.8513241891
132.661331876
90.3673841065
80.3764927469
103.429561844
109.825019607
39.3034314212
48.8215969053
93.5468857994
64.8010230112
70.9487094455
80.6169645496
122.287636102
189.884164622
188.709569328
27.9894854584
484.343791827
76.6306281187
70.3472534632
142.473639707
70.6833219498
56.1937928783
151.723679918
56.183610932
110.009210605
101.113530177
81.4246761897
221.134662326
226.991517844
300.628205047
72.0192316866
131.791547007
97.2284991907
234.324893487
98.296537207
649.123511073
185.192633591
302.894563755
63.4276357438
118.313585181
77.3017321328
66.7108903112
47.9169627135
70.5691259291
52.2653616447
191.298448521
320.220874772
96.9122056894
119.628043645
78.763170775
76.0088099109
312.243964391
136.764459667
62.674817263
57.9714884762
135.819339756
32.2154718094
76.0044529821
80.9322941655
290.140289221
85.392607961
106.96499331
44.3575914331
122.314490345
307.037657511
355.182578785
63.8435779182
83.7561029596
125.990983752
67.9045676708
107.584488742
72.8168686244
90.0615749311
62.6605304337
72.6133159133
173.377180302
494.096644715
59.4362818727
85.6005442131
126.78230095
73.3410111557
68.8655190769
82.205040189
291.303212221
218.653353379
59.5534626481
49.309444241
124.869559269
212.979371256
148.65439166
880.470825036
253.519992507
151.051094565
121.229811767
75.7115024482
694.996077052
87.5598004248
50.8594186479
91.9666937863
362.329593055
568.478948644
80.4410040993
73.6640181249
103.307481824
44.3897983242
112.996796817
193.893189322
135.59527166
214.349637742
68.484858286
170.530234131
74.6063081647
63.8691715722
353.400758266
185.624030178
67.8392249723
205.976865016
58.5609922185
114.853392306
95.2456003691
100.952443069
86.0901443497
66.2403376006
161.830654922
43.6453955849
69.4256674063
49.6576899426
94.3958016402
249.787397131
344.055961193
81.1985132767
88.7328975106
134.995538541
44.6283383318
103.872549236
25.322315563
98.3813603296
234.106069707
102.438024939
117.235320074
59.0389348268
457.815660514
18.8647195163
52.9481692235
81.5931824734
89.5850105258
269.297146586
58.507884057
80.6333027166
72.5255767465
179.316439313
291.485928198
167.611577073
195.802226253
138.690128054
69.0190810193
153.337463504
53.602248859
56.2792024753
45.8356213167
341.939238955
197.597373496
99.4094389601
89.7148311536
186.473826564
221.287814908
85.3480771877
65.0613477261
151.857456299
90.749777209
204.278878421
78.9722387788
36.8470159771
177.005527475
98.7636617113
77.5639553095
91.4332676052
106.16954401
98.5600814509
47.1010397923
71.2005179723
73.4352889823
55.3915842975
73.1136957613
84.7111201998
64.915045028
79.3033794172
44.975683361
55.5550500825
470.784438326
147.263004567
53.3583040038
170.2905318
39.6625638206
77.9458860683
107.90256446
72.0045578905
104.509058313
19.193294377
106.440858332
56.4563304106
72.5069622474
88.6226855269
164.251495949
76.5168759275
41.7530106211
111.99492604
65.4749502258
96.04503064
217.677501467
43.1408095182
121.368779313
79.590725343
87.7652441117
74.3598162317
791.189334667
83.1830864566
47.2481700604
65.5882223496
97.3334434229
45.0984724736
80.0823590085
351.009823017
79.2403152755
138.785907455
283.775252864
399.736372064
23.8234736345
106.65907784
56.8158617012
204.510677219
58.6261564371
75.0514817927
207.514201685
65.3445753184
80.7631688078
70.2635676234
74.7912225949
89.6755112327
93.4122292465
82.9949925509
91.3366067727
56.5974883136
106.850639444
51.5814811583
116.529732549
114.394755275
117.95017413
214.206785478
79.9465484448
228.965637766
78.0733968401
106.326452488
71.5651205783
92.949869858
259.79212867
255.778544689
51.4074708992
63.1617029333
27.4172807754
127.239708756
412.730443212
34.9469047034
79.7149602977
73.775595932
414.199587938
81.4114744216
442.515844553
39.5681728737
492.334455286
31.4355390708
29.96843144
53.8060290239
44.771164047
78.6032201836
31.4335165265
50.0320177382
82.6511524662
221.696721047
86.7642819523
116.368690756
93.5748491669
187.670202535
145.731032332
260.973057579
167.42227868
97.9786256402
83.7986639661
88.7058999752
353.108258108
44.6912777278
81.7216591764
173.554949811
76.670964522
128.405822957
358.158601632
120.680427465
69.5091516587
83.8645973488
55.3335141859
39.2157304325
51.6157586664
301.800077637
87.3491484814
30.3725736847
269.585147903
109.280370557
76.529916045
92.3264553002
115.401123808
44.0864750849
67.2054340174
126.346078521
52.9055161266
80.7593224848
39.4253553786
78.2683453612
77.8181459721
152.909061781
64.807739928
185.885464117
42.6885294224
74.8067309222
85.5936707343
407.223029622
82.8883403509
46.7844240227
71.4382380796
77.8960268497
93.4683922272
70.4983487892
73.2097964187
80.9884818524
63.7068402837
84.5150866164
45.6174554655
270.978528592
125.435010518
52.7441922501
77.2384930665
71.4313846853
113.69349313
67.2351955216
73.3264743603
31.9400733969
440.718873269
116.734005353
49.1875990359
62.0491599009
65.2568650877
127.926693614
92.0526299242
70.4430341511
79.8147734206
176.332749441
80.4510568408
76.0679199137
76.216397465
365.567462667
42.0671487854
70.073829081
77.5755119008
101.388355205
83.95228483
66.6593534789
347.554549115
77.1951660488
52.526145715
93.2921572744
59.7025523652
50.2169233217
75.7022512013
174.84799111
64.2076116101
369.425976076
263.992044644
43.019516493
1115.51215243
248.489547911
77.0101924038
78.9701947081
92.74542172
80.1549305309
145.396403057
219.181173417
76.5165629732
288.393001113
49.5829045196
151.450388829
767.977724478
86.7117875611
91.395702383
303.571665749
85.7554669946
113.503211606
86.8007786998
72.3502943744
126.474884613
71.4197091871
80.7112986603
45.5525643009
81.9001719256
85.8431150257
186.169089438
129.628982951
446.09656454
82.0380294832
66.9080138021
81.2795790195
86.006442789
337.497535896
246.959985871
96.8762327198
64.2990478847
117.529890458
915.228180331
27.1943079702
224.741720525
49.1347627664
24.0715387769
75.6629225489
192.165561146
991.166175021
59.6824450523
53.9128994264
82.9972193789
80.4367045665
89.9971428423
68.4233391849
25.022696714
103.657265276
75.1807877119
157.384631372
12.639156972
73.2060347676
55.0697762048
169.726496249
76.465380948
22.410401088
188.98886256
87.8458701882
305.755534898
111.979423774
85.6771005129
64.9947892183
79.7280535706
85.1465962974
21.7993932721
296.786169391
489.09023862
57.598229919
340.479343329
38.564706094
84.8734002407
76.7098544298
51.0767129794
80.4772120801
134.507303645
160.977555888
35.694546813
182.089770998
133.355321286
79.9569277941
74.646608358
69.2216531253
126.271708936
25.7481215623
76.8990117874
35.5595319343
98.4730121561
122.741129792
186.01195667
122.057950058
194.167318098
117.367401096
529.962810063
76.9758478735
86.7112873481
53.1551953956
100.032150947
84.1468853709
490.198146883
173.373397947
49.7415942249
507.754100486
79.5518897451
98.9343121782
118.801934263
132.382872083
108.168744208
46.4300073464
158.994797786
87.5259925619
135.136428684
39.3153844398
120.523204398
9.348243828
116.491819476
105.365155735
182.310362591
73.218742349
76.6551285318
165.586888355
77.127218951
45.2864109719
50.8887063997
190.636706543
84.5699165445
240.214364517
66.4010903477
82.9792151142
96.1875608778
238.615167488
62.5883956802
123.200621717
54.9310881398
88.9510598021
60.3956941806
155.009863238
38.4956805272
70.5460869542
87.1287517183
227.664462535
67.8240024336
68.7327086282
199.326114715
98.143299981
43.329974371
97.2384594152
172.867248447
286.643891807
102.160601544
243.433061681
73.7516201681
93.7935438843
122.530350857
189.880878019
66.9822832926
72.2927169143
85.5734749393
94.1325144194
69.8862729534
104.215151311
76.4109177389
107.921057555
240.077491865
242.259561567
53.6327681369
148.747551043
205.228789631
206.996223598
43.2477775359
78.6121792183
36.302832158
295.295159665
77.3026494666
65.1065088308
74.3547746375
81.8390987708
305.928544009
145.685254871
42.9802715468
35.6550647957
95.8265625307
178.790039281
44.7250378611
34.12996223
85.191482898
61.9328998954
232.622089963
68.9663607729
27.5085968038
40.1091911849
74.2331385973
72.4017530262
56.6832667238
82.4396861911
88.9584307947
51.5147673438
95.7618617262
39.6662297403
117.945836695
326.697546856
195.198420917
78.3390573797
80.1528250863
74.2269744728
91.2409858627
116.777484494
73.7337432805
119.403774122
59.5021383287
227.611563095
302.106565282
81.5119032927
139.142888461
199.085105908
43.3818249042
67.0652108386
202.54525425
44.959552121
52.9764433252
70.1604408176
30.630975154
176.757561732
769.427996288
73.6007314209
68.9302907474
32.2405109192
123.259649769
191.234943967
74.8032940793
232.2493192
39.228537724
553.905080889
55.929500324
91.6337928786
121.402873581
153.455125161
55.7925217125
73.0180165213
49.9917079255
577.486457912
70.3479314338
47.4330573826
104.368596552
46.6833910866
73.7670138016
67.3176591553
49.692854602
166.530865967
63.8228961483
147.121325525
79.6151116178
74.4134354682
137.642947015
107.758197839
76.3553456146
133.504463862
457.626728825
56.6863669725
111.139875615
268.733316468
145.156150762
119.996968383
52.7039623068
136.033393687
69.0068083665
139.057721957
68.0304357341
90.2991701781
84.9712782486
71.3413188574
142.587265089
80.6285234716
178.920341126
91.7279699702
78.6095786883
147.09594735
286.971167061
91.8323059107
98.2745750239
211.694410276
83.4803869763
443.846128909
83.0392576686
168.032446762
75.5949653533
74.038487228
34.4791799532
36.9273965856
124.359528342
264.635266479
71.1056389759
131.699970963
78.9576408871
84.2522140751
77.076023218
55.4793236775
172.765715145
254.775275775
400.753324629
85.2133453476
77.7179753512
204.367989127
80.8777947077
85.5727837716
64.0841463758
46.5900516496
31.7016896471
79.7408484664
50.9543110485
115.445536506
68.7201199099
64.1166833127
138.452175827
545.005578366
90.3172958607
87.5967497519
62.5396101525
81.052312833
67.3997903961
166.840431933
123.992199495
69.9780267358
325.130710753
242.105912879
213.910021756
142.637798103
64.8240630091
861.846106413
41.3276300141
49.609405358
73.3704009765
97.0404257095
44.3936762881
75.1387621772
82.5447147825
180.629342618
76.6710999907
89.9292704328
68.9758373888
92.0138624539
103.504431934
478.595031398
57.4690567656
51.161057157
102.943697023
77.6449230896
75.0479039868
166.685309522
26.1047684743
17.5213095607
39.6850207746
81.4494016285
78.3351445275
65.3298599867
23.4366026225
81.1482996727
56.233668361
102.330177942
73.6208381849
100.398998003
570.341246433
114.694395385
132.012377914
77.3242089115
80.2322786169
46.9015483852
75.5723998088
90.3153474106
89.2039792684
98.9066596407
100.934869624
653.688160468
83.1080093705
87.9028928634
536.336004264
89.7412684691
355.682117881
33.2769947966
84.9836523403
68.4381259275
256.501559284
71.5885433022
73.2958015792
88.4997834567
227.141580519
138.649918664
157.668043104
389.967209373
85.3265154482
375.015963717
90.1605607079
50.9144167529
255.95231709
146.493219722
51.0309936251
100.82699509
25.5139982308
126.227121274
178.394938848
486.960471528
116.18024221
240.736103088
238.375960119
67.6761193761
64.1432001102
76.9387668848
69.5126119956
107.201790462
78.2326667959
9.32142564126
229.467172024
82.5194582431
135.274814787
51.4650795527
276.11849432
72.7071892085
93.3497631761
59.8406788778
62.7186297388
113.227607468
61.4883311917
80.4577956423
225.638779446
71.1735511313
120.841761747
78.3989427386
75.7697960485
73.0746102291
69.0060595043
96.5998076116
95.138843784
79.8150311184
242.726887403
143.319851711
80.411044714
57.7510935891
134.809820291
75.3538721643
71.8167896605
88.3195280658
19.329926232
199.28412281
65.9765386993
220.283614425
40.6505277882
180.555858364
82.8030298908
194.12085503
92.6595044636
188.787273109
67.7072764097
36.8877881937
73.6284128994
48.0857476213
92.0300610764
106.62890761
335.004051022
75.7449256537
67.856362047
90.3236251447
182.462146784
62.738101405
72.1162124795
76.0902616772
61.3693136882
89.0048445389
408.528306515
66.1187414577
59.5699263815
79.1933866084
80.6391294023
742.250476061
83.435537194
131.700978419
215.329607329
224.435110038
115.865211912
81.9955325159
63.572336835
77.8773877525
83.9926180575
45.0636059041
85.3337393824
75.6265789009
189.244723966
87.7042710974
72.7381027635
142.575419293
43.7780489855
76.5736623865
58.5904027209
110.64580056
84.3910038733
104.763279505
140.674497349
100.410594436
190.858083413
65.7834632574
79.8114864118
527.115355661
163.841461451
846.554272909
147.124264272
28.0497799719
72.8731761234
494.106792371
49.0039688159
304.284709831
222.645996833
99.0277633409
179.412366285
62.3929815838
68.7960116855
80.3484264429
72.9071892062
21.8542706722
53.687858734
124.689902417
246.33069288
63.9262734268
171.959635666
69.7541476861
93.913685477
330.579712785
360.766315438
148.708022669
100.176810426
66.1271101753
88.5502888589
427.324763577
81.8849791366
285.349652391
90.2074945949
194.118907735
299.265528405
73.3266151021
23.4906181811
82.9546355362
108.350261922
67.7267354973
76.4683300818
264.005360813
125.629099847
100.449528156
83.2427412295
52.8563259708
131.78553998
58.8672261795
143.661612613
177.126530064
117.496133238
40.3479393925
79.5579337956
114.566343549
32.9082247172
37.2918565992
72.8622051151
28.3297097707
66.9132648176
57.1224167415
76.3176204022
82.51426457
417.392106738
40.1287231641
228.739453416
74.6586763634
77.4683397812
87.5121818704
111.00201296
25.8891554333
79.5929024707
90.9218631571
146.250072564
80.6370724994
122.160658661
1109.66947729
81.425364458
11.4315068368
99.5778178911
61.4474580401
201.849657985
49.0272547454
106.386467356
76.0730485008
52.2690672541
115.381593184
38.4419228435
77.2979671219
173.285934187
30.3451712803
66.7976993945
144.107623139
119.258364488
80.9371594333
51.0394921223
170.239783219
267.778417336
186.300333687
152.067127419
119.372359018
69.1314993624
98.0181438856
81.2591051875
41.1695588942
70.0695326538
80.5341598088
67.136104893
179.370244954
272.114162832
97.3670991192
64.8789839217
68.9656949739
193.102694485
356.550289383
196.430105579
75.9258777345
29.4148781172
36.3425179322
109.801522575
231.826989929
76.8465542034
148.294529275
66.8768755792
61.1070103589
80.9692713475
81.734857763
151.237538198
115.6537277
63.683891373
24.9900078977
619.861293184
53.0038013363
62.5356869664
78.8119194116
197.126490436
225.439387595
75.1592099736
106.455615525
55.5421339512
63.9890763403
1805.10873722
57.9572678077
127.9733984
566.634702251
67.2378785353
165.76159001
114.863289646
46.780526594
375.766756258
94.1059614217
89.4936642964
82.8195949711
431.692464475
46.807333191
95.916598725
227.092094365
95.926785118
98.0669029114
83.4493608635
84.1149728659
356.908882755
104.377675405
464.321889093
65.8640771779
79.5838132143
57.8061145672
111.03231037
50.2843912922
54.61257619
64.2972831039
461.217263422
52.7443225168
156.213928028
149.746625386
264.649440442
147.597622773
319.855660164
216.882101759
85.9540797385
63.625047691
79.5239587279
81.70956247
100.871540363
225.925991408
398.265353004
45.753940393
46.1021174985
231.838616657
212.816756428
73.5354196518
52.4205113579
73.9624848733
107.530141349
152.302946489
154.897094913
96.2073285529
324.902976606
142.988877184
46.7217932817
100.980962419
55.2114038311
92.4460704464
93.5267028292
206.223287221
843.670940366
86.905479537
170.851044169
32.2936258434
189.178805962
70.3178459039
65.6769004278
301.723805209
452.189190856
126.484151167
82.7200882435
127.580650665
64.5223258909
93.6589844819
84.744166107
557.200088504
160.029656496
98.5824838903
1594.54265211
100.808369382
127.874208681
41.9306923502
405.705329184
69.0141363493
86.7126439979
98.9462832055
235.022743902
67.5646628242
98.7996661695
125.978023302
158.321538882
67.2800960265
75.7315248355
249.713727724
62.5047071935
126.172467326
121.63103016
132.983691099
219.860175757
27.3874450554
140.971658081
238.233452735
59.6704907048
64.944838263
387.238994839
98.6697283361
43.2048308751
48.9605914989
77.2152547429
141.415189221
54.2829817649
73.7710739487
133.436310581
53.2348478674
94.760526562
97.781005087
72.5619460483
69.7698928936
112.195126254
309.652183085
40.5217025857
23.1480555166
73.7530216562
237.738079492
121.776985018
84.3713889069
77.5427371184
81.3548561235
77.3440252582
48.7160710039
193.160126998
68.3680374334
85.4609653741
195.927712718
44.302953148
50.3741306446
105.093808285
105.115370001
120.025046833
88.2196557108
51.3272132856
63.5950643542
107.591694112
77.6965692567
298.678607571
69.0681172352
65.6556985214
95.6632765206
78.1348268072
242.001492659
75.9823059849
95.3818582355
70.1891146539
97.7998930147
28.7744650119
60.1224307225
37.1078582155
91.3428016536
71.8030050282
81.555254622
24.8756352658
66.8060208857
41.5946142401
142.14274677
66.9676026658
222.442852809
234.663780684
86.3335636254
126.185865856
199.088444677
73.6161349967
52.3714357234
66.0106670604
63.8856424955
1297.58588996
149.076385756
64.7180646153
88.7183254433
76.0906412758
137.056244985
33.6346619949
201.860889502
93.4744471191
120.688445882
112.119566181
65.940244014
36.1566130236
97.3945724616
80.5266694876
47.5416819642
313.3630616
123.422195248
192.189997982
74.439516901
39.8867934592
72.2638174935
109.595633689
90.3315221784
179.387742919
26.5857107442
492.607132814
250.912782938
65.5982667316
77.5283804659
160.896073456
74.2223919677
61.6842229384
50.9788786434
72.5889436538
91.6543619945
81.2149741126
80.7291680225
78.5934710804
131.077215347
503.174919215
102.281347457
116.669513058
48.9516566964
39.6041527476
442.633985059
68.9277967453
74.6076828967
96.2945306224
62.1583704968
96.4715448816
46.2579432543
83.3888464003
74.5238527163
177.888878449
238.902499198
69.5147804537
180.33679322
116.035301294
98.8305736404
77.9990100362
56.9584276972
80.8124996748
116.489442289
115.227573909
42.4662388384
99.7381407815
76.285013412
83.4019821005
136.280942606
99.4572333208
102.906659895
80.7389817626
81.1948721192
301.985710211
63.1279463079
54.4950397611
168.22850137
69.6057572879
18.1034004469
199.698034283
189.021345072
136.185231739
205.625395773
470.768424564
389.079000796
335.510821819
83.6258790647
28.6643228858
456.679153034
180.851610685
73.363058284
102.631798929
85.3671949498
55.4283576326
52.958299986
81.5755229654
44.8390105893
32.4922965311
79.0868388983
33.6201436247
72.9536084683
426.239246708
189.648141263
23.947631002
118.481820466
45.8471564836
137.822242045
58.4413220606
122.886015348
32.2398882226
50.2100883782
234.339049105
86.2068845661
53.6294836418
55.0976301488
88.8708144385
82.1057813771
58.9589298124
38.7188991955
65.0440440194
91.8949966414
67.0582366951
83.9562183885
79.1425677583
85.9177030224
84.70518012
49.7465350495
78.9979227964
39.9018159834
166.066976574
29.9663798519
498.837857672
133.083800209
21.5775622753
348.167702389
79.7264584738
85.0370816904
75.946139164
124.143474714
50.6543839557
74.2198930321
66.0914368845
205.863518943
71.6232835396
138.33628788
142.251051046
514.151669146
457.388926209
51.5961955368
49.1948765789
81.0880285132
55.4934456423
68.9134020847
47.950309797
200.523065646
77.7635638876
107.926422534
89.0716390483
211.236382101
94.7915528675
48.4812167596
293.291089654
65.4309388953
165.248708944
147.395195384
86.9391953179
314.71275331
73.4971403179
94.1063179112
121.787252109
90.9884104281
251.15362228
86.6155276507
190.454089492
65.9946428759
79.3363952408
197.469672535
242.623183419
28.6559931439
105.822482659
110.743841483
89.9817704284
972.097938925
90.6882468244
78.4302966265
93.6058410934
115.539261378
82.4331246667
84.6140853634
64.0862063475
181.030503746
102.757537445
49.5611461821
80.7237095675
130.669100638
74.9260135643
103.620778842
26.2303392837
87.5362341327
140.767042252
207.985720775
84.5830702134
135.200196593
81.2727115649
57.1088868756
90.5226157881
66.0774730822
346.922583509
85.7902887006
87.9395551597
54.4810757488
176.604188271
126.466883375
67.7391128819
84.6035418003
256.385421765
73.5409136573
99.916917878
144.100117312
63.2186495364
73.359038274
80.8733518909
76.5633636473
91.8558719189
364.660478488
132.144592581
76.5713356171
245.13773168
399.284025664
38.3985050128
93.1254589109
96.7506726994
122.674666537
192.583842785
31.6034482248
57.9211412337
491.09024381
78.7083253672
42.0085685424
57.6072178366
71.0430409824
72.5149109911
46.9296768623
610.391844883
151.306297516
146.391187622
67.8128508737
107.776394133
105.322051098
394.505513864
83.4797528744
385.942737925
116.704611145
166.372142037
117.987656456
34.5325238629
297.783883487
58.6962114567
194.049363271
99.0595055924
216.744890418
135.333073566
67.8605665155
612.735785151
225.159418406
70.69055197
76.8240992353
89.6951020369
81.9064328505
72.2201042587
106.363697992
174.625225857
54.8541491221
73.4278827407
132.950568373
345.862542582
102.479193535
82.3621209058
76.5267408865
85.1864936144
94.9876408756
112.345809707
113.67251646
34.396703784
42.5281462208
66.765865623
170.991236474
68.0690886955
50.4455441385
72.2067906187
387.62615506
164.658817244
115.751869996
91.3213161171
268.949588773
123.375243281
70.8009910907
68.5380645241
17.292131902
75.8010952807
153.14136546
31.5486638369
82.6190685406
78.0700964754
82.2431303354
121.738482621
117.91454089
76.7642815514
157.86075139
129.436441801
80.4333240987
69.406813365
97.5209148947
150.781512094
84.5811698152
562.147765441
309.961288475
208.284413795
60.0902935088
55.792759748
302.239951999
98.0386977024
45.9945424474
210.438615376
58.2104250897
95.0613613765
104.98309472
256.27217107
37.4597118917
77.1972703038
98.3235255943
52.8958604197
103.424403118
43.4039543336
90.5078217226
142.200156266
130.36212426
297.057943291
325.182485675
43.9085121745
37.4186409229
39.0665738378
109.085793864
59.2061586456
51.674538755
139.732584288
316.04151696
84.7758830109
86.9005341537
69.1616164914
110.939850482
120.06708003
216.755426512
116.864155576
102.614178226
995.089428749
33.5258380873
175.209965908
85.1832918096
87.1235241631
79.1419763073
80.5292845451
100.104432417
89.7893168335
73.8989094625
90.8648494384
275.337945886
44.0164702758
163.89965942
77.951525289
565.658188714
86.984723695
80.5079206302
81.1303313149
109.952023855
67.8425886661
92.0158649167
80.9077608651
202.564783958
57.5019088239
59.8604940386
83.3939943734
64.0815744755
75.656629371
57.6289067933
70.3710659726
186.861688549
71.3019780103
327.734497757
339.411705076
105.405325359
19.8783279356
63.007966721
67.0535279337
151.571692992
72.9891265616
36.5619574057
86.5958314605
62.3900268433
80.395006262
68.4460145461
236.535927111
65.3932111579
40.1792500778
30.0682805802
56.1962200262
233.381491865
65.7034730586
419.764177372
76.6440275682
75.838506812
156.371212646
158.548915898
223.109082313
36.6647467689
154.124177688
55.8764209359
53.6935620785
581.014568378
303.442652773
98.8630536888
117.235345221
71.8079623679
102.068737623
46.9650879051
51.0492301656
214.771506534
104.919356999
63.6364801198
92.8828622895
76.3197297034
35.0877128496
224.121842626
315.633328778
49.5137323221
74.3829148025
55.687202345
749.528606774
172.143026252
126.103329364
103.955143446
270.850358349
385.27272
48.1008288567
870.415682036
550.878015352
107.987954162
88.2856574761
249.352353846
156.944372437
175.750482679
154.093686011
176.850375167
207.03349308
57.6135118185
62.7109147525
68.906513857
261.487177134
102.421780111
111.698132987
67.5537283733
577.543530779
135.334738728
80.5938481413
119.697093544
45.6683096649
80.6846932838
101.058749496
83.194156368
125.440794205
120.083739433
80.1118667202
79.0965077407
152.181226702
84.5519671827
56.0346630491
53.6939382541
24.1250817321
36.5182167757
454.518512232
276.148484457
85.0657107552
35.8428486634
76.4550037115
114.603890947
112.922752515
51.1981512096
171.933235625
105.094311727
81.0293420703
46.7607155152
110.308500289
330.198072129
36.7255077857
198.789481061
69.1902945624
76.6427216132
77.7813021371
194.908584198
35.4118477303
66.0003594008
78.442713214
281.189623147
55.5734800737
63.7931691006
73.3708299442
57.5154845404
85.1280011713
95.8121290921
126.731136429
46.5130406478
111.528981452
78.3069897588
102.080551005
55.5972591157
51.4686531033
97.4776845075
81.436033131
97.4185876078
113.188627964
33.4242863982
193.400637979
42.8275627047
24.0691511186
143.612199838
118.697159724
144.461215483
51.0319579497
663.924622681
74.6552648346
49.0671169227
33.3271869344
99.4026302179
363.646435836
70.3604711543
90.9938172497
96.5098132272
246.383336299
232.429925821
28.9169309936
81.4627919551
79.8167673807
58.260101591
75.1305097318
116.404619095
529.734626568
107.705339137
23.8868134407
65.2911014723
245.222601062
568.603612288
149.577849789
82.3243880829
305.901217577
71.1518612273
50.7925251233
277.376042204
71.7728706082
115.518656419
40.8333121572
73.8130966827
121.87216333
143.46568605
72.9532984806
76.2104721383
257.311558794
68.9717844771
72.338015499
33.364498314
14.2968608573
90.1199235724
64.1700894218
52.1510981395
117.533154685
65.8931356453
640.897900522
75.631471274
552.986444222
56.2776034872
268.446385759
91.9410458055
114.82813045
17.7381715819
146.258395552
189.562009341
91.290937135
46.3342509178
111.325827613
128.542937723
104.981921865
61.6344607692
58.9478583805
226.512141216
79.1604950096
51.7297600265
217.929471549
157.150327967
33.3669598742
118.073337175
175.7793884
93.7820314259
83.9106296161
73.869343223
53.149074368
63.2106984305
78.5419820679
86.6066951624
303.4434365
396.488396873
269.126193724
80.5119813281
137.422627852
87.8662684009
601.178006971
130.383040613
72.6097531059
74.3336129879
41.2409917075
66.2817026636
94.2360575966
310.209425168
64.4473907217
107.256294605
79.835659779
77.8746118124
49.2446883513
150.302045933
31.271431385
67.0324079998
84.6485349536
75.1094792946
28.8976417909
193.841711208
281.164102722
29.9238961296
81.4345765006
195.522950502
136.339635027
170.726910296
85.0256215747
281.874186071
78.0286908687
56.0790193442
131.887916087
208.229131166
116.825350352
76.7204906311
102.462802901
85.9664306624
240.181922671
170.080866152
89.1778103472
45.6453256429
91.5787128171
287.326751206
92.9506955041
40.1668120124
71.8087070415
79.9682913191
79.1694771105
337.032917474
126.527741571
130.973156734
69.0531088483
285.105711901
147.816533119
71.870729106
181.895097654
57.0115563211
167.226672884
57.7254561706
69.999283287
79.3518095693
263.392428862
78.2937825137
73.3428785479
158.753531471
51.4439087869
106.092293138
79.3398585922
52.2747101547
201.407913933
97.3320136561
26.6223985544
59.6007194241
114.331195961
95.9657140995
67.0760744589
154.334508542
1736.72305534
249.872511133
30.6226399254
59.5447695509
52.3587958373
104.264990213
74.6495665237
73.8568522954
125.850344245
366.018276011
74.898481424
252.589807548
121.022882236
80.7765831843
41.0159910453
222.255388016
372.590904562
97.6444145295
105.878060553
287.093626475
76.6630208999
83.9936049188
87.9718896889
88.1891470405
65.9132551503
105.846021111
109.413761968
70.154849881
59.9363909201
112.666053679
34.5987791977
220.344073856
142.32830997
163.101488749
144.432224117
209.306551912
114.627327962
51.8553435628
111.559612814
47.509201607
61.9211637872
283.205180893
69.2165928127
104.371265808
228.704286402
104.838500553
174.491890792
87.080751834
46.2118517427
158.328567527
587.214143599
56.9690193398
79.0791567601
77.6722975835
135.984883803
79.7742246014
85.5858499631
75.5483914599
84.3715895881
67.8469385008
96.8428867127
76.0581432632
103.340275636
77.9933157822
44.2295183595
104.701472328
362.950603567
77.9943366182
81.7609232072
102.494863186
116.904436338
388.071112586
231.144330597
188.590603794
63.8952149059
142.834115635
89.8947459933
74.8771995239
91.0794432428
93.3377583294
32.1766268798
145.57330565
246.687854301
249.512275926
249.694900021
67.6629944566
89.2992757543
64.4233192018
73.5534792298
1610.89334329
102.47171748
487.041556234
152.143903844
67.9591533393
117.815935963
465.05772925
104.4214523
94.6969805912
584.847268129
89.0157093838
67.4622735179
32.7320361837
171.510167151
81.436532398
232.094393206
29.2267375094
37.7305549518
83.566642843
73.9227057417
109.680326796
72.5034287426
202.812317691
61.6934541015
103.298401784
336.467242177
86.1002766844
59.5615818752
85.9096745941
140.131976325
642.913207611
69.8012851522
177.492061668
86.1246540244
79.5635768822
52.807040313
168.173218189
381.102078326
75.2884265967
132.937072959
101.29802967
145.025211549
190.541369787
180.914057726
130.532374729
378.204960018
111.569451945
66.6056308538
119.310715701
130.126269196
146.90127449
193.128652854
78.5850291253
39.5938431835
96.0867686402
215.323318006
40.6940866002
154.111352741
94.8078029385
61.842323156
94.4526780882
39.7503490319
80.7820133913
529.029299019
52.1663917869
160.551109137
137.334797572
327.220206825
125.588047307
145.615670665
90.3351123169
75.0150023559
56.0442523263
476.528805647
67.5458074613
436.298884202
179.972004461
216.632568327
89.3961596201
87.7076800311
171.534918252
121.096412598
91.9779479236
346.417555828
97.3980542892
74.3572413177
166.603390989
166.619489757
89.9533203852
92.810358033
75.1703273208
187.650735308
78.9923494074
76.2170200696
82.5961184619
78.5828958961
111.192105511
71.3831068186
74.4455429332
281.34666319
54.5901176832
65.4132045105
174.388082896
75.5904711922
69.7816905171
305.102398099
182.09820142
166.306378176
71.4492265943
172.367765274
74.4429947832
35.5853236242
374.071870778
150.599427273
315.110903798
68.4249414389
84.7746943734
56.8961859349
103.78342767
75.4398684812
77.8753900998
156.785822494
167.365695718
344.174911691
107.340506406
166.896729464
138.281385041
25.6509201287
80.1548779081
109.300269743
70.5548349542
76.8533243601
82.4634789611
87.9694171451
67.90501981
50.0268660607
56.9673669532
37.3585042283
107.430373051
162.246966196
76.9530188421
270.556080372
82.9949628301
186.1615275
74.2175679034
21.2700272081
190.010565189
211.811745993
95.768656677
112.173453474
95.286184151
378.169627592
74.1313636791
84.6777380275
120.174505535
81.6849373871
133.005774155
85.2340045972
194.220803334
33.4827529852
79.5468057126
74.0406872447
170.934267013
212.314389802
149.486450485
577.946505555
404.302810558
154.652455436
29.1667393589
148.782905696
82.6237786253
410.310433605
302.442094614
82.1453914804
57.446990423
95.0123478674
85.3506283032
74.6380677647
231.02395111
120.625914633
78.1892591916
525.216477057
146.574087265
80.7569871605
230.419848066
227.41744097
86.7330910013
30.3057637887
88.2711047007
241.68138474
73.4433051858
69.311331024
72.8079793596
84.7296718825
158.967733652
74.2431397992
211.999007281
81.1685270716
46.0373374486
75.0040773727
88.3480108006
42.7260508535
206.640658004
569.842239288
49.1964717122
61.808301809
319.544920305
70.0815848189
122.322826969
47.2814808366
130.646960348
84.416991988
75.8677143384
185.037698382
105.51858379
72.0363437899
100.40758578
107.120518461
421.147249457
73.401277772
126.866494321
150.558159057
47.3761955411
117.604204211
137.168697603
430.177231454
131.536836955
54.1751457402
36.3276117834
608.682684882
663.332189389
210.392869952
111.977351586
261.732461689
453.596931028
74.6252888834
367.970462919
67.9387061574
133.718998184
191.744179414
278.816481814
93.2688021146
144.379853129
124.687180812
154.018036677
187.350839764
397.662487793
121.516114281
79.2483436427
102.358616375
