128.16831025
76.8104021565
27.8493450297
42.6446741029
143.274427144
30.7633323228
41.7337633213
73.3210860046
32.2729113596
297.832172296
60.3992867938
52.5861838577
79.5410581597
120.071380745
31.7924123078
56.7371441426
71.2753559184
36.8794261752
7.48341893584
47.3494948495
81.2030901024
47.5212280229
79.1980888055
43.0017455001
42.9157837875
82.7636061164
13.7607558587
53.2403903879
55.8804532423
82.3677460508
26.1816410987
29.9411057013
43.0876245522
121.30580745
135.255259803
80.3870430424
55.3880762347
16.2469881823
45.3935489276
178.694298544
60.5058400728
117.797358008
78.674070485
42.4387443121
61.4596695376
19.1060171315
49.9540828566
55.3304337638
27.570479838
32.8094458647
205.28870726
91.3663413785
132.880956737
58.5807420129
33.3218872842
26.0684654487
61.2877078171
40.2914013911
70.1084500889
73.7292951248
100.753913156
137.986528851
214.501254188
93.5277612632
68.2050211886
66.2371627156
67.523934534
115.593144186
56.1568162487
64.3043031406
56.4217756171
33.2215202156
39.9600461338
74.2736012884
126.57699435
95.7603697632
63.4446394061
44.0476300113
32.7360691268
85.9227817446
213.359879023
395.738375951
138.110160259
76.4520007173
24.4460756328
60.2395674743
330.595344018
28.0380632766
73.1243908743
71.8672409111
36.3091975828
119.019451206
95.0856432619
81.6329502064
75.3024439096
46.9171535515
64.0722435095
72.4172518456
157.953209114
79.1980479572
56.0899293466
157.269761146
69.3565406781
42.7491847878
50.4431754872
54.4047970684
92.4882298483
61.4323998413
115.642343027
54.31295322
104.092216625
88.7000326303
77.788354976
607.774992231
83.9587853585
67.9157478709
85.640349888
98.0998397725
66.1420018117
323.703886262
25.0467825584
77.3912081883
98.3343011617
25.6195935524
164.007753345
45.6135447302
55.7687501236
40.2361971134
30.8163916173
266.116389343
73.7644643479
123.503007431
63.1073556819
24.2754127852
33.6230708346
144.324720547
38.9399284849
88.0941056612
54.7545031633
53.2961720473
26.1910417791
334.869494918
149.769995181
83.0197087639
59.7255943176
33.8989179555
45.0307564481
155.833280702
73.7443254192
142.183604578
30.1463015383
30.0881480583
54.5822986354
56.043802423
33.3339698087
120.546252978
17.3646529095
76.5917497913
92.2766652757
27.184692793
9.70947190094
164.237822186
81.0115829996
121.439923839
335.283314141
30.5480680275
52.1833751467
78.2131249575
79.6757124644
51.5505465906
89.0786235252
74.6913392543
64.0054774873
85.4354128034
72.0414062549
24.9284583486
84.3683298929
279.796957017
54.8913388463
44.2988246884
75.4857838435
43.4619159113
78.9075331934
152.165317737
54.6673989459
88.0323655646
28.7760403145
72.3644808639
85.3434074391
114.414806497
19.9878317605
24.606709357
66.6768304346
50.7495390155
40.7167986942
184.80159217
77.9951650955
34.511519488
59.0717215427
69.8527633222
200.958829394
104.707623591
115.472455832
102.768421401
48.6770722124
74.8925715546
80.0466186442
123.42211886
74.1097609064
86.2031512415
74.5878634449
52.735839241
132.241240077
58.1156145218
126.903246453
65.746919874
131.06524357
33.6398997169
35.9562085932
83.9934947832
14.6773425437
27.4933101206
111.583893464
63.5933984318
71.1529359767
81.7587684105
102.073419307
72.6440475637
74.4180483951
31.3815184514
41.9475797179
54.8020743421
44.9680793888
44.7700340252
66.7232046177
87.0048876389
80.4632968004
137.799556535
149.365879969
86.0610147256
100.877769147
92.5791905179
72.7849979137
263.993001587
59.3445539446
102.480093658
45.8799619309
44.5807216814
316.517853252
29.6878074445
97.1289179381
61.0330886069
85.8297802743
33.8892666938
34.0559995665
46.5912043424
68.6463802492
98.9012592872
47.9583830573
143.387423647
69.9376481823
401.0082625
51.995470059
84.763640523
40.3832273956
115.257851202
42.5593345899
91.6662162173
25.4021166722
121.73403511
50.8787132975
50.0840165307
101.74840533
23.482099284
98.6271814369
70.0368733841
74.8449211902
19.0537705111
61.2819979333
60.1508206838
16.8075506578
77.9500661126
43.2732470755
55.1047527523
75.9266036819
84.700075678
121.930903083
56.1573051187
75.9617455308
107.677403831
64.4161441873
65.9399536877
78.0371055216
105.309946149
57.074773305
189.560460131
51.5009764527
92.0683623535
150.15463341
402.513771404
72.6799325105
78.5179818568
19.4059102472
134.575553225
45.8287563742
117.463631397
89.5669283207
57.6860750092
85.0582567557
71.2140950247
67.6180806774
31.5412444054
21.6946107608
65.0473699115
61.8999135012
30.1173075941
128.274628156
46.8814582903
89.7346881514
32.5443450249
44.8756337854
16.3483159157
78.0947482842
74.0640344154
64.6553718698
50.9675304891
36.3821732184
25.6879843283
110.260276549
71.0727248647
249.8948547
171.513697044
46.1473341578
100.028313279
162.940576802
20.4472279077
41.5724892168
15.9870447433
69.4840737735
24.2927544502
93.0790977174
58.3845600061
87.4965716338
31.2101857307
111.534974771
38.1862703997
36.9541873269
67.7773965015
24.8876164488
73.9827084186
54.7075888242
235.568549322
62.4553771931
78.5026276059
80.5225509001
58.0062445232
82.8746148996
63.3679720315
230.957430607
77.4864710117
56.1695781779
24.0124433631
38.5331827524
46.971115699
67.3568829435
182.273136981
49.6994700721
80.1307049849
167.477043658
67.3802018649
52.6258806301
147.691186113
54.3999286098
71.2306297282
33.8190938155
70.9202944794
94.894750413
69.8437191357
25.5564564179
91.3923147158
32.451212649
63.5411742513
41.1482997479
43.2439353035
146.049407081
114.242026314
58.3261736685
74.6013032088
33.2659585276
64.5757151858
105.106574791
82.2454098735
40.0372142608
62.449117855
38.5418944426
72.2704659809
39.6866827843
83.8717622766
30.8478517857
27.7441311672
171.785675103
52.1068591549
56.3493010616
71.9031362498
30.4343992749
44.4240526388
109.564260646
41.5081781587
79.6286814965
35.5847223836
69.2047962672
20.9619819686
44.3731239938
128.482007187
37.8602299287
24.8174852278
34.878358024
82.1974729915
45.0396941901
52.6499657856
77.9012969642
56.9627756506
93.5405936937
57.502632278
67.8943680693
79.4187599528
61.4952514507
72.670635936
46.7059248906
71.9209490207
86.0332273704
86.9441338549
70.8927087343
34.0691275135
27.7188414447
323.95414895
56.1629867434
196.4727362
70.297243634
24.7155581228
90.1427487027
67.8320362279
55.4059339428
34.4894350538
55.2661445947
58.2305979334
30.889520078
61.9020631754
76.8271410127
44.4658201879
312.339902692
83.2399411162
76.7541924539
145.567959852
239.114040716
157.42584702
24.621051045
83.7971002941
163.276655107
27.0413786465
84.1507165436
48.0489435025
102.585147761
48.5705786642
64.4331185422
86.8648341735
55.531913997
31.295893497
70.2013861079
88.7819597927
70.223984865
73.1105498798
32.5662925759
79.8380860816
24.3446936188
117.364483598
93.1776780705
139.73194335
35.8941572971
47.7141975683
36.5127308443
88.1252350101
74.6563761728
37.8728722021
99.5586928395
68.879032904
386.051025447
118.982736228
82.3191537711
38.0150242947
14.1500808457
65.2643465252
216.396931917
66.0776875746
25.4328285419
98.1525750926
85.3963188843
31.3822179635
90.3546213836
32.9431655828
73.7168046029
43.9076815741
117.79158299
85.6724547688
87.3512768599
85.7309372397
55.5418824445
21.4103014312
69.3061786142
169.358145942
64.4416181976
304.864156093
48.9508256457
80.5662015116
153.947993452
64.6061831282
54.1602471549
117.341455497
54.9905201339
24.4674219662
62.4819523435
135.972560475
52.7204066286
44.0449549013
33.5862106581
292.052532074
30.5659873097
17.2521777434
58.9126410314
54.972366577
22.4698261902
73.7591391713
71.3942369311
65.3381782465
46.9849766336
80.2811726301
52.409266043
64.2714822393
54.5422028152
56.8496177232
73.5844978714
74.3594969698
68.2396417138
78.1382022094
49.036196388
65.5469995096
176.680439243
77.9686484066
28.3512178382
67.2256064676
33.8174486063
115.497109117
112.648359183
91.0449095454
70.724284976
73.3979800972
67.1488181326
34.9150047127
44.6475417748
21.5275974945
187.891713121
111.628333316
58.6412978862
131.533529395
48.745918783
99.6073717759
26.6119224462
69.324819388
89.5915680895
45.2341800565
63.0786821263
33.4059269244
280.495886505
60.6290498095
39.8626871099
329.01056711
33.6179322079
64.2104452684
67.5746246917
84.3784146703
113.06211642
75.6860264525
89.4160743728
36.685706774
68.861415953
76.9341415022
69.3818817011
75.6579928668
65.196913398
46.858151913
142.262080457
30.9529942111
125.171189037
68.1496803921
109.025357261
44.4329266651
22.1425286123
25.7259919988
25.6246788988
32.4407720142
40.1472886429
13.114025502
64.4303119835
51.9211417951
34.7185920069
27.0963553184
114.434689713
19.6962817655
97.6997632118
53.5807159495
41.0603442834
21.3355255529
57.9044142448
57.4207522432
65.7188704517
57.5064435936
98.743520751
81.8915795199
96.3119359703
28.2893962652
294.506011651
90.5888723634
120.715759644
63.8111646998
45.9330618129
74.7611069879
69.7403674496
150.278615458
96.2338108308
72.3353590505
267.48938601
63.0524011108
67.3863208677
36.8628136907
16.6520120669
73.8990265827
39.0481043082
76.3082039682
96.5973797668
57.8307402761
66.2788983685
56.4090396583
54.8827868537
38.2542947399
89.268011992
35.6520484768
35.8758214777
56.2758192217
108.031744933
67.4567035487
67.7453486527
29.8876847524
110.340652172
37.0199709003
74.7873180123
74.3964725539
62.7544950451
101.990102642
73.1773221528
76.5122469097
61.0575164025
100.154094979
66.6361682143
44.8501325737
14.8805293164
31.1891576169
71.1694955089
76.8345148859
80.0543076226
113.702725305
82.0667210559
27.9993375889
113.390823934
54.4159041159
53.5367446656
34.1115822242
84.7742283649
73.4923470232
70.8496263341
64.4951374529
38.7598036306
154.033861654
68.9055180251
49.5265548429
185.767418724
67.0951050708
68.6514192339
48.9291948292
61.6356034979
80.0083743389
67.0224348022
132.732573722
92.5384814439
96.8934489188
67.8025490281
68.243343578
158.642010303
59.576490009
45.3339760245
37.6087869768
269.875402696
37.4474399666
46.2455774712
75.1405202901
415.117038051
122.760113187
44.7599978284
91.6784341946
72.7292444904
62.1479303945
44.3380760404
28.5027761677
47.7925753282
19.8023848317
83.5825521017
56.6316541223
42.4647244578
58.6007886513
144.857177435
16.9440482481
46.9366714908
130.794042945
44.4047316842
59.9375560171
34.6661129514
94.040197261
64.1833199392
55.749313043
288.24318923
92.6454527314
60.3345937774
128.736534206
82.8703143063
89.3438195622
61.5059950503
20.4784352882
111.870601748
50.7711163076
38.5256931775
92.914932831
96.5536842556
81.416322238
19.0087269145
197.237004773
97.3592607402
125.724836621
92.6363670468
49.726276434
69.2365042056
72.1910049972
47.8634837442
70.0104957875
79.5429997459
57.7981534032
41.7644020869
33.7269429201
30.2608565617
65.827177067
92.9473037545
61.4436231617
57.6927164568
81.9325981909
52.9197189504
46.0089320899
74.3915213187
89.4540371693
17.0017035891
79.4892028335
84.3585303754
106.518711795
27.5176581938
64.3874396742
88.4606017016
39.80448005
123.90766774
114.497196195
68.9553793774
114.062671898
128.762455967
83.2207392345
159.420329762
86.697392053
24.57670663
59.9836315293
28.5991326432
63.634054156
50.3846181878
135.864570238
59.033923938
76.6200792534
69.4792616832
34.7884745619
33.7768552778
101.907647264
93.7245398413
30.8236097257
112.496415223
63.2214353133
58.391404391
33.9557467565
50.9797829893
35.2992100922
135.817980191
122.414080483
22.2253374215
24.2608785036
74.3359838194
79.1544888603
75.5185160143
103.543193961
42.1281277042
33.4572703156
63.8834402721
142.773002679
71.0550341373
40.7335230494
290.559518745
74.4555670991
67.9134056543
79.2713040624
50.1248327723
94.5601263985
37.9374736094
79.7006677763
68.6371372714
53.4380310096
181.591149422
32.2794040097
524.538953087
101.270757416
30.6637530711
81.3765296928
78.3888225469
61.9067800518
250.693575071
146.009378279
71.6070942681
34.8864583471
65.6436717217
114.293662713
334.338390941
69.6867425279
69.6910329928
82.5229724076
64.2856994362
85.7065881838
66.9405357143
45.0871040103
49.2760764065
65.1422761096
81.6357702345
209.767466329
149.647095226
107.91663915
27.237379933
71.8851066598
27.5076442861
70.9093512267
46.8268105877
18.3104043557
80.3951714768
20.7929536952
88.9327028754
37.8329970886
74.2531327847
28.5448093317
71.6541147298
39.890284047
43.6783373204
21.950722614
110.324361279
74.6676128186
75.7805459161
63.0786520176
27.4871685972
118.823137106
68.4071158587
59.4140987535
113.238463356
62.6825505945
98.5878930014
52.1880550696
40.3119982328
53.4519209004
70.7643160758
24.9551933723
36.2158857866
57.7443982821
45.1478641635
101.795642671
307.736000306
93.2065035902
28.2614071533
95.3162158336
65.0803087577
76.8643332462
55.4439625461
100.390135999
75.3161056659
124.74707237
81.7175000217
69.7956228279
52.7667391961
43.9937440568
112.732688248
43.4956208393
94.2787992404
88.3808863086
138.960774772
76.1621485427
83.245042169
80.6976183315
714.092992203
26.4900407416
10.8127040674
28.1731684381
84.5568677498
47.2524985396
49.4957998215
48.7600981335
112.731492002
56.4673763326
151.17138721
13.3364090129
55.7930162698
62.3629213289
26.2276917004
30.6530355205
67.8079398548
70.7546007867
55.6581816409
28.6436576757
69.4150135815
67.803646029
45.6663959001
126.258463236
7.32476926599
46.2948477208
68.0460711839
119.960660689
67.8327259768
87.1812636062
49.2776125935
79.9703894054
47.2340306691
92.3833528892
246.384673417
41.9781666252
50.7031872745
182.773367943
29.7983738234
72.8188807505
21.7778454141
77.8378087704
108.394750847
47.2002335803
49.0020741556
92.5724030894
82.6211875865
112.202298878
87.6366325591
102.24290518
177.855839143
41.9806391897
83.9012385873
13.5320297874
48.33867927
84.1100239373
23.215454614
43.9513999518
66.0388037436
29.2049318345
28.2330431531
33.2125030607
71.4643941984
17.6297383181
82.9369049207
98.8155600088
49.1191349995
212.146401847
33.0044445865
73.039281723
45.4819328366
158.116901134
95.8915777355
96.1339958844
86.4815708658
160.142730777
76.012783514
66.368487383
31.5260677221
32.1776357567
57.7256545196
65.5716469593
77.2338243194
18.1161272388
84.3228951648
77.6363266677
80.1002940357
193.29448254
60.5277182931
63.1721681315
85.6329905645
40.6118045461
69.8470949567
39.0147169026
165.891576669
37.4516245808
49.1160760308
100.864624245
61.504292874
67.7521208935
54.7988822185
24.0397789347
34.5261483254
66.6706395315
69.1384897108
41.8747078219
110.788743261
127.589137938
55.0778722709
69.1985664259
71.4288314049
67.4018011703
25.558414233
117.714077663
40.3142725162
119.635624076
28.7945185634
21.175213099
60.3415292461
32.1054103202
77.0098636653
65.3402051379
44.0585814574
91.8448064172
32.25270351
71.4560310572
35.1558625563
37.3747064766
96.6625673181
35.6976070659
31.16623712
80.4552772832
83.8848799866
55.1686622332
61.4330179093
110.278754199
73.4884338448
79.4186804455
165.357751237
25.2303828971
40.7412806373
30.6838720009
67.7008383329
409.038597191
53.390354812
56.9573818536
59.7324866421
36.4717242413
57.3967076494
76.9903591386
77.0289645304
65.0591076815
78.3272533647
94.4034320028
166.763358729
67.4113681189
28.6317088054
60.0196176437
31.8099006275
66.3946016185
69.0859309952
107.167501502
29.0434817535
50.7856596289
38.5807903001
65.7048336075
100.704557437
31.4591363773
68.0290918945
63.8980490917
24.5960867494
77.601267037
64.0466350627
14.1684147112
106.937984137
51.8297620915
170.179042007
34.342669754
63.118308383
52.363560626
99.0356662119
90.0027357072
33.4102735196
265.219735446
47.6667084033
45.8572700403
69.7744147365
32.2182504857
15.7178561114
122.818464011
43.8031482953
64.0209472017
76.2914286662
54.1927468624
79.5618568253
21.4105220851
47.9624782892
81.4320707576
61.553466335
36.096085831
73.0560356068
99.3376207085
102.229122998
77.3792612667
67.8033170371
61.7282173306
281.037792977
44.5760523326
48.9446514801
79.8894013559
8.4025008351
46.7748236734
81.0653462143
70.3185904442
76.305529812
19.7632467667
61.6751659337
69.3071819487
93.4620703616
49.5544510668
39.0753983126
109.386148663
40.2748986119
65.0624703476
56.0391637553
50.2076384359
30.5649369172
31.4144586852
87.182459973
167.870801963
35.8563410268
106.536182999
170.908815
55.4663658159
71.9100541638
53.8852553825
25.526733746
60.4040932949
125.763231345
40.3455044843
32.7546547353
67.6891117735
26.4519501802
45.534598345
101.367754171
23.7821069798
56.920533076
134.821439461
46.8650320617
21.5718280744
103.594935491
30.7983536446
89.880592232
48.2537024873
70.4875186786
59.2654404007
75.7945175938
34.9733631823
26.1138193445
41.5011637137
95.0376958823
102.319181754
89.4576012794
61.9395140252
89.9514459473
66.9407928759
12.851434904
30.3662424356
46.92001737
50.6480848207
25.0221713965
100.689922906
70.5086301621
55.5779711328
116.094866441
93.8410351413
88.0042655475
88.2694566112
75.6695245105
81.221788075
62.7439916722
94.5205686068
33.1229001836
24.8511006836
76.718231282
71.5124002215
77.6455316043
71.5440869781
40.6821645052
62.8200601398
41.3332431342
114.004246032
99.5665273123
23.6555766018
40.5138897653
10.1889489395
69.5038653864
65.0286774944
52.3228936298
57.8530511477
67.6974379774
88.7334906554
68.9861315105
140.575848314
141.78061298
32.6154163489
69.3530280275
37.6841738972
73.4077557281
63.106126226
80.3949713007
104.646311313
30.9472144962
148.637685388
33.5328972837
22.4644583351
66.041796237
272.786598456
40.3722690082
32.0338431623
222.799945011
71.607006035
76.9238814529
56.6303287978
45.2038678298
58.3790517086
22.2550623139
35.3993646477
70.5514157729
36.3198847957
78.2208564138
109.970009659
15.6292258439
30.8006855491
57.8083182992
51.017305979
155.20142276
71.7127989019
130.469457599
97.6821028752
51.6392159841
64.5745734604
90.1817159348
30.4763388947
113.057982742
97.7108192433
32.3128641098
56.3689921539
120.932751892
47.3395345632
159.880914761
120.534015604
40.3140974416
19.4801525292
137.270736253
31.9199582018
139.022266172
39.9034522639
35.9196013363
21.5419330887
27.1068459741
35.6247035462
64.7712090289
62.7818281851
50.793454899
80.2497676869
115.934232711
24.9341562138
29.1681370553
127.213906648
69.6612143548
102.124686086
72.5279538373
47.9075622841
46.0081419128
73.5141822733
142.14735471
146.267871664
73.655812587
57.0840314693
69.1013970925
79.7172690103
73.7777932367
62.6733410186
60.6194604479
73.8819764903
33.8516797633
66.482189215
156.772140287
42.1858372327
85.3006255174
23.002157518
64.6913371236
96.5061859505
30.2591073163
72.5431060756
43.5914038215
26.8964067443
41.0665525074
23.1566512941
38.1642166458
95.7973291977
20.4817348337
51.1094673766
151.754539666
17.0620470367
40.1306942496
79.178703949
72.3404039254
151.573932542
75.3889405442
110.467008279
63.3667587535
49.0006125109
64.4729240569
59.1429353386
56.1663830736
28.9346974551
43.2353840793
238.354532833
113.724312487
244.474890797
60.8867232056
52.6503285401
68.9412415237
20.9066945072
44.9011751235
76.5982342718
53.3638652379
54.9536543138
80.9894488688
46.4567722017
51.9334924751
85.8799965762
105.753613273
83.9492777321
85.6883649254
107.80417044
117.396721865
38.7372022028
43.630755219
46.2142511406
126.860949515
59.012403982
36.4723048989
27.6415982807
212.357853679
35.854256144
51.9776870461
41.7759755674
71.5737949443
19.1047756269
31.6136230873
106.053170868
16.0761671176
43.7653823915
23.739300902
57.4522319564
122.032375998
57.7054619192
75.6051925561
88.9544007181
40.0718675485
29.6444970642
87.3944781651
40.9196800114
509.097059998
19.4109113718
77.3410955414
43.1973977721
85.4847315681
115.243121632
21.5045170873
74.837452622
63.9699424499
56.5392026232
361.014615466
78.9016478801
79.5066022765
66.6233507241
67.076019203
93.9944679294
84.1413741512
148.448875385
25.2619352125
43.1622367556
880.908049575
32.9249258009
138.905882527
24.6634256207
89.9401591406
57.1901226421
67.8458374352
66.1589322632
39.5580059363
180.52604596
37.6231450087
40.6311297925
100.91568531
76.5954354765
99.4664691279
9.24025560697
43.891196317
180.431616645
44.813630178
75.1489358546
20.0342605483
35.8925419345
60.1937347015
54.953173277
169.572790987
16.4725433013
73.5631531183
54.4585234943
104.194274084
55.9478348184
67.7561742672
47.5212542588
77.5790264015
73.6407433547
38.244187416
52.350622348
36.7786676523
73.2525468189
82.598745658
54.9006056631
54.3568177532
90.9900303205
119.861437638
53.4387648632
101.520997055
41.2299387102
28.4831162825
114.080443112
58.327973099
118.091211829
90.8622569474
82.4754144
62.4836837084
81.534389499
161.627699572
66.0574680404
71.977346676
41.8406269334
81.0412386188
120.515267118
73.3766906491
93.6589054908
82.8889676058
53.5680406623
82.2445361735
28.9618572157
40.7268166688
35.0010145685
90.5060162701
87.263133861
18.9361578234
85.0941561023
126.64315162
59.8066218448
65.5899580755
86.1034436688
79.3381945937
74.8729603997
54.9449968794
93.108192656
107.554715053
28.1341748585
30.3378731385
85.1398269008
79.3805304132
36.5902139462
39.7122621386
5.26460131001
63.1059942787
74.5553771154
15.1694345711
34.575450898
35.9954637237
70.527049154
36.6880264661
15.0698012445
68.4905597555
29.0548825107
98.8933448138
55.9216167025
271.088979285
79.13850582
75.0691925158
279.200655845
51.5645773184
43.106178935
76.5671674782
42.5343487116
89.9785646501
130.806635958
92.9715105553
81.5127498641
155.057788086
39.6174448282
66.5678268238
27.9442334472
81.1918065449
68.2701826852
89.8970781367
59.9078994378
59.7217116966
57.5168607821
103.913035447
42.1940156378
72.7110978951
66.394507166
36.5711932893
162.957214255
79.0175536381
151.700684857
95.4873710682
152.216916443
53.1489314606
87.0405531421
129.870715472
237.66755653
106.749520147
30.5980954926
64.1598412922
79.1642161442
77.656377219
71.85291666
76.917945054
104.600154769
47.1518343165
78.876588052
96.7806067684
169.659824982
117.942234575
86.8327156723
60.5619007864
22.9309925212
62.4497547087
24.138861734
73.0535562868
157.517664437
61.6713504779
81.6718872594
88.4828568348
21.9786430107
76.2186492703
58.7448396497
78.8453764704
37.7337622078
174.554364677
31.6523765403
37.520792666
83.1922503359
74.0311101182
81.0310716594
57.276779054
65.0483405369
41.1411859237
17.8294679661
151.254703127
75.2249603209
28.8355110333
34.5206573045
43.0907620432
61.0661871778
109.971074729
73.3222950309
56.7208640448
51.7190835371
55.0021179148
41.5859051315
125.029518106
71.9403854305
82.2128969703
61.6365089657
114.042733601
53.2042968964
93.9129262446
219.816483313
117.308017625
75.3891275725
74.6214595008
122.357192741
45.1776042168
124.25248855
69.6057492993
64.5221475893
101.674280668
75.6090514658
62.7824683655
33.0218228305
113.551443818
29.8372331112
9.6572018323
60.4989496605
57.245473069
30.2396410781
130.787293129
114.787922688
106.284640033
24.4067540868
43.6198089618
63.4873302645
222.990514922
76.5804250169
120.117254278
46.8805928503
64.6211320985
43.0470971758
76.6541374303
105.935305084
18.3297281625
66.4720674077
81.3967434805
128.521179053
91.7500096454
161.806163004
39.6816559696
43.8779857656
82.4232056993
111.964657425
75.7800340632
99.5750583559
46.0743437258
33.7020830541
86.2067858942
156.729756085
48.4870387021
112.537218669
56.0454255362
47.0185830156
50.0437900345
113.209090192
87.7261663819
103.182801948
126.54114194
80.4574809993
44.0268663269
112.358401311
51.8978568818
39.2669348978
37.8988365356
416.22634603
83.6544798036
63.492265163
101.735330746
150.785252685
44.4967115791
90.9025148483
26.9943838544
95.0394205302
192.441336058
187.834550591
35.1501346851
52.4066902924
82.7895365025
45.1018919865
291.448107449
612.695656493
37.0247263176
54.2261602034
49.867769633
21.9869802228
60.1383546226
47.5427086267
26.6191819092
187.939001037
244.577682282
124.044274923
144.29903436
50.7527735301
53.7786341659
47.0053071948
154.497877205
77.4702838937
61.8990098284
51.4112116309
58.2525244746
78.0909329415
122.654678654
37.4182975736
79.0377919026
79.3200505033
75.7301394063
71.9161144133
63.5699821013
54.9759784127
171.821754379
9.4377545952
55.364283609
25.5411586826
72.0101276103
89.9906598201
295.512492508
39.2914782576
50.3980586117
95.1758732437
123.248284865
100.675295746
35.1172040786
71.6530914478
48.9824873533
41.3343377041
74.0728327501
113.345163494
48.7244549546
79.8071408976
67.7544585893
44.5319952813
89.0189522645
41.8314842932
95.8869336181
265.572499822
13.9709002412
48.782079649
113.268665919
17.0083709569
170.791275971
37.3256392353
50.3540599873
59.5462319376
34.6032754434
74.5923489662
75.196969116
431.371277488
77.3020517725
47.2892885546
86.1482074589
8.38010669347
69.5443108309
80.0400608098
36.2567302451
46.914506328
624.370894728
42.0478093846
88.3341669909
18.3921685703
77.4199111409
50.0335262265
69.2887662154
57.154618509
59.3204920584
26.7346017376
24.1156630814
85.8244459914
261.737341046
50.9481672621
64.2965311625
63.110059312
11.8702628577
45.2248124592
100.761161484
32.5620047268
92.4604093474
69.2400094982
59.4561552466
56.7801765327
54.84273195
105.036619178
116.660396301
153.972911234
113.358975264
74.5549613962
109.957032331
75.6960854142
72.1116126721
102.153849419
268.050775955
93.7621953312
38.1520805775
49.6980967641
103.632333263
120.77548644
66.3291428455
107.220477412
36.3068085935
88.3656555502
67.3850891712
60.8555649004
325.924766437
49.5438770672
58.6630376133
76.591630269
32.982826719
85.7113842694
296.276885918
66.8747852415
33.3781108003
30.9925581247
101.950436101
77.1169116901
42.9119899288
36.386292781
260.461466916
82.31115209
81.5091605228
136.114026588
45.5076509582
55.9650047608
14.5874759711
435.205307285
73.7980893818
132.414259345
246.947743954
93.464922414
58.0069693971
21.6267702117
91.2412303791
82.1769745241
100.509899109
72.668142723
53.4579083816
343.499129431
60.8268730265
79.0539955029
161.069381081
87.6416874086
68.8290225737
84.6210158522
57.8568726687
80.2808338757
165.470417858
65.3839842341
30.3543800416
140.364814982
65.9842032698
56.8451777403
84.8156403008
56.8992389352
70.8776487619
151.314162753
63.8567623286
197.383730346
45.3183801998
33.5134742883
143.311883721
50.0356413566
46.6576920606
450.864304744
67.3721298297
23.7723184097
232.849676831
52.0631531604
73.2552718236
113.38779314
15.4945775868
128.205531183
81.1499993482
45.7071990605
57.6359018456
233.088510511
79.4350830881
46.4662654001
91.032025369
399.874612958
133.751944313
53.6359481737
64.3170425709
117.044153557
59.1191191868
25.1231540708
189.652403278
60.6635345162
58.2978670867
29.4765121198
251.943987694
68.1242875935
29.567487567
78.718238894
133.07598406
76.4980194087
78.8986944728
94.4140272999
73.8128721009
25.6841825359
37.9603539761
42.0284026734
105.282150079
70.0242027151
62.2426136924
123.468112876
102.592339836
12.8609140153
86.5356263335
78.5347249176
70.633594363
36.281144291
107.371090512
59.3146996958
57.8753351595
65.1783391473
64.6154942521
63.3476663579
37.9803980197
70.0483550123
17.138213912
71.2531293796
119.020882179
166.175185888
169.679380318
22.8358680446
69.8204958921
36.5922303681
77.6120604442
152.450642473
79.210498062
26.625849065
390.761271721
70.9214744964
229.038800638
74.4187906411
40.6194891867
20.38880382
331.750356379
38.6889815656
52.6036647373
81.2560401054
91.6884699302
54.7790446854
56.5180850422
77.1216364819
58.3611800016
55.9504494921
68.1024465909
81.2942421548
241.484395451
116.266104266
281.57822429
62.7848949632
52.9321362809
52.5514515988
96.2320937373
22.4956274181
43.8856183224
100.331840112
75.909767885
54.2680849311
95.778705295
70.3177696431
131.121918002
81.2949071751
16.1213017459
49.4994914515
36.7603524816
9.38344448189
46.8916879701
51.3740596454
214.425364526
67.7960498645
37.4882772108
26.2122092017
37.8441322284
73.4405210571
57.7885219525
35.7753731256
124.635527994
32.1448304325
51.412050672
43.369649665
61.2514718606
112.477200187
57.3713941854
97.6877576792
73.6142107038
79.0153425315
113.003605404
69.543927676
58.1987664928
12.5013463861
40.5831590604
21.5494927763
53.4173807437
47.2180875114
68.2765162266
22.0765357199
60.2817236487
74.8361266652
42.7924085913
74.476999919
54.4213723745
99.6925673917
26.1990033777
75.5066483289
168.235152868
105.355159893
28.6124661641
90.5651531054
61.3152968351
71.8531114373
36.2604476639
81.5869821318
76.6168326495
64.2049405868
70.2338753823
63.2826446648
80.9992668504
71.3530739538
46.4967383692
49.9464443472
24.9896368979
71.0317751411
27.0315507339
50.8544316966
72.7032985077
68.4830315155
312.486766704
63.0363580978
43.572483186
54.6161996211
99.6255285851
74.3700805142
46.3732250297
110.393838461
19.5483555519
64.8155480042
168.259257241
96.1871660117
63.5572604902
296.698273246
70.5357173537
16.9240036505
38.3420514858
43.1399953748
177.187037922
67.8179333221
61.019257363
50.2420687772
62.6833297295
81.5128686366
234.680229308
55.2015129488
9.67367773769
30.3198592784
90.6371748409
295.687526916
38.8017564151
55.5441757907
54.4921364315
77.0732771065
82.5601328611
32.9756078505
75.2281578433
77.7635025175
65.5356553461
76.8048619484
76.1281931822
37.7987202814
51.6152885426
88.7178144191
24.1801089465
142.421626479
17.6510846345
49.6038312942
89.1943649617
118.444342565
76.4471050614
83.2902227444
59.3522078171
96.1643615697
97.023097717
116.766432091
96.6178142727
89.9893558445
34.4873222796
87.5461605632
42.9055093
71.7175699128
64.1786412477
31.4191351462
52.0982661365
72.304307783
78.5519044806
77.6376981989
175.13808785
62.0935201866
43.302366003
76.5854496303
36.65497102
41.2528487571
29.0496428132
64.8051527976
73.0177361117
55.5151380401
113.8105641
47.1935681284
67.7797939083
76.6278013499
101.265095327
69.6943448913
15.627467252
128.668028298
49.3754484692
81.4157855761
85.953205961
54.9372376673
36.24119271
56.7192729798
72.3747921445
87.7354479988
76.589727067
60.1017162375
20.624077048
80.8979365387
78.6312689701
71.5791096514
72.3428663048
233.717181645
134.970233452
110.385995882
618.061083038
57.1104349753
44.9665013385
107.160464643
51.2589408758
53.5118782889
144.942606548
53.7353268704
24.6557329094
102.740409083
39.1498636848
66.9856139589
42.0828867606
83.8405115158
51.1242058947
33.6965181594
77.2905582585
82.974086932
58.9050198914
142.446692508
109.670013193
18.4574127677
38.088360844
68.601768407
113.670447019
40.3079021273
72.8199954901
17.6782528791
69.8102334422
25.8076325391
33.1608473811
30.2588447501
32.7809282919
83.6650739294
80.6818361538
87.9001945953
115.548337786
58.8259937573
56.8798803661
47.1772348154
37.7361338364
64.708789308
92.7162716718
116.422004637
80.6852729371
159.590564046
113.35717103
32.8707890031
105.687763411
79.068593164
374.694164615
81.778483033
56.0662982681
67.6733685175
30.5976002676
314.683300164
368.871951526
109.552266331
66.0984779542
43.3275250359
60.560376096
132.589571456
54.1700242749
91.8043596
68.4592740096
125.828987331
67.3887657422
44.6187911972
35.4558333934
42.4688896765
174.837071145
90.0218770982
149.773422199
47.206539418
88.4359497894
106.88971088
57.1384564896
49.0993533639
75.6211082956
18.4803092184
56.8869131246
105.886007683
57.3204180458
80.1879661629
23.5555434499
15.1791586421
74.3712391819
411.982609987
47.7109387171
66.4127447827
145.734779548
31.241454107
36.4504058737
83.0192082932
89.044732904
65.9843651677
22.0708340267
55.7862906878
80.2928729372
71.2318297766
44.0216034192
72.3023143086
119.810954375
27.8952129247
65.4588970882
79.2200602229
66.6218165804
57.9818099
99.6285896996
103.529364128
73.3416324327
160.561252508
77.9627671905
35.3577755668
35.0741512325
62.6364858442
96.4779164977
47.341675495
46.3147526743
45.4811432794
32.0350147935
47.1414309497
173.132363033
70.091162139
98.919992732
216.95604512
16.4929848813
91.1116689756
75.5892273933
91.0576448117
140.723461848
44.7038787112
56.999522689
36.5761626611
30.8518447805
78.60097366
37.4792649462
25.749746252
399.139912034
93.546731336
313.389325206
79.5917194593
82.9494202239
154.953988289
136.73620359
74.5058960943
60.2487642923
39.5334107408
88.7524028387
59.1901134836
74.6659753245
18.045477445
68.9761816502
38.3188024609
40.4569112785
43.8311245751
200.650453493
39.6375900511
91.0924284001
81.7499940832
35.0940343405
41.3692370606
34.757233857
51.6714956577
241.092855734
132.27685391
92.9577246647
87.8001951915
94.2655200487
243.641026198
66.3008716969
114.256146767
106.200371873
75.2975025304
91.4105159532
65.9518356683
186.38528168
25.8587184726
77.1733848807
85.6059651667
45.0852686379
23.314067272
66.2324575182
69.6814363199
73.508846781
101.209532181
45.0489656107
127.231690265
57.5755866815
83.2642236351
57.7243331759
161.269427072
28.5770451588
37.9627952341
25.3582556581
45.6884797029
63.0781632494
21.4494098977
43.9825505944
53.3334382885
113.616728354
100.473588431
33.3847240266
41.4186341316
36.8595511137
74.6515465056
37.5318424427
63.1337057652
31.3351472272
15.6144554203
172.038358763
10.1905413029
144.582934422
74.2610819278
76.6401439502
30.7965430853
26.0307945102
63.6607938011
95.3187633185
78.3556001836
39.9575220872
20.8734274099
70.3071535375
152.839171539
80.2492643451
116.886541222
61.5284385712
69.4692089479
82.3194916236
76.4202192634
140.597421151
67.8952367394
33.8713477175
13.2038193064
35.1165957069
42.4601903323
94.7468324107
70.93476278
84.8370864055
18.8291151605
49.613219228
145.26788252
86.4271174084
49.3757484612
9.64618908719
67.6516997429
76.3293831682
526.488530623
74.2505010323
47.3423261935
121.437793926
10.0314737665
17.7336450047
66.7201129817
38.1493368399
16.5197174548
75.9476121005
79.0494363392
84.4305972592
346.309039099
37.7865845757
17.0926731745
69.7244315647
44.384493566
56.9950535879
9.70818062639
20.1361619051
468.235830403
73.9921776681
38.6694183513
72.9218821634
15.2233071105
62.4415872775
16.8359589969
119.625256527
65.840496603
175.986044999
65.7609286557
29.5554289611
85.742135396
71.7143449901
75.0379873219
34.5922126405
170.170043175
14.2492511336
38.6162699914
154.101722928
48.2961425902
49.1868949866
49.4821021504
167.039251573
64.4207109868
69.8785541456
95.4849942799
73.0756047191
75.5491640775
61.8372304717
34.5582808811
169.923924575
52.2636249649
72.5874078935
37.2748196918
68.6865269373
27.8523572812
88.7046950202
252.341862219
75.2420418452
29.4678260818
72.4736522743
82.0880881935
71.6715553463
71.6476018991
24.082617866
29.2757905965
170.243967041
42.8169921935
71.2777681327
36.4444232285
84.7486224416
24.3596598361
72.0918403459
74.0576196909
61.953302984
66.1916971867
90.8813426105
68.4831805647
54.943288941
43.657232909
74.1344488677
88.374392574
68.606050063
82.0340722353
106.303039047
23.0674217136
75.0192476621
40.3982503267
76.3165410633
484.879680384
34.0855222593
65.8697303513
46.2288690203
60.3738909882
54.9872796426
52.88497733
52.6708698289
99.6033845784
74.7943172799
42.7886826161
58.9811609487
55.8569468564
54.0705400598
12.5454804434
81.5560687362
48.3546548633
80.4360882931
81.6001003706
71.8185359131
136.774163389
77.2557043926
170.048253915
102.187156192
106.980545884
45.1731013304
74.9886071053
74.2378794632
44.3900598494
185.980854855
82.5182514832
140.538553553
24.2375004354
22.3751544976
27.9926158345
11.1694924398
263.603824436
80.9753550384
26.6283963197
18.6822933509
77.2706076823
77.9244145129
22.5053392334
42.0495599167
34.2253469951
79.8515600186
54.9094928424
65.5391848913
87.0804182507
240.681345183
36.2811257818
77.3847494701
51.1981400373
68.4713360888
99.82081143
61.9581509515
81.9271802745
72.433935084
32.7021019813
287.370018174
114.75797446
227.452195838
32.9486647075
93.7538063986
247.010786967
162.730600809
22.493172077
31.7567164518
63.6949452062
15.5603364253
86.8384147746
65.1838641601
51.0137519769
12.873689222
110.499880101
49.3033212037
324.00253492
79.2882287052
40.1699601102
80.8856548551
159.619412154
62.2447960628
80.9848141927
67.1988826785
575.68312177
60.1774007161
62.0506466794
60.81269876
73.699251509
123.256560845
102.772909619
73.5053993673
59.4246238666
76.2428817344
34.4516092409
74.8483372433
134.264778846
73.2906391193
22.1066070926
70.2148398386
90.9558219763
51.2682481773
109.975274931
50.2256457815
106.540534704
73.3735722656
45.0661434747
800.219977463
86.8531440146
43.9365607489
53.5958753821
84.5761638091
70.7625727035
187.495193504
39.6771577497
255.291262975
75.4361338407
59.0221805058
61.7658688403
48.0560720895
40.3286224821
18.231591406
17.6129530123
33.7626638418
100.106957593
21.8575154963
57.9803832701
29.1574086949
72.6452919673
84.4061768825
47.2604490522
63.2071287054
58.1344332405
43.1539374398
68.9250324262
39.2627049127
276.851627917
70.8553635936
443.371393214
44.9468478622
49.1958905011
163.607755026
77.0543526361
160.467730742
88.1598816764
62.0602944292
55.6499187123
135.693300553
72.8816561728
73.6932469075
26.0987972055
21.8888836476
127.855820446
372.680830159
71.0439655266
68.3889872881
64.1396196633
20.3415968774
25.7159893203
40.44733782
132.717170905
111.16399345
26.8589166512
152.176525897
131.884882213
91.7653467429
77.3690362184
72.4850607925
35.010060415
236.635559868
101.996373773
18.4090331458
145.203204261
74.8593125668
65.2281772146
41.2843597525
297.128498353
92.4804449776
130.82676998
80.2127592672
94.3933314172
111.913939413
31.129571977
128.163537056
43.518419617
101.429256142
141.135701757
89.503318819
92.8908152566
72.6283352114
65.2857430895
62.2667967117
51.9193092674
54.3187428624
104.671264271
71.6823163916
42.076814403
90.4171271308
37.2893774731
36.791463974
160.061678078
31.050042971
19.9462997009
45.5412608706
175.115014259
63.0777307665
123.786479154
179.388618596
947.539854992
73.8084454853
68.2083961784
41.7826637379
30.9739146955
11.2610296758
79.7543191467
67.0181224429
114.648879969
26.1311994374
131.087587498
120.050821545
39.4884094202
33.7655077306
50.0916116091
56.8364318097
77.5145086814
72.882614508
323.066304161
117.21668087
56.1530051842
31.1155044738
76.5175215481
77.5551943149
77.5059272797
81.7735186054
31.5925071428
29.5937529497
45.744059028
70.8331400659
86.8414388065
76.8516626841
70.8756200792
35.6174050076
98.305525802
72.7055836475
50.3388381539
158.914813038
182.898547174
26.991872376
66.5929175289
182.07916803
78.5075616324
32.8067282988
54.2980163096
202.054746059
29.4755187473
68.7344952927
33.207966732
97.0185938086
46.7827693445
62.7584649682
66.251394712
39.3783601441
182.07308961
185.735590369
106.855722639
75.0804527907
67.9053609326
64.5871466723
118.916016756
91.5283637412
8.13724158493
83.9870855527
60.0793514802
51.9049108298
69.9482397011
84.887161949
22.5797650402
58.8628382586
69.9471941725
68.3410579737
72.9551541558
121.789420138
97.5396478041
98.9000855302
45.209989417
30.3835067153
64.5034427531
78.116863532
79.2118086505
160.611946478
82.9712202329
121.179411695
57.598767357
57.8124918649
69.3826073201
49.8306800948
224.226486191
120.61462053
20.3519906995
26.7352054613
17.5598228821
25.3696283274
55.0766542237
93.8684608806
24.5324744176
56.7504129201
49.3235322707
36.1949596954
88.2932348603
65.4923853047
76.0454575689
107.143290703
58.0851695872
401.271557563
185.702157581
15.8153462847
104.725445581
65.6660491232
51.5202352763
19.6959292797
181.412892577
65.6382225999
80.1587636305
79.6166903595
82.4134849746
118.088592455
51.4531033413
25.9393588096
81.4109084495
87.7294658484
170.779633375
31.3379843946
178.079468938
402.587850244
26.1933849846
86.5400413002
95.123428636
32.1245474855
106.655695731
48.8319940642
89.667715453
71.8019299334
66.6487728943
40.237758625
159.920629015
82.9113908954
116.514938989
87.7312139977
65.7569824681
69.2854160267
48.446895009
86.2560625701
143.583124539
50.3722065526
62.7853266444
61.9438210093
56.6359643695
19.6016461391
71.3524346114
82.5050807357
71.9041040083
85.0657799658
64.3465933511
33.9246201941
60.6155371413
375.582773024
114.433930898
35.984874666
97.802832586
66.2513826655
104.711126971
48.8307075295
72.4806940811
120.698296729
152.056385275
76.3986659366
64.6941018175
35.7656690889
76.0403292856
34.898825073
78.8291582286
50.2107840472
74.5837080332
31.959975292
77.5143734433
113.742160215
28.4507978913
75.5291803501
45.5439168208
42.9510979103
125.350554175
282.550986976
59.14259523
84.0343358493
94.2107001885
71.1366769114
21.9829023962
69.9435721956
67.1240519001
163.56952577
186.11466628
54.274142567
50.0377368372
56.3462857175
81.0906278123
38.332080007
86.3183305018
170.539217575
64.8548144645
78.7122878297
51.8572543364
39.4735255235
38.7306160316
95.8038005321
64.3307798384
173.91363555
52.8760528764
13.2931528099
56.9377147274
51.2511182016
71.3669376921
19.2689547541
32.6412401497
68.6793665639
58.9692624839
69.1199816671
42.5273529513
27.1815143943
81.3232144213
30.0849516653
79.3101326305
68.6323215205
49.8009823264
21.6594371929
36.8771018994
181.978250056
42.7042446651
102.585768151
83.6570503481
31.8728849948
48.7840265322
90.4048726945
65.6134397963
64.2023415923
64.9829199944
186.123157027
39.9233686893
9.35773824979
85.2472349778
81.7414005158
50.90064464
172.673447398
29.9038120165
80.8727805378
52.5067909056
66.5343189728
107.646386799
61.8890847901
72.3645358757
42.1807833288
193.232936828
36.5659878735
116.059411492
43.6932641656
92.0424421941
49.6783075174
85.7469057893
64.5661067145
80.1323536175
30.781566554
38.2568145697
16.5622672899
68.5371261671
62.6541612968
69.2408257642
50.9843392774
89.331811126
43.4830470082
29.1294767603
41.2834396735
59.2092552751
33.137075889
55.2503748129
77.4538513732
14.2650217919
46.3219911526
61.7121800804
43.5883234127
55.1877833029
41.2673919249
48.1936037295
65.9649408943
83.0239690951
60.1432085818
111.444043291
110.975329212
111.955527686
81.5080092507
65.7114796269
67.9376285044
53.4069226943
77.0339791431
86.0653661841
