167.629716869
108.901841957
110.482568961
404.421661543
144.40562446
306.812458576
212.536656735
406.047848472
166.026081581
83.2136531891
221.246824407
168.014216947
166.816039874
325.694801232
232.10388389
184.401947918
160.88515718
182.367140954
123.805761057
208.21478315
152.351116671
191.903683293
170.559647981
275.489727144
447.273093269
248.981046574
198.109910968
326.478259441
166.409674719
153.87552197
151.525854299
202.887793057
237.45271336
215.994224853
676.316624292
161.690544586
186.261523773
158.906916115
468.449945481
516.621668051
273.120413707
283.580916666
208.70966422
149.571079351
310.745839856
161.495727791
165.692712445
199.000171192
201.080953194
154.893014426
305.89285724
317.45178949
525.916557706
269.705924998
241.571390659
202.161955782
145.439829181
358.357903187
178.815867899
422.268942235
215.604572412
187.170058815
1002.18474771
198.79117545
150.966942943
109.054883689
147.813574189
154.174514
166.107799014
993.27150153
313.391293647
185.288375549
144.046977442
178.14861152
295.628170766
169.588067989
163.053277892
190.072483313
172.349869055
707.08232671
173.711803953
257.139611557
173.846291665
568.518860611
180.702749782
361.237272198
231.073650005
1093.0621141
135.943827752
236.148611694
134.635142614
753.994518539
400.580738201
183.434197654
166.567263341
239.599523489
377.521731591
144.076054814
154.822945628
169.583882467
329.584520164
280.299840753
200.954403952
154.943166513
187.718425022
311.028144625
188.929655796
164.238291745
156.763564472
702.857016043
97.1193985395
190.701744129
254.042868968
329.018750744
124.80379136
163.648205283
388.428175886
190.585138776
335.344709218
179.799011993
304.00463863
232.375665937
169.289895718
170.917249851
200.72086161
191.119128365
158.343867588
175.828115867
182.961621588
203.083613682
173.789393816
169.179715292
257.8659472
134.656090492
173.979952866
173.798370507
284.198180767
155.425671839
391.468254332
134.382723606
208.859232277
266.109602147
519.531560429
124.15478695
123.044913814
129.177990334
144.188812434
146.374355587
453.047972586
214.632244425
112.939147569
352.208350421
161.015558388
455.279124325
194.929344021
179.501044823
158.927900239
430.125475793
291.061870418
427.747178213
148.370197438
242.500213214
167.368875104
158.313058359
171.930413828
112.486156982
134.648310608
178.601915436
223.896338676
189.627263087
126.250130039
608.950019356
178.326931596
139.826914638
186.706493804
191.279291775
282.226872621
219.494693639
157.174266813
508.647098038
170.158774408
210.690758951
181.773868178
113.35465199
176.715323603
178.243977789
171.93196834
283.745510953
195.18520916
147.034572588
230.003754111
234.498191999
255.228074528
145.178648651
647.185900491
149.88173621
157.629842146
258.841091153
168.912594351
191.908808258
140.50895238
157.013080805
587.831642936
160.442784651
171.126539398
110.709954457
265.530641078
333.006319933
213.880477055
169.597625903
134.530674956
487.456019311
242.996699323
174.141779952
316.486562165
218.530815163
149.844930808
422.702178448
238.900053889
143.605272682
178.378703768
495.150333167
96.4954653298
177.001852367
328.737402319
469.337001815
129.311026136
148.296621932
166.908830104
159.214181256
311.442270903
264.47683735
168.059867434
154.560794245
171.130496517
154.217003484
406.20782169
226.710361152
190.364415866
695.273675163
175.797303435
193.160009583
354.396652603
479.149681688
172.831408763
136.008489293
209.138307282
161.609373524
112.415580705
212.351563055
165.672766898
187.072068779
183.810137371
265.25457262
175.838318149
190.143010815
364.890211955
201.959821541
170.945697466
184.541184896
153.204223967
242.455844863
176.488241614
250.187732496
211.97771009
246.749752428
154.889665375
140.581271751
151.107623364
179.605637581
202.430060794
157.074440077
428.295863891
248.583526074
137.699579383
176.155806884
202.605203848
155.330771169
205.645004306
695.838936939
128.886703093
437.678966665
170.644412834
429.715468434
143.16846933
678.655608028
381.125411831
136.129743933
129.833580143
162.071856726
228.92376092
250.704244463
176.786805749
162.073309389
412.094434227
153.559698542
172.296999757
152.467419678
177.610075965
964.579975161
461.745687997
285.76080227
213.062598224
150.500777236
144.692782224
835.861952677
193.440042071
172.514100837
464.781242361
173.134395946
159.164756896
175.919519029
185.424834208
167.937785375
182.62822197
233.534495348
209.597192594
167.680127021
175.303668566
251.187096953
216.847670855
176.967111891
166.650080292
559.597385848
149.324227482
151.668108148
243.944250074
129.415194715
211.998671057
95.7508505088
830.063154965
325.300301875
183.073002281
177.488395196
150.61964232
413.731533791
201.276095257
221.604441934
173.885593619
164.339297837
162.209454664
167.718955881
188.6201613
200.310675773
266.31039537
169.291476497
725.931783951
165.436994692
441.957492315
82.9610595362
167.497657728
412.437658001
342.977302512
239.2935542
268.44456468
566.506984404
177.708196477
386.721380698
246.02610049
292.467637847
371.974215066
229.142991001
273.547638308
133.766522516
175.746659296
199.325973733
331.532833768
820.859186179
185.524483936
145.253241831
168.163826937
305.130428576
236.473842896
158.365141463
147.31152475
183.26383275
134.605553634
156.154378264
144.878589507
168.878539314
202.784986897
143.94877119
159.768257134
160.578248553
174.654542875
555.862948014
132.347422606
226.97646643
210.021203507
176.915112371
702.725013598
143.329088657
166.418802792
410.638039333
171.077423859
161.801533386
164.363394951
123.347428819
141.323463312
560.038259498
178.922068095
190.785650735
156.105701564
169.24054854
152.961350441
460.591912091
200.955630217
190.744207471
361.520609399
384.48095402
439.722355684
204.362522403
428.800510111
166.273822231
180.211711235
186.667997888
200.382904104
165.519845165
124.403611185
149.203668739
204.054806087
150.009211688
135.095575617
499.074628742
440.704524738
169.876623146
350.499120447
131.253078236
376.11328769
167.10538149
578.627484891
139.160780649
424.710692488
624.192968985
670.453757162
337.142060515
110.745197406
169.664158751
251.504991359
139.746506226
143.651278902
203.643334781
136.908342037
200.138691902
223.811425603
192.871355128
200.668373309
125.168335787
176.516354783
166.095924345
208.958510309
318.95168365
161.985832445
154.331131173
470.646879658
172.919486625
202.876840757
192.973415369
142.457020511
142.957287735
125.00992663
90.434598161
152.056628371
158.474913405
132.365603083
178.482275532
240.376942573
197.489003781
479.162874481
781.134556496
181.125184319
149.063438523
142.690435848
153.645108737
160.399751635
135.115376118
183.925134848
143.637836022
549.301701796
260.544911053
149.841548201
179.731382298
140.078048912
237.921934735
172.067385225
147.878131168
421.236648895
135.572800047
162.291828381
235.796218699
172.19217889
142.493230398
1003.24112491
171.893255788
147.087452724
158.221023137
213.724446039
164.366018294
203.030407581
177.252503657
192.865138034
183.693840941
185.583290617
151.901516224
442.967488547
231.349265747
193.570529336
166.038719617
183.987878185
292.814403857
151.269315056
236.467691529
169.891922189
176.211766716
202.393467592
173.598677619
776.123316257
134.954442089
120.296429404
182.657781489
358.279093233
321.582438286
217.910349358
200.839255049
146.685530791
590.927567564
186.910030943
640.203230186
194.974037574
144.630282557
142.494715563
164.969971233
233.7838065
175.934002128
205.154709667
144.776515379
114.702464657
250.648635572
133.735347048
426.708878437
132.532159098
614.234591511
191.433530631
167.532350646
262.961563932
170.755426845
223.394278637
184.170586784
164.644108755
122.576357194
267.809708828
157.716735161
587.749180803
165.199042878
161.117728712
137.03146664
376.542817821
175.576040302
186.920798769
160.874328766
255.185277676
183.771667422
127.493121566
140.517386973
208.664169563
218.481772748
144.259438146
193.488308076
178.304901131
202.351416364
150.115741059
111.944835946
179.038874981
222.034713147
391.370469481
211.28182639
308.038117638
215.314955704
622.169489685
156.822865853
191.752519753
330.75506123
228.039143634
169.501091016
152.395253686
473.016303295
289.02832504
188.444732885
242.604280964
344.75609065
181.322956503
189.489079981
405.779267419
167.498925957
183.013426174
191.241339994
228.901621942
179.75951298
230.987760812
208.244104616
245.996387097
138.343476584
156.671038346
167.863371028
143.159093147
195.752399924
187.507443892
881.676442917
419.649127407
286.060335991
153.655766198
260.095277911
127.049196473
156.67343228
175.523017029
290.735536612
121.356910617
151.246812273
151.790711661
159.25328712
145.26954569
150.774188404
120.22096457
433.114956356
285.473102831
329.877545183
147.148833798
166.23075952
143.108303652
228.163191675
753.068256311
866.584608942
152.271605608
178.871891165
156.643502051
222.34750971
155.653086167
146.797976268
164.650969506
126.791947368
155.74943888
185.183828083
583.837256135
145.100443231
90.5402458469
323.980595241
464.551884698
100.155498671
193.048019795
173.91241244
295.172325436
166.577218928
338.276689095
354.947662457
114.847882622
233.510266864
145.44185564
146.116947932
144.998460409
107.679828739
323.129935354
307.506361324
229.175172443
156.060972252
186.789611297
175.852167661
419.732829317
165.760213631
124.439607476
126.531524945
174.304760079
316.685646362
430.844548119
267.335212768
135.273997835
138.084098318
146.467722621
182.648773415
131.58301298
129.063769619
174.910005898
197.59558526
114.458965796
548.686843497
181.251534996
104.462845057
624.160199281
139.01416783
305.824839686
206.308305673
177.772363661
341.440805437
156.69476781
154.058149335
136.140515156
246.070660496
119.442443029
144.88546048
142.232923102
322.791304904
159.758444665
429.018261619
134.095705706
174.131176224
394.02017938
180.093275257
187.045868077
199.351595688
173.579060464
94.0386663562
194.453470285
132.807954067
181.642550792
208.616659226
688.445667714
263.222162666
166.72993959
216.698370079
169.832948589
149.690924673
136.384675601
445.013035623
255.911174164
373.824647223
125.684527314
265.246014507
170.960135254
185.167099776
493.069727039
208.208961864
696.105516219
162.001393397
141.605539218
192.139608952
179.56775534
165.621596031
188.635018187
163.828775328
148.616666696
156.335318332
219.030741963
154.289879631
244.715045827
197.858853333
189.501135542
397.522438486
353.528726051
151.614357421
578.927068321
191.652831439
142.337264763
235.118048302
152.65897923
155.692171569
195.460862708
166.226060969
141.253324091
164.830448308
176.25218372
395.382269824
274.355565023
326.514976669
136.71510918
169.017922061
213.317977757
276.636350186
164.428893227
732.252085756
245.852865494
390.921792525
165.266741516
139.751043121
159.390166795
200.151493814
142.292325232
118.63420118
131.379178898
277.17970215
776.555347521
230.330807456
224.417025624
162.093710568
288.909776631
431.741613095
243.163168117
147.160944554
202.705812546
234.952891552
193.133203504
159.009718107
172.590530626
321.004265532
169.902042371
222.458470505
91.6335292636
178.028435042
352.711406217
449.682062501
157.932138623
144.198420192
205.001384144
175.898482906
163.970047435
168.000980397
178.473194356
202.00398686
161.336564722
204.843013402
734.180484658
348.534071442
136.242697947
262.665112745
124.058398061
169.225396842
160.571753074
311.676243096
253.993646868
175.490349078
160.072783543
171.398558133
283.403053559
234.753360175
923.652874953
459.301715518
225.324688895
183.744549173
183.274831945
1078.04880864
166.718422686
130.401697645
120.428850887
534.862543438
600.288778084
184.449124173
161.747138931
144.947816661
164.050508353
162.557922809
244.708855327
303.207662655
259.853868548
163.81817756
199.46820099
137.688806405
286.695538798
401.17398199
246.142628556
148.278182312
335.416779248
179.35010621
182.240488568
158.95306879
309.055140647
179.658761516
128.643911248
231.055689387
159.457685535
146.821720913
124.070894181
154.198812465
337.827487394
376.496798678
226.726624757
239.348456676
170.307360654
132.155980144
399.979798921
137.781960491
203.38182693
350.606354513
149.668551468
180.306750805
143.699784417
578.769476511
160.995932225
125.518222965
190.296492556
156.107814394
381.363315435
174.116537239
157.691913472
171.773732499
239.501108684
466.85041606
319.424447276
271.128931009
244.13861849
166.997823928
226.413818401
122.925603798
139.449685332
83.992315402
558.114320296
249.570672082
234.27739951
184.215306202
375.878265984
231.464781498
147.71550951
170.51461671
250.027084767
207.925482933
373.173321718
166.215292248
172.1815659
274.110554784
210.68893517
154.640892448
170.791046675
111.806524572
180.303818634
170.773062149
164.933677197
165.209881657
168.911202637
146.651593149
219.271347758
107.170070481
130.40589372
93.8580307671
129.637283284
512.639624804
207.540961371
155.177689628
183.575526117
146.527041522
165.452209035
176.714969878
135.656297104
166.963234839
138.144277148
191.556087704
138.392729879
179.235856512
167.030327366
334.960496597
188.675075884
207.59090819
189.655741288
166.953484343
134.578596762
291.230584142
161.726254554
200.333224235
167.985064447
185.059035844
171.958237523
922.959105647
164.059105357
135.978977731
190.93677331
168.678382411
217.147018857
149.298136984
393.827909042
153.249516031
204.714466477
390.636290324
560.079307095
124.057941769
211.625069836
130.869877893
346.758578867
153.738516378
154.809355957
289.955422872
123.739955746
134.00090406
164.256374567
161.126790781
183.986708509
174.133883132
255.778457104
179.73813647
118.080951987
150.66760642
203.061675275
165.953292145
147.276746864
277.10205577
260.585021215
171.414252887
366.317645272
151.07953563
192.646872807
162.012865967
178.129296179
350.473421265
304.773649711
116.827456004
135.455324721
106.067997821
173.293240869
500.14411193
165.366944857
174.413527968
158.688636295
436.065776751
148.284675229
484.384840048
136.464418997
643.195986907
147.027981631
252.982249225
237.86584101
160.954585474
145.799497972
159.568494124
178.35245735
189.937845335
273.532741072
176.288172473
169.527404341
256.658293398
243.724736393
259.180159569
312.725428919
328.888234873
145.974484994
115.42021646
177.741916636
455.347555295
146.733795973
161.310126189
214.840785655
170.878061967
260.798091265
647.841259268
173.376185845
170.165731199
166.752722146
208.961012974
173.943130698
162.810848066
380.356720788
181.168455371
152.229880186
327.37757924
281.423174535
178.186896389
396.950939462
414.672825135
109.523693621
182.991929363
226.863563472
182.795874146
168.433853611
167.095987741
111.374171631
132.403309571
202.925604547
199.737540362
235.446849536
222.518711664
133.257937193
147.068726556
543.555013975
183.962794243
134.483851535
223.211717852
128.940772006
187.388074986
146.990733573
160.784288757
170.248920047
165.948574374
269.385490937
139.62386021
292.233235319
219.702136668
166.502946378
149.701313312
180.846307336
170.154560293
185.721562925
192.327975601
138.240148896
701.928217213
186.774901951
176.571745854
138.496039259
108.872739594
245.127240097
201.849153275
150.99387599
211.743329027
215.829021217
168.775224459
160.088773024
190.632348774
397.927527909
173.639111177
155.206115506
137.69423347
143.986778572
157.435970578
164.919460382
445.683725659
141.847434416
148.250800228
193.218175628
149.75195621
122.952732346
140.563853103
234.74194729
114.710329885
399.644949529
346.520709832
75.4778081869
1145.65432661
498.347991252
169.401158289
142.075839977
258.479174269
196.321384833
152.779009849
317.234994273
225.998391311
320.628527597
201.353480914
258.447277248
820.652211045
170.861526637
188.660866453
495.383763361
172.838717717
201.946207385
141.546710894
155.141713387
168.758776825
145.14153727
171.972750226
150.553893035
165.436248982
164.164522167
265.747482526
217.74460789
581.46716132
210.66174905
156.182986018
138.885834052
170.710279159
405.332420769
309.795510102
212.04966995
165.664225446
183.380968883
997.178209156
144.214608141
312.53164928
155.830099117
102.351162054
131.31033316
239.576519011
1042.30968821
160.228691203
202.138232405
171.970417451
169.24982246
117.121982586
167.914349673
148.942431176
277.383896148
171.685724995
488.95568425
135.119529743
204.359200334
185.201198587
297.176876999
164.328477424
129.508405249
207.922162628
177.679923863
474.473484755
163.875435353
159.224402377
151.825785012
174.560769017
250.56489203
211.274474779
511.430784583
549.504482811
189.616475457
382.590288831
122.76517698
157.386345611
174.239795531
282.741499298
207.244702609
215.531847241
259.351591135
134.086765046
225.152049502
312.900008018
311.729995924
157.922219746
164.044954814
197.08777398
113.85042629
477.20997605
129.157531957
176.670975998
179.145483499
237.031948389
175.900289954
337.649479206
234.380161262
619.50835337
132.500100875
180.043411095
168.529425547
188.741635369
166.06971434
570.650477619
380.374789089
192.62198666
529.371547839
101.550884091
164.173303027
200.240707849
195.28089404
163.827397867
125.304838194
234.628082209
134.599146237
214.407949303
147.894372117
170.513330538
364.561811261
237.146216705
176.084432177
251.501382672
188.383699256
163.847107856
203.973173498
165.908163445
184.756289569
116.195668614
258.746956208
161.957481768
344.948048563
177.620925807
135.906378017
185.965259745
263.606259044
173.918418519
206.153964603
208.454046953
124.438045685
173.825381955
1265.84488319
177.997719688
164.310073148
197.161793425
245.731541204
180.516750317
174.223917473
285.420050666
250.171326557
147.780269502
272.267865185
249.129708081
331.530273643
177.157719707
416.434164542
170.580992291
216.730137169
208.994072546
292.534081813
152.427522398
149.854179058
148.143994653
195.448289837
165.203369945
152.323242046
172.16850293
459.876873226
328.88444931
351.644600515
210.823568505
229.182638568
353.719511133
223.254903014
207.635634425
271.821931677
116.874433982
453.779569955
159.124031661
178.361698039
140.151555144
170.13816756
357.256897298
234.688781638
178.310344042
201.001424771
163.95116726
219.749955453
152.05149689
156.302572273
206.584349232
285.022093292
267.503678498
110.247662952
157.907253291
126.587691513
198.40404302
173.655316122
140.228870938
164.361605431
178.038899964
236.697975359
180.982135843
214.878584889
190.181950199
426.588599833
260.858374241
173.192769584
179.072689848
170.147173897
220.095216279
251.288179763
176.950522266
221.101485481
200.124027392
315.89622578
336.925553901
214.134025479
216.35015517
294.984594613
97.5592818535
157.377155388
236.472027674
304.182434969
152.14956437
175.880980737
153.571164647
357.73960628
917.671325566
156.446519441
178.522819949
195.866032094
251.708692995
358.204019294
154.745183024
277.113883808
729.956564297
696.509389151
136.123385027
158.829058917
323.567496135
294.639274798
145.591687097
187.345621478
138.979631043
730.712453389
155.801096258
193.008953393
423.789029017
194.883399633
159.808042001
181.442656363
141.272411444
245.076844011
149.178877244
221.37265809
131.892470075
164.87296851
191.144074424
180.735127321
209.981008887
226.147315332
631.720993263
122.657937633
166.730768539
289.209574462
239.943955882
141.564932057
178.197403958
190.267075233
169.248381951
220.921492356
182.229622451
157.369689919
129.485328703
149.547507444
208.475823985
159.851802766
344.908032997
224.772554148
137.239074403
219.612735249
331.044756521
171.24355423
211.825450695
263.694589431
167.871545144
568.835744096
246.586063305
233.024551822
136.609866431
144.443606739
236.722870509
161.786669494
205.626215698
377.198973365
169.887172081
157.090221588
186.740133367
127.152201838
188.993732896
313.936620237
204.815488322
369.63767242
497.351981976
179.234370823
148.508747592
275.400466132
204.803613729
188.941375311
166.2655531
115.344630815
119.976430525
151.015642194
125.436913404
196.041765298
183.45638478
144.00296277
222.659561552
689.87740761
161.618662213
158.396669176
151.885555802
186.073885391
161.404387629
232.426738596
172.213794231
155.701775891
393.101237932
357.900258562
227.699993504
197.084686755
153.463085667
922.710377588
149.747503642
172.775375638
116.811642867
230.404440515
183.588417427
150.595346432
179.908287751
246.214121042
125.422816698
418.795107898
169.681189526
143.267909449
296.819319889
628.048063949
205.405334941
180.2737008
698.0373057
190.239779929
159.732249118
227.707496535
161.425118905
100.529994275
76.1320328567
180.196978062
256.146294861
185.438052729
150.073289854
133.965706542
125.108590843
206.407894534
109.540918613
134.811322338
837.217667711
164.317954067
249.284715726
157.177505925
174.01224801
208.633298439
171.979554854
200.417583203
152.654279781
157.132357464
183.976273073
697.473738209
230.926444841
171.649518989
617.375818672
166.967496272
444.317509141
157.253035558
189.514153407
104.941838845
314.157295568
223.056540719
160.892251717
179.501372813
369.967846047
287.169750697
302.732858442
428.640202637
135.218861507
601.485961374
146.597623304
143.185017571
302.522582101
248.973079476
153.8256618
177.461262009
145.401105079
211.916309596
293.478323789
729.687329691
230.576291527
288.984813549
314.115076829
153.053605671
171.062216448
174.845675548
163.161678587
181.121459529
162.205009735
124.078211585
267.138760176
159.702738769
391.780978862
161.261203679
386.327347566
162.61566178
167.525834207
175.744443915
181.312129971
191.813762627
191.365388348
173.986186249
287.223426466
147.763960984
188.255448047
170.962201393
211.688107404
170.700143538
150.864215018
327.005408092
181.643873302
138.073026425
315.121087856
188.525551333
195.381083499
117.206213595
206.635307458
162.119775368
158.188495307
182.17398861
163.476096336
314.389702321
94.1673221602
280.333807359
130.750388725
312.799519544
151.531224848
284.162292253
140.193700958
239.278830732
102.222569822
131.076926114
201.326214518
166.319501999
163.619232926
169.225189907
410.147679815
138.691196722
180.280327607
190.516510077
438.651936794
156.87054881
164.706708429
171.087718345
139.876684528
125.490945038
459.719411342
116.498957257
134.492739021
137.262200949
154.103958647
828.917589853
218.301852294
199.99763685
249.551526087
531.512232263
178.021658902
162.517969856
179.69015504
229.492978922
157.634304567
137.270224325
95.4308625064
170.70623779
369.465829949
170.672752698
204.384164041
239.487888618
213.368083461
161.892248695
137.372821325
228.937846325
152.393240872
281.438376739
232.538037701
170.059164123
242.978871834
169.382988803
159.857125056
578.986828212
291.439031039
913.540526811
186.0843229
130.468656312
162.86982719
851.489880108
302.334225437
471.820774409
385.054191622
154.037588606
224.996260533
158.340996838
151.667909904
206.257418217
172.814740276
132.373069916
168.16669975
217.796902957
338.492501988
183.94403778
297.688570556
145.02687876
99.5609083075
411.366557534
747.785165771
254.272377167
202.188669899
650.144078914
180.328459556
574.485876135
158.153548221
408.122001252
150.010926813
312.669495107
626.983821854
182.722626395
159.006208407
175.346319755
179.981603877
116.67012573
164.551002327
525.336025119
174.175209577
200.91644535
147.213400797
117.763971534
205.249378163
145.98060871
578.957239454
313.933673629
353.654087612
197.764944243
172.706339604
174.852570215
98.4653478548
183.984773712
150.081604743
153.517972299
170.37221956
137.392938016
169.586216352
172.973109383
580.43224382
147.888852291
279.553790833
163.637585005
135.572645674
199.643531472
212.436134066
125.215792266
174.63274454
153.830966216
252.432303162
173.662480166
193.857153045
1214.13126195
263.173583035
229.165451624
143.9242426
107.059631259
274.078913703
178.100259765
191.563637707
202.044787295
178.844415987
188.513503699
115.831412024
152.426749398
502.233525303
231.34033447
220.529987755
285.141769904
205.37719909
140.434062764
165.876856318
401.243412054
299.727836907
228.60011581
275.395934122
261.779491699
155.367646778
240.572815599
179.246501928
111.757223498
97.3782149324
175.411171443
168.905992731
254.334284623
347.712007211
162.825382446
174.501470382
149.785986284
318.72103603
442.729561868
279.335958873
188.957500473
178.97553395
128.748232405
261.689693438
269.353905135
150.141053411
209.934882511
144.204146174
124.791265896
181.687959288
134.636021152
177.36706613
178.392871557
173.337941867
138.123156228
642.318192928
141.772826089
150.009263146
265.198799067
220.47466018
360.364509335
163.164968405
267.64109592
168.27293546
163.108019934
1898.53478266
140.957455701
229.275854644
584.425702601
185.686617868
299.178098026
240.592389395
188.803276067
431.744643919
193.551829541
165.19231484
138.261506745
607.270089328
165.969231872
136.012677082
303.552957556
197.741618834
179.078769414
204.926912278
122.890750023
409.346371618
293.376860215
568.416169702
165.262736132
176.865880473
220.096184714
183.817528619
152.351080548
179.248285572
91.0354573652
525.904782802
170.948969548
206.962478952
166.226868109
292.400568666
244.416041559
384.114617136
547.530834456
174.462331811
89.0860538632
207.264424841
177.815081383
149.041127021
241.545433361
453.858754932
193.454364746
147.031545947
315.402103838
309.365966681
164.89001856
200.880295155
111.028500958
260.954564837
242.743269251
216.808292262
175.146055163
440.160514421
260.062522958
203.305693634
161.652962391
151.292327703
161.116856214
177.560081623
236.155753555
986.864182134
113.395999384
225.592969862
133.6853346
278.831246192
172.754310406
151.141972633
443.419253369
518.018717333
182.151247441
278.823513089
223.86442175
166.537984213
228.226530612
184.160895238
596.151790922
202.173528386
167.735250994
1704.64516914
171.750681144
189.136466228
170.295377236
485.286603613
158.230718366
149.40186261
184.830811192
332.990387557
159.800355947
163.454183007
142.723233857
292.007416384
158.875300979
156.580053271
328.323606506
239.281902403
161.442695772
217.087808077
261.378844389
260.480258446
117.519383367
246.537964965
282.907964016
130.534391651
143.154933112
448.417316481
144.548996351
158.120221792
181.825121066
178.471958357
291.965707687
156.129840298
164.88429006
189.847488443
194.952532129
192.85210057
157.943882101
191.749676929
177.187809371
189.881654898
708.813016533
159.288890241
127.331551197
163.905361508
299.156902345
241.813370072
160.568200728
153.164576856
157.797715334
171.124956917
118.250038944
251.116396862
174.212287117
181.828643076
243.212723965
212.364695754
116.096642572
304.280762722
216.518638707
231.694129291
109.85057475
148.896939672
167.526282704
244.856284796
149.979795958
343.766217427
162.422113156
101.136716358
274.91429981
186.823692011
366.824359771
233.02555689
156.407195798
200.556871841
188.996508511
109.313031911
132.340131961
292.881452788
184.875599493
162.710764659
186.655755186
105.809723322
157.547285798
185.366765924
263.536720004
174.516385489
232.801372393
348.313413978
151.534642126
151.989057811
332.46972656
187.880978398
130.086479354
133.894470568
167.201113096
1364.74593873
339.47111627
134.260238255
147.754469027
180.443310867
205.262351937
191.591329532
405.625506605
178.146909007
134.654669629
153.045661152
233.445124814
161.603991089
171.211650064
141.132667273
173.211056539
373.714259035
189.659320812
217.223238799
173.253095387
139.386582301
133.337195146
607.450215553
177.274799698
254.670563978
124.224212888
530.271497925
431.356924187
154.775432088
179.938969572
180.949660129
147.727360709
184.698991745
131.052744929
202.43257444
208.164745731
181.948825078
158.874840408
157.269044183
202.231262012
543.273667206
177.365835615
320.525922426
96.901848829
136.811475522
477.343463785
170.220718025
172.725058104
198.108779962
153.051993815
180.966441454
150.83294698
165.537640168
169.760496866
248.198074782
314.406021326
179.183183346
213.550200209
155.936537843
181.625483321
168.536025292
186.163430469
199.774972148
308.854938825
130.694997765
157.122245205
312.425819663
146.149994119
155.642933845
156.421198862
163.250131475
243.904334782
180.120525438
247.175012023
407.650073543
188.971093918
177.49469593
231.410914123
158.872184451
111.9663517
349.359036897
287.091073002
186.811642763
447.062875851
505.623162116
453.666165712
393.286911723
187.071613328
180.283445653
475.636140792
427.234528862
165.569129834
155.058257996
176.427359209
134.002222327
162.254984646
179.614952317
114.358362924
168.339461815
170.728014744
102.52321849
125.725051202
526.662958416
234.380027444
218.319281954
366.755343811
154.445345855
215.811215794
248.407250222
201.575848285
159.021577776
137.740853483
431.646798766
165.893559095
143.506725618
122.832740299
279.681648228
176.28693416
151.30674751
167.610886161
147.458556781
128.866596874
120.277325352
177.835779675
153.555548373
189.304361178
142.397738874
158.473898547
151.424504427
150.589089775
251.218439105
192.901032982
722.610339604
214.609082512
75.1874939108
462.743247834
171.385316293
141.357510926
197.62011756
175.864301967
159.165851655
151.930460928
150.256063448
316.315901559
121.288146585
188.142868198
208.102319661
633.656001069
531.711687825
134.220429117
179.094103468
148.957499407
134.949857237
352.854050037
136.958191991
356.65690709
139.990326416
113.254777078
226.663083238
362.063637284
164.651275522
130.424787877
374.60112895
209.154695901
236.226339932
206.800622564
180.12848637
471.845605855
136.65141787
160.520431927
161.469572388
186.558188823
449.78512086
199.34892628
307.101571974
195.098931694
138.15089805
247.282184752
363.817857822
139.36117269
207.114072271
183.322817426
168.229464921
1053.11775232
128.210376817
172.803405428
153.696412728
219.725415759
206.791569838
186.636834789
301.552788512
236.390311977
177.97713695
193.454578443
147.676984689
158.685402049
165.571252362
203.755220244
159.807776154
185.033581609
200.945233878
258.063844521
162.39537195
238.164019117
171.204649096
148.979458783
159.140140848
87.7765971521
385.920268977
157.504947659
229.283591532
371.127099693
220.876728154
203.924045226
153.948001554
147.897880831
439.816063438
159.888651293
174.707616221
192.218777085
149.275266337
159.672179551
179.379945338
134.300499813
187.651141807
425.565818844
165.832323252
159.492518658
363.588473374
533.75551801
95.2002901068
103.612735393
309.035777234
165.823556374
263.176955989
176.866733673
157.661101159
522.042551248
173.215522376
194.770300848
160.989418324
166.660311076
155.203575072
192.573734984
667.626742894
208.222692591
242.875106295
196.784175838
186.921841325
461.904512284
636.623490518
154.662695209
562.824433268
186.752401581
209.16746832
201.969902657
144.947134795
370.819335396
173.514585016
208.351222668
146.440166831
319.825884274
238.335623667
184.466831779
675.409914323
260.195298443
188.228724942
177.032713225
133.777970065
119.423908787
131.843692578
147.205789917
269.185420251
168.53081703
141.048494309
193.039347561
1030.47679749
184.91717618
147.465530118
176.655223925
227.914221669
185.215248134
233.626751882
133.219779217
211.084122253
252.114517032
325.488679452
240.160591188
131.915544373
173.627371808
186.242059044
823.147665189
186.15818862
158.844393769
166.561053878
372.351907722
184.463477682
163.848337346
169.861266056
177.141090303
168.366351354
177.769175538
181.249884377
140.668344268
161.173517048
165.518861976
141.590684705
235.927965508
163.815968465
376.934662264
204.112991049
156.017797359
199.210882096
149.893214735
223.092442435
222.531917285
718.254149264
571.335238925
267.546595904
181.265403606
196.753035131
548.152455674
159.841658037
133.499568706
293.775450642
145.251318311
172.569366524
217.461177752
522.088940904
159.753181497
188.334245447
189.583747808
162.025496916
183.605680697
168.414144483
179.947244634
174.059781648
191.517835387
440.052241445
364.475884295
160.127141845
149.458725763
151.75658529
160.263327086
128.735642404
177.379207005
169.930259816
325.979468674
147.815093807
168.065508931
169.088331798
171.146713458
187.638849887
270.317117034
122.750876891
542.23935194
1069.01558917
199.588712507
240.841909011
136.059286675
194.662332243
134.185163473
195.166680846
173.898719301
212.562693181
160.253169342
414.235933263
310.597477691
161.273790747
246.382394701
164.30814836
585.550530695
275.952596873
189.148745074
182.826841045
194.737859379
152.012707019
174.774332422
160.511371651
619.781839837
174.798032504
148.424138205
170.456334456
164.745733667
168.970679284
176.009219061
186.42341608
282.398241022
181.010378774
439.883703057
418.136508184
201.696597259
166.343184494
218.193774828
226.080316529
213.947319282
275.25725887
112.665020802
121.932483692
213.227420657
136.840664311
154.357149313
261.575847114
161.072378265
181.333029617
162.177796709
337.794896027
268.652958535
133.38389714
456.902560058
171.743770022
101.427707428
228.428987927
235.278427561
279.752525816
94.7239917105
206.072227452
97.287673124
141.460915237
596.887977125
349.416383588
170.249138963
140.925273099
156.39211981
157.046158717
193.524553217
160.611660944
453.920878246
177.573148035
184.486248179
167.63027992
165.170660035
161.364377861
255.020903877
362.823924887
121.41632056
289.889868385
161.59204542
860.943188613
237.350405192
155.842571793
194.626103339
371.57662879
409.044665538
239.905396052
884.345128586
590.082794868
176.545511818
171.20372746
331.252498089
240.813467341
230.817022796
355.668520073
230.602434825
731.913276838
158.829794791
248.606621074
181.667013488
439.12096323
188.652547759
148.214355621
169.30764065
626.575255879
227.207282624
147.1527082
196.299164636
217.60408211
173.082497689
181.108261212
163.226742018
131.730386623
138.283974994
182.090451677
158.04579772
224.35884912
166.288610479
155.588858519
182.527020194
152.695133377
206.787591262
527.412618173
304.106748682
175.360476983
139.974507797
161.490239091
221.768695717
287.335618927
237.376684903
374.372441794
222.72386143
181.99744593
143.368735102
152.375789236
487.69106259
167.147776448
265.869421202
173.327937749
133.13181803
161.633957624
225.397884818
191.676901702
257.990134795
159.112212827
368.400166046
174.463592629
160.660911694
146.342049734
223.109754797
165.684207079
126.246319416
184.319260516
155.951552108
151.610711255
158.298539362
175.459663563
179.626588985
131.298945162
157.871268261
140.196533923
222.84690076
147.504394978
156.410408447
232.746373586
151.887873487
110.65217913
211.822413291
168.381309646
158.169975142
178.651069172
811.651640306
159.238484878
141.429838017
156.059213646
218.49655736
490.948688787
170.683238568
132.44513467
168.656102863
278.858288312
268.681070772
147.685677368
119.050218466
183.365381702
139.510409406
162.257782132
166.454979753
630.320167823
177.442143122
217.800170564
177.684274589
490.105845314
720.250438989
325.057361733
204.198295453
437.082252975
262.461756827
147.778469984
328.911831018
163.736024812
161.587252626
137.261251636
150.865448877
180.189742464
194.846460251
295.555984173
182.114118386
357.13645279
173.541090766
149.480182154
137.250934491
55.1258406942
135.787738432
128.662446769
156.461948672
147.840683149
116.908486542
661.112520629
166.564218202
711.168139455
168.605189339
349.229724158
280.762285083
190.661568715
139.135549023
440.387969762
259.411308372
164.430884805
135.824308375
171.581851625
165.060768903
328.496140402
147.519503487
161.33993729
371.085245022
155.338549077
170.895913208
253.97357852
312.305513886
154.792125037
275.986944635
219.56427978
160.424278533
177.972567675
166.980713788
114.679235005
175.804193653
169.34883198
131.308832729
381.882806714
470.26377973
578.631460518
163.76062421
182.134439755
175.810040867
634.370217169
181.056796026
174.802038977
173.018735709
143.389839622
130.921802937
244.306108263
369.783897569
133.805314667
188.771343999
164.091618537
162.582678368
107.049192609
200.238236628
111.428195235
81.1736809015
174.969539118
148.364737249
113.618255571
310.64268413
358.309616236
121.022808231
145.593789839
314.149080337
238.353642053
434.098230135
147.642561801
342.211693442
169.362605081
106.589009679
303.516149181
259.445401455
209.44611686
169.499001269
165.240853387
151.61528889
275.160396697
238.337344969
156.080385119
171.802980013
111.765487728
429.756643485
176.961758911
136.733084827
143.381631071
137.759200759
182.927487254
359.300160499
238.805836604
176.092747966
161.295035422
384.601842941
206.946379224
122.023713884
245.002163531
140.642407134
221.743523009
192.192154065
161.418003463
163.173911291
310.3251487
165.952421185
287.939315481
327.028665881
158.107055245
201.460700276
148.892349211
123.663964587
253.3667857
176.472214959
152.146191739
143.996522917
204.639656397
601.007203074
177.788213918
185.447967723
1802.66256249
312.568522523
121.596730972
126.870382742
176.952801967
319.962191661
162.906123897
165.573200328
280.68487308
514.706577264
138.005909384
307.304205394
176.447990165
162.401015604
118.47231751
235.060298943
487.932720187
168.120039297
200.648673336
352.619242204
194.713514287
150.107501099
99.9221363513
244.886127011
133.922749642
174.464259278
172.832805234
157.304729098
142.442296864
162.194899428
115.057169239
271.469742574
216.977494698
214.719705536
227.886370941
278.825216379
193.287903471
117.871080241
225.057036913
140.547104769
308.792680086
337.5811014
104.899799053
141.498951321
288.840207139
247.931904897
241.140449859
202.696613712
204.067381509
228.615449581
623.603130747
123.273859067
194.258508323
182.525819931
218.449497345
146.404244628
145.747600169
149.472688519
96.8644719638
263.960621672
210.511086367
112.143693858
143.883064847
185.737481613
175.080033247
296.128076506
528.419856029
134.310043088
142.670444715
200.263488161
343.793199049
471.045494051
316.274873914
218.770375839
90.2813972155
198.100122781
402.229572011
193.581260448
163.628762912
181.789339042
105.514140799
157.840421994
315.411132034
333.736505136
437.536027761
156.452689378
113.100879549
140.412526507
164.339887167
1650.27244782
197.124092636
528.427598947
179.584696287
171.975599971
323.543553565
540.389467209
425.482240869
172.169698199
630.086709156
133.675535582
209.212510577
123.215541306
247.895718269
138.165863153
280.56491275
210.805897055
214.320416219
160.670803322
192.553257164
204.653767797
179.427713321
412.756752078
133.907374512
197.623841147
411.203828696
149.300388652
140.270562019
248.774851074
451.091081806
842.976557442
212.846041217
251.980381147
180.843081417
190.28193146
175.427432864
359.167832232
500.05665393
158.057517159
278.346555213
197.677435356
402.095812092
228.738855524
212.729013906
160.671920572
495.501545967
139.768895296
179.152959952
235.957017114
196.610265719
227.411972733
251.07884534
175.253098322
130.400989914
240.43467862
241.877275655
135.865900696
188.021515104
238.467593833
683.081127536
163.409924386
236.9062486
175.402414049
585.376423715
147.349509208
220.699759909
159.168528286
383.284239741
210.72918214
186.519151001
171.444770929
196.753219164
148.879081911
591.899181925
146.672358374
478.521376354
239.103387627
264.133985079
179.463363385
242.719288925
214.496650245
158.759445753
293.06679668
372.088742135
200.329763846
140.677465406
227.613685717
247.920298218
207.956878682
173.797741385
161.655669628
316.356845033
256.49573296
309.025012293
241.25869172
140.012236373
255.711963256
178.785699507
165.585765355
336.045489663
167.244240982
138.244534584
453.705691012
199.612175204
188.385569435
369.159307417
284.569076379
206.417156861
145.445544096
236.640644742
186.794111194
118.218251584
433.961400046
321.511841288
343.207238615
179.142911089
128.076629223
157.57917693
213.837531882
165.963507655
191.647413752
230.708593878
238.454772935
454.696198417
166.429483847
240.75800942
298.258322178
107.705626317
148.118364738
157.796596013
128.710533566
217.389046066
179.836487066
152.660253088
166.265519283
251.630134019
203.718056775
190.902191476
175.142353307
330.391213895
169.306261088
308.091387453
143.491916809
236.239511089
130.246385743
163.748644725
291.14798641
368.059674637
185.92096983
185.224149588
188.746142246
635.346135947
138.599067582
132.368072778
202.656553271
185.571241409
228.42654023
148.921111811
259.820116275
154.496696199
164.400609582
110.951241074
313.113503866
447.574931363
232.016573245
604.641385803
646.069258771
200.333302723
165.088433994
219.652082695
169.659861661
440.235211706
345.969918281
181.013241006
180.44809422
160.963541045
205.789420019
136.170507137
266.026559026
186.219371638
175.655761981
685.69330203
293.938664137
139.980895025
269.765571747
307.187489432
177.359592451
161.885663199
175.273725085
290.799736043
123.608662642
138.232882391
89.9634153177
260.38669328
208.203090149
193.033141224
292.255702448
170.709259348
182.387125216
158.905098942
184.182731592
171.996198025
343.638277371
633.647651426
108.702795361
147.834317713
417.328166854
169.250161145
174.225401888
183.279631477
299.971633351
164.964007285
127.265161558
217.72522405
197.835627443
122.20253318
185.609611542
177.613510507
479.405431375
116.878955824
208.282359824
223.098231833
165.838819857
266.246674156
260.722980451
495.353159734
327.377727443
168.656381869
101.045295518
660.336588991
717.696096351
254.655969074
177.516704388
597.778491608
557.263619762
213.044955615
756.214200773
198.586026531
169.491221754
299.963788052
403.613238386
114.554775029
256.4174675
233.434890481
235.494194005
309.480352225
437.361455588
204.263141092
164.229287682
398.154170916
