168.881694478
117.723280707
73.8070231084
153.214776792
225.983544097
90.5789320813
196.02714067
166.875508054
184.784949449
376.070591383
222.311682743
192.154958722
96.9588057701
208.696986889
66.7785264804
168.30388126
562.086099039
175.883209328
104.319133385
170.231735273
170.934840993
96.6311417887
202.338425252
193.889665831
160.702955947
159.728480367
59.0083345008
173.123004129
133.676909759
176.133312919
233.8851291
111.004072304
130.52237061
227.020651642
287.414059023
134.583633137
145.915456162
57.3145731218
233.690072431
722.098576837
105.870409945
163.502057468
173.464733809
182.20053601
349.742327573
142.016033009
181.829956897
115.133875699
127.083167692
101.16805299
555.965512102
202.57915562
182.200400291
196.077196573
47.4348573337
67.9949798529
204.618497771
134.727042061
102.833361536
255.456710487
210.225238859
185.554559816
577.922445261
350.03541774
198.597854102
151.089439968
116.19841893
262.73517397
194.127431333
185.922959827
181.244121099
139.96291258
105.21738844
252.108716113
244.475405998
187.791592004
144.343901426
73.7870940078
71.961356121
177.757586821
398.59858809
556.548566908
188.909232066
359.730552704
58.2241108778
179.854824583
371.99744572
101.870960335
175.616806118
219.388253319
261.201712733
198.264517468
164.306977798
166.474111013
168.747421663
125.497024539
169.374740863
203.437449504
235.26111161
170.771971985
152.622025945
249.342226011
126.52244158
142.784343528
124.112452108
148.84433171
134.465632801
176.990843535
333.802133094
267.857787087
116.342171875
180.757142473
141.903437692
686.778935698
124.474698953
155.672027685
160.635393897
194.158756797
145.8870286
344.191063572
166.821550704
150.967404079
288.127837142
73.0841789558
190.894369481
157.678154418
164.411138628
269.963570359
201.190122144
337.231423167
161.230417548
148.860180942
154.033023319
225.007320436
75.7623783951
198.79699072
171.73688841
177.72161432
144.24268642
163.093727935
99.8634242958
594.738488505
239.668038802
159.057030175
187.922575075
188.392491201
77.285643243
367.880123695
394.11329714
215.19385485
115.090072661
160.241023186
81.6251423888
634.076933577
231.34761417
127.990984103
166.832698001
133.531607467
134.999158597
122.30923541
59.7461524189
242.722555779
232.146665546
177.452000341
451.541516511
86.0307842186
120.903666336
159.431806484
182.839290315
120.043775472
120.824779888
513.760273137
144.904845784
296.69160361
152.345969964
178.353164963
204.785867161
387.493666291
134.170493136
133.209131264
144.014196255
114.425312599
151.082589454
271.774193701
127.514896369
153.740117706
111.07159161
145.488105481
124.912657633
328.118189282
57.4696263663
97.7997337289
164.630542625
115.794325408
274.551961588
272.866583801
173.378520224
160.833632112
131.954849988
148.506622629
702.935838744
222.183574604
409.314984312
184.947441551
172.560530376
173.48658306
162.485463713
162.256662166
192.368174984
271.032626488
299.226055226
176.970537471
428.448945054
75.7187758431
235.969791633
127.813647483
192.731163589
129.510386924
92.3857062935
173.315878758
71.3223975292
154.773534665
121.188821609
151.860883719
181.371926576
193.175781774
121.062645998
185.18640492
130.182863303
132.878689002
211.295353957
175.301646537
149.012496708
130.822497149
132.233888617
163.608646633
197.702396906
146.381537953
330.608607597
261.158354747
298.014793157
173.357986705
162.034873118
645.889492836
107.175407761
110.833796785
117.585910057
146.857413045
359.418529283
138.246633365
133.716517588
190.066874839
176.231609604
40.5360833827
245.4478321
216.76549891
209.225077085
164.955249534
113.955690674
164.20762694
126.532258626
542.987694975
157.459154001
793.66138812
101.804171709
197.380970675
117.628725586
172.378883347
110.724965591
271.194919538
127.75660492
115.315845511
233.339012366
187.328414959
157.537298443
270.719168616
180.885140805
98.9874184768
191.997369563
254.02393549
62.0626125707
176.854725349
128.947736885
144.354568165
170.04624425
426.381189638
198.023994883
159.648097902
164.647798547
264.938621236
150.693438982
280.149999758
226.779235846
327.808784139
210.526975259
260.420877964
94.3364086326
145.349640893
198.130295792
531.074489805
141.427736889
172.134900092
91.6727920385
190.210021424
176.024031527
174.584595801
131.419595461
167.133264406
174.689712934
158.725953463
115.814005481
65.7324196206
179.193614361
161.796056455
148.821156471
134.422339139
305.095668461
126.533420552
276.983585759
93.9272203855
98.2256007442
289.019884776
139.614567466
117.887732283
146.513362624
122.533587562
180.608204861
278.716635324
249.370585035
136.123069745
518.128511843
378.255720091
96.3514460066
229.995141485
623.573181424
103.734081969
134.489997251
42.9626250146
190.901283765
123.585006762
166.760481403
150.9859752
126.567570687
143.812408841
181.083457037
212.808764379
202.80665378
254.531809426
392.627481834
130.492100597
234.314401791
247.778842376
177.115245145
154.784015524
135.980387628
211.432507056
224.708821341
186.072201679
293.593656632
144.728661719
104.792235028
105.765672033
79.8382568701
131.188283072
157.646424776
228.49299038
198.840136917
236.593408236
257.672111282
145.702959408
262.873757937
179.055750853
187.485021271
197.696741562
122.947610444
232.952876006
185.596307408
178.320558912
74.4705179601
159.453080516
139.493171106
139.38608872
100.912354156
181.956972845
264.840172894
233.535996399
164.424154272
152.680830596
135.096778927
169.355879455
206.640908824
241.631951251
139.591816935
140.907312357
141.373336255
159.285365684
386.884759019
110.837839268
239.583700526
176.308461083
291.446840811
258.990182075
318.688886992
140.812174764
96.3525240949
382.564456125
157.175012409
124.963216568
195.174440126
143.738684942
181.852385572
123.962711523
153.025302119
169.710790699
285.231499891
168.142549563
117.501911918
178.457944924
118.720575227
201.00595509
100.094510357
114.486890022
140.683213081
150.191639295
210.937973995
287.160418966
134.666632824
170.78012489
168.098486107
152.076903325
288.149373886
285.565775642
196.532364716
244.822951333
158.809119753
533.438574349
110.704555314
323.777018619
349.128126951
170.889194678
178.848008565
130.095560332
137.237220352
148.539247959
172.972859708
125.790928961
107.961092391
163.638428981
159.969692929
119.974595608
336.017467991
190.684656736
176.921496581
198.254109298
248.130193287
259.477421408
99.3687622256
397.197713115
428.740779219
199.930804237
186.217867555
149.827826709
239.550928425
140.501913818
177.938469151
154.914754178
143.164783559
116.169184107
252.278109583
522.235381821
94.5945846769
156.747828187
58.3590543667
165.352169816
255.922133601
226.699713106
155.066550416
265.200361067
190.394472388
145.205122743
114.168476933
111.597570107
154.077155398
125.916254471
262.951626643
221.256473256
480.282204104
151.589358031
151.573206019
89.3590229892
110.347790163
219.929830443
386.452536039
175.70795577
156.866380363
110.084978317
179.803156569
177.491848029
208.714373072
166.269999637
132.230460186
91.7452736191
144.147602858
163.986850539
241.081417295
185.699312194
189.256792653
146.390695792
169.107705642
534.633205631
134.876702818
345.287016558
153.579933163
130.241383747
237.262161643
142.668511103
166.831411267
303.730495668
173.615832055
80.6262460558
152.276608353
262.69140723
208.028144308
99.5509854464
64.0518619416
358.980785566
111.988874056
155.741458087
357.974566316
212.439709333
106.771407294
136.80275978
100.621707888
126.723469527
124.18402525
175.559742335
155.017751477
170.660068166
137.121806287
190.152642629
135.816866566
162.006445708
100.24035693
120.927981147
251.432897759
103.028991083
253.182142917
168.713687834
126.502896263
143.615255834
171.209883863
145.52967265
197.953091045
169.893607783
168.471149052
157.636253967
422.220170256
118.532228369
118.798168664
62.9239085526
247.621529155
270.675710983
122.807169253
301.510612577
101.88014506
302.953593385
74.939257906
128.29135102
473.406680179
172.352651265
156.137575788
191.148421895
346.301643765
148.284817046
87.8834669249
372.011383563
140.634962411
149.685512888
156.946136809
132.389812183
520.792591194
223.785104101
193.51248741
146.617796321
176.367737372
267.306442931
168.401486161
166.315451414
156.546192134
136.261277066
166.226872171
75.0636038632
163.429018728
189.370134615
196.312205
241.613355176
155.034639604
111.90317622
76.5248715715
116.995718381
118.385261688
52.6521348696
143.991210534
151.555602941
56.709189607
115.596966963
165.349477049
99.6992947833
153.421177614
171.181282516
274.869537956
152.413978546
91.4255544931
132.431281098
120.086577864
244.049036403
230.702031503
133.984949627
141.90972351
131.023580137
390.71952837
238.131948635
178.701936658
158.568577247
197.987857298
167.06997115
155.01967593
166.773033014
125.718432968
164.642754978
334.112987932
155.908556122
153.838929953
154.001057282
33.0285182588
169.187100082
115.365471395
127.806815468
177.200832249
157.970393467
112.45743385
258.397484759
274.808976882
232.751324082
178.317262592
123.181889681
261.469213724
219.957828896
176.652977001
153.646564646
228.159196079
158.073352054
190.286643879
540.420051324
204.852190446
135.928463994
118.414490496
313.510981617
139.221981111
176.791930508
238.352969231
168.085716093
225.402394327
85.7117450984
55.2434683029
91.9158450669
156.362884257
177.199240312
172.47874879
192.155074413
205.960418251
82.3993668997
206.374299098
164.887466343
137.677594392
117.413417884
152.642904581
147.011855502
154.531021717
227.267476765
195.222178954
336.432094772
180.261259025
121.579030829
264.831227613
154.148049117
168.25058181
122.126986624
254.535794571
181.896231611
182.875885011
177.027020919
164.126737962
176.497179045
101.632307909
100.205339133
218.66007542
159.99528566
87.9828240503
147.204300248
421.653293599
193.450922436
171.918647186
133.671896791
885.745090953
199.417420887
197.75856253
140.983850415
136.385075442
210.620886138
115.892731068
162.645588714
109.988796195
168.263853653
187.060077875
166.743215981
121.041998673
117.690237508
272.670872736
114.791825037
161.172641765
630.085126971
189.320441639
179.881499832
166.288496339
165.350946621
136.78268069
182.385950194
348.906118113
176.542114478
234.66905065
344.061367312
166.204410138
134.905495873
169.278083762
104.58462107
175.389638289
203.425664469
84.7470080706
150.595348722
180.230226904
161.695441771
136.010298221
264.059129893
148.748960724
131.050804134
371.583458568
100.964137823
101.452760768
182.645065792
188.990549625
135.827405316
189.742169503
72.4282662472
91.0942684323
203.215493896
123.671606025
116.850913991
176.987121919
202.007791038
209.30457685
164.877507524
174.617102895
106.425769792
164.183007587
239.113994983
67.1262048088
154.684362939
204.955105486
426.440843612
52.7652877919
123.760503915
172.67176789
148.606472637
285.994435368
177.585684496
125.374621146
211.392589373
312.885595975
168.710776026
227.750764233
165.647196734
119.637014852
121.733046544
83.6978661581
161.774580163
160.598610996
299.58246873
191.537771347
152.924126685
105.811186847
153.763379232
212.241199668
191.533023977
189.023599453
191.143955306
218.148864917
113.55896467
138.955492739
236.812119661
156.507079981
65.4895367669
197.154995508
236.148447613
139.647036163
62.5373290284
132.129746565
91.9854220761
172.161066855
166.775057527
143.513784114
107.501377384
83.3825123219
465.410534161
148.2387219
147.409106557
347.142598358
162.234061636
102.600222667
162.205377666
199.373925849
150.658114854
174.361363367
159.447304911
243.815180613
107.226809932
202.233265581
125.053877281
557.829165727
174.713088078
194.080649865
131.17691091
306.794828619
212.056055293
402.387522967
735.22579912
135.290630219
229.376738444
139.550805171
263.634940442
423.524131058
122.870637371
123.962128128
146.733559721
180.367440345
256.024968718
190.792998364
166.613758007
246.114188104
132.481404368
163.57266914
518.751477674
370.098274671
258.051634719
126.710332029
195.253960352
152.468802783
175.359719277
74.5701986167
171.148300183
180.098371217
454.100928216
257.68570999
338.450281624
273.670816056
125.24641318
223.846917536
163.984371015
147.708409305
60.5315751208
139.122069761
510.545339422
158.834160611
206.213192725
127.097602497
139.776195614
207.166642114
105.40022058
153.45470896
81.4479172978
185.720552545
89.171495476
155.897838448
166.714212666
325.330768503
136.605170903
157.737373058
82.0117316199
160.509426881
194.470550725
487.515045007
137.758970486
246.512306831
166.409808506
426.07578398
86.1507187366
143.719516635
176.34660833
180.862865248
241.681923817
114.903723489
127.552415517
129.074764897
88.7733120028
181.707844388
87.8340801791
151.800966379
154.413011256
347.662963172
126.874638381
185.328760477
190.454397163
735.179672596
178.918357102
140.287399514
128.559913135
169.879665628
107.74034824
133.148838639
121.453545974
167.534712171
156.507037628
195.103213162
101.425639586
139.647136705
148.112685857
105.423897168
118.592664674
140.293388664
155.296459302
100.372410279
124.1419273
131.783455437
112.902229607
106.802360763
169.386762809
28.1598797421
127.835504285
128.400711942
203.257340326
88.4682792044
113.373122104
149.372816454
146.759832607
136.638209806
139.839156604
465.889444609
90.7408165013
173.21033531
241.305589075
305.595912583
179.761634558
165.905006359
176.436038128
242.422636048
152.128373997
85.4890152123
348.302643043
166.201760276
306.402395508
198.373516518
151.522328841
208.552761563
227.239869687
217.316568533
74.9852869295
177.795599077
148.396177727
174.089404947
117.557607558
212.004832222
82.3475360964
231.296604281
44.1856694616
174.471579266
102.21108723
173.078185779
308.094256869
135.673304191
306.954164859
95.2970795374
183.52092814
96.7326189348
198.507849627
191.699283915
236.087184175
196.768703011
204.920910474
218.274988237
155.78294745
118.023125436
143.909037259
135.662136841
169.550337392
114.512200845
100.555376306
132.818901826
135.863173539
123.799600514
369.879713226
142.719456492
215.4714034
130.95536273
173.208376053
461.394440059
308.368372641
246.51400099
180.632532036
160.143911457
176.887476407
171.23343252
141.324252562
134.672952712
174.224536519
210.569157655
198.827143455
373.638958937
111.273721788
154.734444943
147.872760257
132.510003362
144.177340509
149.86012517
169.401626507
63.8898763443
179.078375768
172.749410563
211.234119438
93.8993614128
70.9810367801
144.547027019
203.963126841
133.583365138
150.113879538
160.310265228
123.411071014
157.992865108
183.518531215
249.698679497
167.038382564
185.058879292
573.972371665
157.848651676
222.905148933
164.23904736
115.090891116
144.762117715
134.758010717
171.363373289
104.353722254
553.192791647
57.3682772533
152.155494728
180.412919366
138.303883714
496.159535205
109.754834992
145.156838213
216.186588887
179.049397788
165.130463546
169.961203478
188.056605809
120.263576687
150.420478108
155.831294333
234.321072132
120.118076831
88.1371011387
236.482299275
54.731792941
169.502383113
194.28801008
178.635647308
121.646839782
167.281550991
77.8314817184
303.258180347
178.806460829
109.777386291
167.722545266
179.208838398
181.687868878
201.312430475
101.008402393
105.233687152
229.575097171
145.478978398
355.103832424
169.417796412
234.794790641
221.517706768
181.921341112
206.159374924
150.588197221
370.329510005
137.602273372
341.361157861
154.193734508
157.644759102
81.1255660046
206.897119237
125.36577902
171.932725895
146.967416461
144.393833413
236.659540831
131.814086279
182.470570135
204.351708786
189.837931358
261.303224399
160.345499514
205.291479015
189.985033005
120.598039769
176.622881492
144.297825534
419.12610503
161.073987321
164.6592169
309.552641753
50.0049377678
141.925575631
168.02628557
126.46010861
161.55707827
206.922424162
181.468483144
120.456215864
203.202008879
83.9057822305
101.982783286
163.906816552
192.496179747
149.592231443
136.503499306
328.409556923
143.279953337
66.1536778253
173.057401214
197.035642327
180.774333482
134.378788879
578.973327041
240.000868842
147.743778476
158.009784359
72.6417696119
288.744682933
306.752865536
199.520499415
213.438025028
151.439001947
113.22646474
68.8162233556
210.416416309
50.6099097676
121.808035821
234.905652034
63.4164478776
113.069691732
364.052873462
266.581489082
126.987742375
111.229292177
182.581814417
213.796140693
221.396323204
209.808022579
117.308893612
142.09905416
174.650813895
220.723912352
218.11844796
138.205073878
383.522750759
151.763863375
110.27956132
155.36157727
255.475863035
190.007285924
117.057575076
123.634033503
156.869628437
171.140048837
135.373832612
198.197197477
135.675201384
164.544761162
264.751822514
173.612897957
185.458766968
235.911010998
169.262719881
159.055074661
245.829763842
238.872896294
169.585943849
342.933936681
115.485747075
164.194129427
142.733677248
170.240233724
146.351597597
90.5009114016
188.545444799
225.448359957
89.3291463807
160.012500704
153.090941074
179.487576757
342.513224955
377.166944514
128.120404276
493.98170357
183.274077308
93.8900630415
177.616548836
76.0578374201
187.153618901
107.791635813
287.136421299
335.602251001
300.898432402
229.839772595
118.546550455
270.507307943
152.742855243
440.897669316
234.862587988
191.217429974
248.75329158
145.214887275
195.261623901
178.532170197
198.410577318
301.836989767
221.921259157
145.598472276
120.970830654
166.327772125
107.85805954
190.13539972
125.197630929
72.8756837854
161.083290938
99.344960358
282.885969992
172.083114435
340.125400459
131.824548142
95.831124964
118.579638258
117.079479827
208.070894981
151.23705866
251.777786396
107.439235577
152.884903077
168.454684886
285.237359157
420.262563548
174.657765347
153.363343369
143.766545142
220.340530932
99.2478123064
326.785677562
136.189851958
175.816672354
135.423659207
102.849246828
87.9051917606
102.963923899
141.022097425
200.48041542
184.178447732
265.222107803
78.2720741825
469.289968912
237.526582872
146.498282325
131.339650093
238.096234722
543.030067079
144.619863602
147.664751227
331.221445929
411.297598405
150.053985345
132.355925949
136.110906163
206.615321024
88.618674045
202.357544254
298.342960556
110.362063439
141.46672553
109.139134391
217.810960107
157.114366234
406.843295298
103.515345043
118.398234401
146.141439434
104.651256333
162.193913691
148.507938151
122.854405696
137.26700365
140.615416881
53.4024745471
172.270393588
151.395929587
108.19860719
322.078956163
54.3923682208
135.878607745
169.389063399
172.532644495
212.869541709
161.5841246
149.5653695
154.440210101
112.500703317
193.95226119
119.629989844
165.461808447
105.77859465
131.036296893
253.949271709
204.718549159
318.02885208
118.929102639
161.13060538
115.616898003
160.699280792
116.481718657
222.315941153
148.588056027
127.51349931
196.520335533
156.765184348
139.40860892
532.361945543
201.303709399
175.90061643
108.577796883
157.116662722
180.042609204
115.567931465
101.864224704
116.197115942
828.575115611
114.690868217
132.131720424
95.8769453141
296.809992198
218.909164122
112.571116821
139.479405412
183.385602712
83.5690018046
109.929038123
165.26103619
60.3496318895
152.760058658
101.558104605
104.513683845
184.533437585
199.278237224
106.407118169
151.17915665
176.462013025
54.3719113567
184.714096547
95.9918776357
641.508547571
100.778425521
152.850775341
84.1668360321
179.225645323
233.603646875
118.023044931
163.151855459
136.257944799
162.191260527
464.277846988
173.479687635
209.69723527
187.023220065
83.3142662409
184.914970662
177.537660621
197.829760615
343.513652872
94.2081586978
1110.91099091
61.7515801657
306.668516536
192.56920824
144.821473638
160.621296019
188.281740905
160.702510634
122.383673637
233.784493282
111.817742447
131.125461463
314.317537246
243.021641953
209.908358003
44.9577518131
143.882517568
262.326700847
132.197058001
144.562373692
118.848417092
67.0071218958
187.134154315
98.8423993474
251.904223108
133.145117542
120.08564562
309.271475814
176.353772876
137.805287996
187.50481779
137.114573311
164.255723733
237.364801504
89.8399986947
134.625020506
155.380919762
180.450149346
182.238826507
215.492499292
122.9895393
293.870811354
393.185288251
167.077327978
183.249045962
168.377590779
120.977956457
189.938467394
233.864554118
229.003437172
205.053299467
166.42395616
154.546188044
149.839258813
259.16818722
163.311137112
148.540009008
354.10043354
163.125540862
184.894920283
156.750151036
443.188670277
145.731055358
137.334561657
122.3586232
149.645240991
121.441735178
42.7051421717
184.066809623
190.31646815
122.778177958
131.87827263
158.149441286
254.418741804
169.094837566
184.301018919
150.424732136
157.668882758
175.96654499
200.205653724
261.234517026
168.19216915
184.177968151
338.394282053
181.952251212
126.67751525
226.244497461
26.4701735942
149.71117167
148.063785795
62.8444223062
193.399095535
164.963817437
453.310070983
80.8841093722
173.978083528
157.579021454
174.140218745
171.369353874
269.890687035
343.097823747
151.747783687
173.405387345
673.702097648
186.692382074
257.572953311
253.436269053
307.505828743
158.53953519
319.550228659
303.961116925
160.522321678
246.46472139
105.741976606
276.311519221
809.524331946
247.622799793
230.956204049
173.047524646
149.632716748
135.299685428
150.410768601
149.969927875
132.653473775
178.279775734
152.998193458
169.300098164
230.258906433
158.871647425
524.539781767
211.08393535
260.709915459
147.299221275
230.53407545
147.942634073
338.113373779
373.769216011
94.6434263159
126.06019201
181.081789408
163.840171592
209.546016217
145.782627801
195.1245673
196.586019582
140.210264218
153.474694644
206.850460566
276.669197442
168.529474708
161.261538875
93.0494741937
75.3747982033
86.7418269106
114.159163191
343.339925355
159.308990087
276.368885425
304.08821052
94.2954020072
135.978103103
168.713140591
128.934973476
165.343595497
419.20314016
86.3243870463
115.656473815
231.851048981
205.797933033
175.119772996
146.480251012
235.037271372
97.5503450858
136.612232514
239.577737646
184.428568499
109.881589022
138.335569964
349.82039889
161.774897825
189.27557449
237.755567535
90.9051559475
129.110588902
114.249073307
187.578874887
170.181150025
378.891976302
263.381671673
184.973149217
298.665411984
192.91602872
167.954972525
271.831125862
173.914344441
190.536878903
107.725199994
177.291435781
90.6693646611
167.591134984
132.966296842
128.612339819
185.371666111
134.929512168
107.593513835
203.790655852
273.065290331
83.1304308267
84.1838510976
107.386558253
165.917965349
175.667799427
157.991244932
166.739431596
392.948042539
83.9514176863
172.056779134
352.750204941
446.503970099
164.055557302
166.958429576
128.113166479
156.021043654
270.233331994
182.893413045
173.009267616
135.976049033
164.941830474
177.374815491
406.963197775
216.095958074
186.320044861
77.9057692955
140.352288508
135.20013498
180.552363868
134.335800445
178.08803421
131.06238674
92.1954211585
148.791538283
307.555823016
153.338781784
320.054534118
148.063284425
154.739383789
160.15767456
134.758220207
276.153957662
316.900055426
280.283612045
257.975154756
139.519503982
210.900053797
174.711461969
187.532965744
182.180950547
455.149526412
537.79784552
141.369999507
185.280274417
508.388606441
81.8681109641
292.249648787
54.7995909006
161.14949423
476.325604022
361.835091114
107.894521975
110.874098015
137.029391847
82.2124585668
464.203396556
784.21124138
210.199016459
132.660113956
90.9968793349
169.279347981
161.717879577
656.46760815
152.148759592
229.656349133
337.864480356
185.267111072
206.16957279
125.023487558
153.096586154
145.67395686
222.882155531
174.684181109
111.199125889
195.553506948
129.654264721
153.024516878
208.983071701
174.473223911
171.141798899
135.287123987
196.167262597
168.90300176
142.624504171
208.285358523
252.782107288
207.890727242
127.604608995
182.371916966
132.32394787
176.23386332
1308.12853467
69.4596919402
224.708137605
317.869158449
237.505526021
143.531586225
207.015373659
152.179908671
190.088926805
272.218990631
109.92548727
246.027695129
139.508353219
215.217452595
106.203523844
120.947333176
156.598048666
163.055270636
160.403506698
294.764438847
79.8373987546
81.611214468
291.827477981
138.161592649
229.366513957
179.432203586
128.402666881
280.592999489
246.689844619
144.30862028
135.10792734
562.474434803
163.4161441
148.239372624
339.393279383
102.6548067
112.123996562
197.203624684
122.861810448
140.914908575
664.273284441
123.180103598
201.695363917
109.800955253
144.789990504
214.494231373
140.530406768
116.352840518
121.483023814
122.892523206
98.0488970435
154.974383189
331.30032043
170.69935272
167.91087533
158.966994784
54.5773619467
273.654770008
146.95843325
93.3641763673
220.206055727
229.320464729
101.991416192
97.8437900794
170.973011747
152.899138021
363.756505871
169.809313049
152.61116387
202.341816531
132.468847245
152.776654553
275.481297244
148.166508658
416.256062364
198.440301648
124.607505391
68.8555642605
183.795522999
180.592585561
125.968049173
147.615065662
90.200904169
177.786552198
181.522466328
154.259435685
566.317050411
146.587202048
163.40175844
139.207337236
211.405469554
209.219910506
314.054355346
156.568791644
143.800237757
199.759576354
130.184186491
133.735226897
166.930363005
136.090836779
351.12115607
195.98854577
151.244642366
257.990575627
156.726203792
161.0375371
154.936572817
687.309614574
160.956468497
304.249514375
472.871705846
178.744870368
184.104931209
61.4416252937
181.244621191
261.514024451
182.044625766
168.849660571
325.47441705
381.773205034
127.174587925
184.652901175
204.977357438
174.546420715
166.67064584
166.314225674
101.789389195
159.129277189
256.059173183
138.583221437
93.5682534641
306.967139665
173.261119431
108.555165978
138.527468694
216.590615205
120.020917146
166.934280857
102.198433905
303.962165505
84.600520811
129.298031628
180.907627151
146.195442615
165.399354464
583.713036276
141.556966769
259.456043797
258.625923086
179.868249134
134.912659051
129.480584629
94.6271518936
508.092900195
131.587618675
229.325906618
173.313075841
257.445601369
546.637349604
162.386194625
178.908871378
430.483136437
285.480377867
153.680708151
128.621965015
143.332836241
137.298219811
174.989476136
206.410353026
99.6751513922
159.740211861
326.852294469
749.724845386
99.3570424486
119.463937347
168.219478262
233.210338462
147.422591813
200.999148358
214.669970704
162.373350135
116.674260096
91.4804221528
284.12387338
495.059107534
145.010294209
140.104291095
216.826069131
178.585049759
85.3765067947
185.352573773
196.274883711
149.609453594
159.798967065
121.1260249
126.940168583
153.157267823
158.839533748
238.899045239
168.853713347
151.717677523
140.19945238
121.451824897
375.263255691
186.520196361
270.2381365
290.862974963
72.4505134499
161.903543116
115.849313514
127.42512668
713.025544985
146.620635963
87.483678287
624.606002662
172.636705952
258.687852484
131.598124299
132.660514911
219.376190437
352.523085858
122.866556977
133.485163035
90.9188759028
201.919437329
268.652538081
93.1964865625
164.139021045
128.899961613
135.800908611
159.094976367
184.696288177
426.59108713
195.6974679
622.807304414
112.372822099
114.635814452
134.788207961
207.704604046
38.7237670356
121.061817374
183.130942488
105.259214536
145.194692141
157.219128742
287.477878205
186.608965373
188.857446444
40.8980905512
147.057229138
110.26801738
200.677156379
100.216631133
143.94251349
273.643931526
157.887587586
127.542395364
160.765819434
116.060559221
167.716772429
130.845542287
112.290888069
142.531780038
170.361509609
288.561770203
113.819536836
159.872438012
149.331349172
148.200792402
171.908631007
139.759034925
130.16998306
414.50873469
122.198706669
179.811101717
128.206689995
135.933024551
92.5049628759
104.000260085
166.928527762
290.975419623
188.658852589
217.624145419
145.162494729
238.229244069
171.209130336
87.5014697559
179.981789204
238.912461642
201.499137587
213.981691352
156.770511154
83.077573846
252.742863197
135.490622364
126.70094824
129.53762001
172.576520555
512.303003484
136.540197471
144.016883045
129.921988994
141.330327433
147.849887648
130.374157153
225.184513895
161.788204383
254.638562016
116.92999854
118.77695566
189.440552244
207.173509115
411.621867277
156.464820645
233.802866786
157.09057255
141.945217732
168.470211272
346.35080079
242.786249378
149.316368008
184.91921458
221.143127982
139.700163541
109.206707062
393.970087923
165.626115391
130.649277591
120.141981745
134.944806787
340.599258232
163.453379063
208.523204323
157.121231468
178.112050469
181.936226666
297.576076377
248.6766611
112.940561456
83.0159055426
177.63651418
325.222189577
212.818927403
128.839902434
372.589704308
148.73769499
163.658359862
294.570791215
188.08554294
205.153610884
162.428178496
167.665978696
166.909852158
216.606434779
117.576815801
155.730483122
105.291607166
196.191319577
80.1631145885
115.419260456
172.57335339
141.554486073
301.007205277
149.699204325
239.786501421
149.203292826
268.062530088
171.534075125
207.789675805
182.692201604
286.904009967
179.983679351
199.061574074
148.927819164
216.717500054
155.186328647
188.027821255
166.537015137
173.165497987
145.192080776
597.246908652
92.2429614244
154.226618775
97.0707889356
90.2239918276
140.22625655
172.905912502
117.004731412
218.62665466
168.437899011
272.477365041
77.5275520933
182.193155532
162.283070927
296.707462148
198.520734556
60.4787165127
284.938401687
116.397832806
171.75677999
190.609199227
220.67586593
168.632405823
140.83355905
208.577092572
216.020115105
173.049121133
142.024962054
69.8744640416
158.51259532
185.900566945
144.80694531
170.876488486
280.32802521
187.392241931
307.885015355
733.503341697
130.814551487
120.072847241
249.499675501
124.171934797
203.779659311
248.658521767
85.7823532239
100.713284413
126.515746933
72.3109142875
259.77607719
346.62224387
124.313240787
130.366612713
70.4869103343
92.4719367027
156.365895963
136.56730304
482.85317393
172.905573738
160.594958379
165.706259455
242.024765449
161.455500704
81.6177909636
159.314790866
84.8628134471
156.721202874
199.026886773
102.330907698
149.199043521
61.7865855738
119.889595638
127.000466711
152.063314199
154.099122233
135.766544497
203.979182239
197.950206299
253.000112488
229.023926647
165.334177078
189.820291344
130.402534534
426.326739592
269.910643061
128.080967911
159.105589952
187.060070622
431.049131535
157.495338225
102.884920297
110.807781761
275.793039631
383.906183171
647.727205704
150.448953234
127.063410738
118.983602096
221.73005624
255.018446249
91.6210488145
153.975163769
209.765696025
153.189399474
144.832462469
105.313457899
130.709146229
194.02800178
236.567026932
190.266106719
273.186750967
156.05423617
172.667629556
299.823189637
151.871677933
123.196739328
322.158204494
118.932162778
69.2698055131
117.787821587
120.133985553
159.383300153
125.815721445
76.4552505894
172.213447307
464.936546023
178.096188203
158.945452891
323.474998298
255.996370535
110.431546916
224.164994241
172.747969025
120.144052022
255.563016223
286.973300549
166.159293839
166.848042213
104.549335096
124.387311958
368.290025665
135.686803958
159.347740644
166.971623634
170.426696752
146.732353538
173.273194587
160.777472085
165.802825761
257.791411002
171.444747534
67.3039256723
85.540636763
133.046242768
292.071413927
209.008068164
291.118891021
154.365092161
148.692383717
148.801313428
288.292318602
158.224803261
402.560583741
284.57440678
100.74340271
253.59653204
177.246832744
232.835224535
234.583839316
210.608812664
144.068621372
149.619190604
96.658879492
412.350151083
124.704045436
77.1674312229
621.960750943
238.368950201
362.796518383
148.56070211
385.692920125
251.039362131
184.716877954
136.40874574
143.610658674
106.554962757
199.399517684
150.423302776
126.721818356
79.8674879232
161.805853224
128.170954426
77.4529542193
173.77757892
652.78984539
118.943647543
307.132653383
91.7654962308
65.7150790225
661.47022269
179.399308577
107.591419191
729.969554158
138.550439978
206.655533531
157.06667298
205.595869146
306.809877686
115.56775703
135.187218551
163.895272051
127.118116993
230.281038202
144.142795799
253.667294255
72.3523983516
170.337722998
160.792936528
107.996558819
109.070826689
153.120127889
176.760300588
126.512476657
364.103950605
74.5848159699
242.278202397
169.204812342
149.59170447
190.788281782
201.4377389
99.8186275325
236.089292976
187.022272862
90.4645529738
143.799351721
183.595944916
294.863169917
159.841156408
199.131323094
167.492701392
275.236287153
118.438432383
233.944589777
157.893889265
266.979772736
147.910471735
119.248929772
167.367320343
189.731095915
75.880044083
180.001000597
318.339221947
201.418237951
164.220102876
103.714188632
150.251272235
163.439602906
141.580465653
191.809788332
76.3149854399
170.336656883
271.369419911
354.534821232
144.829653536
172.310184107
115.52342485
127.891556916
216.534871735
192.990415235
221.142713551
171.908432121
174.092186291
140.225552114
136.898432394
194.05236945
199.471382423
178.289144352
110.023713288
108.748886081
272.175107047
207.28585522
261.986511824
46.7828380413
304.638122937
185.821016809
1061.69218064
169.634119732
79.741635335
163.393798825
93.9649775579
126.088406063
410.111723769
152.948980269
33.9310257857
105.146881794
211.334604661
163.883493378
393.530950648
217.576977321
90.499090251
151.168751858
137.489783293
94.9352863998
133.01704013
67.5257245472
476.60205307
118.542559806
171.564841584
173.492568515
283.089857941
163.445665046
187.619991036
279.879615248
299.437270025
192.626409223
147.36395933
93.1195942281
188.204568121
138.719234642
152.268056627
191.607527238
201.871768256
29.5602856019
151.175862613
250.50905077
152.862621631
119.384537968
187.15895673
243.430994707
253.969150709
182.314005701
213.797438545
171.638977099
149.298477868
153.448797763
133.095950484
174.933691154
117.010883307
128.70691057
123.399940114
171.991067981
86.1926181349
175.521494885
376.734446463
165.417444746
107.79384954
144.739387145
180.998867673
138.983183368
183.256374825
86.5802977109
64.6425412815
204.973351463
108.081640437
103.911651097
154.692888751
125.55587655
90.5535848332
147.203611498
130.193906381
118.846485333
149.000258372
242.23864835
91.996374148
404.091200253
125.271800509
111.828242824
221.681043828
234.342801681
174.797284345
224.82326495
164.880864384
144.195771287
67.244684371
153.71799179
634.798211333
64.7304208436
110.563816218
437.340823383
119.329580711
87.7683297278
249.385675671
172.537784655
152.796857034
149.473011394
152.178571151
127.510350301
139.344521214
136.142795206
212.683218686
99.0639985619
88.3643614483
172.619488386
156.122502175
145.269763335
160.665102689
141.251542917
267.861120325
189.000573211
177.350315333
267.742723756
111.111686424
216.492499442
200.478077941
363.040662083
165.15220916
213.986664465
51.8778237231
188.986805217
74.2616698142
151.766547586
406.55088663
203.793879298
128.744241892
116.699639843
175.402792619
215.39393863
91.6241350814
136.997592827
389.001809004
218.511383485
150.732921916
125.4484908
216.558450327
301.584233462
151.1023968
169.121675556
167.192677901
150.273452967
310.57164254
246.786626037
149.481137536
368.197523107
137.568700432
432.043083657
145.571982566
301.192926452
160.657667937
172.841305285
420.010037652
254.09385728
116.732620349
153.102303673
148.863549585
74.3987373572
221.789673872
174.65111482
290.310577607
170.152664956
221.609425241
81.4749140462
424.94806297
169.058972084
88.8377157726
160.930067521
221.489979451
172.030969537
171.42983437
151.295220215
953.024418329
162.021887051
281.252857649
173.962370981
161.403900855
163.006066259
206.946203549
128.266887532
136.859853482
192.473758836
100.192837388
163.93317283
177.364661961
127.68144886
117.319990804
161.82590492
216.011513329
203.314985496
390.168057188
213.339469054
185.421032249
166.520960776
133.412923098
1107.4251631
176.633283816
128.036410184
328.365722921
262.191172869
208.952741299
338.972475521
139.399452707
428.909038488
151.795802017
172.893527988
146.285287686
144.467047854
148.57542748
55.3891612055
130.810059848
211.344828026
173.060626143
197.746241065
142.746715792
120.234189603
148.618628044
210.340163506
152.329121432
118.045954679
206.863525692
78.1769399586
162.234365636
174.263898308
388.271551849
93.2003592528
498.283171364
134.477943964
107.663248418
485.078763993
174.73364899
352.598698057
341.356337686
122.430799963
105.320477555
563.7103822
96.5045342786
205.209970515
168.293811108
257.185218413
156.593553532
417.868217073
170.580751788
104.707238756
182.7956688
104.823908139
151.109921063
119.671420332
178.249469666
326.090366089
112.275336192
327.810723342
443.034510177
142.802230338
166.995982689
181.096541308
153.97385111
502.646235036
165.99563007
90.0374236855
191.279143126
262.388042435
173.020833462
203.384206993
541.86460454
187.600257793
465.396234779
165.456199084
138.808080528
427.883821267
96.0577545873
265.811609806
133.850140923
160.825532187
227.581640815
223.191583311
201.824676926
92.8089530245
184.869259853
174.948722382
127.122723395
70.4120686571
376.22177413
160.821172094
135.685444771
135.989861615
129.838720185
121.313852634
400.195146723
84.6379190739
97.0750451235
100.058022738
200.917927817
161.889920088
178.932318406
227.760066678
1046.78262904
201.980028345
163.220922341
152.140203479
54.6134839387
89.0174632604
154.350597564
167.840885308
193.530956479
104.492069452
316.402372593
217.670814096
84.172017964
490.499008381
416.683936177
276.355577734
478.063167801
183.476869278
918.110120726
197.972811808
130.705413891
108.802551553
165.748597461
162.522553623
189.041625504
115.148727891
208.892321183
127.107350399
243.036328818
154.443936854
130.640529611
182.206256766
460.165595336
181.881478647
163.613282996
107.179273711
135.887799033
194.824525802
207.916161678
135.344445833
158.000587011
282.213044493
147.564430935
102.389501033
110.622865084
228.008942539
404.999077441
764.955521916
111.719762463
152.097117182
133.04161169
256.274261416
211.128668122
93.4687964768
744.715313407
196.153251756
126.892333319
142.272350797
142.666433487
145.201800147
184.181920671
161.060340304
39.2760824763
158.020178827
161.593011353
141.57580941
163.512413571
183.555975797
149.937873816
143.335703421
163.781133529
152.893791826
288.86569551
141.882710188
253.93348957
263.767620841
121.733455036
191.609014234
172.083054975
152.62479029
185.260828473
219.85869599
152.531733734
275.335701097
130.600106547
164.310731356
146.660495795
97.133791418
266.065068735
279.208600615
169.288280718
148.743728275
99.2315953402
392.303614456
105.723607869
168.558552966
174.021522222
129.729666888
135.800653316
184.391396561
197.371671644
155.657210415
132.495662703
437.395192346
279.436706727
512.820086498
219.983942816
76.3058183666
271.182446566
151.944721646
70.0892360477
129.344558674
274.88100547
280.892936402
233.497782026
143.767218111
198.618521515
164.438047324
143.147304518
69.8842973195
353.923796508
148.566291302
204.705443364
82.54410078
192.892722824
485.175092982
107.153428794
172.744944175
226.402254389
159.225273829
164.755816109
155.267539095
167.919105965
197.759493361
135.517335288
122.395321528
229.109201432
206.662947575
383.30335303
423.386143317
279.906819676
240.828511552
124.852353176
131.930476982
221.95024172
122.197865294
249.62302779
273.033849933
95.1920075554
181.391294593
174.323107
176.700329073
119.666468636
285.325177514
123.776879984
84.9550464952
245.599243017
404.986047394
483.940631637
44.446635988
175.389656983
72.8078124036
127.777484723
155.587676658
158.386489214
146.926732708
522.38519457
172.373889779
167.210715074
75.9256210044
139.426017325
208.190683187
166.122134536
167.744209425
159.153664243
126.360437912
191.401172733
133.534979627
61.4663537499
161.920951873
209.292564021
147.094862383
141.37861904
315.301599827
128.817840464
141.061534116
232.591892048
153.573071984
171.085906856
166.680690447
115.360738279
542.754771242
583.62706144
124.595640962
104.010404
179.631175325
171.951052706
113.561198246
156.835877174
219.03850832
131.093264252
133.374937893
179.921312588
55.380958592
100.443650378
133.075696309
143.299833543
377.614214391
346.836286003
144.900496613
343.964142602
131.517913129
249.579261592
294.814217245
109.420711034
157.200840521
148.740167528
160.014158122
86.6552351487
105.472176708
179.629286871
100.112812028
196.985638854
144.095806197
82.3401718657
176.22828584
580.956622111
213.995671543
166.674689216
192.593259386
313.05009905
124.692520365
495.432241021
462.994883058
822.870582388
164.344098689
144.107453054
290.615056761
232.101746108
150.198152332
368.41195062
140.09855443
140.133387549
229.770619845
141.165302298
166.638301975
86.0573055609
138.185321089
233.303253563
131.048197349
150.00609085
91.6107826065
264.138353216
162.304278995
222.182100719
82.3502147875
182.299493906
139.634448696
130.001970011
181.796777976
150.685763338
143.983985825
191.277634119
188.244856676
185.491146844
135.716205134
286.073859897
139.645700817
187.364434108
102.365627095
82.6161685134
174.255981544
207.712829763
210.639582672
148.479858484
202.776559499
159.363639338
117.687335597
448.322014492
257.347326504
131.446968188
192.903847063
74.2116420941
108.431360971
168.88317854
105.170686837
210.942468214
201.354708618
244.540425231
155.4227106
171.515126293
144.116023029
120.647643748
169.993047739
178.274824066
