512.902519439
283.721402016
225.219084618
322.281619834
333.595079583
726.969217276
273.263911368
128.982161915
281.960110228
296.752670254
364.865803919
539.462883217
427.205822712
810.341011384
490.072301619
249.216086984
333.515072061
392.266412473
350.486109269
309.31654575
195.009341606
291.801735667
228.132560384
106.995117489
164.445033106
683.243722611
135.813263751
901.577779514
292.632871276
139.222672074
77.4924771733
132.614367679
341.147453136
570.436153798
351.728321877
212.313292161
466.446155617
395.095307476
451.018887056
285.975743763
340.767964497
798.490603959
507.428583482
228.180185122
451.061935964
426.684883109
85.2963732303
136.555188872
150.801481938
359.07885418
546.061025818
309.969127134
334.082706947
315.621713497
72.6530637767
507.891833079
352.765475846
125.550873209
519.727651026
322.62474934
390.575007414
86.1373388098
953.299595942
257.298334448
332.073106938
281.815503494
694.464121144
271.701010386
163.629970249
243.980465522
294.43757139
485.424188585
123.221673663
177.354629436
520.391286722
41.703847498
228.402481471
337.065820119
110.536160845
172.415834405
228.765403667
170.289352329
364.323379177
261.666661849
180.629838712
201.820922134
599.766570935
502.685181039
339.953798912
250.191658978
356.571735933
112.989499346
34.0692013864
483.985821777
15.5780661821
321.575870328
211.825545254
159.667788401
355.721118497
217.466468299
283.500519184
311.987239198
296.113367663
165.703634255
368.761871978
520.99891825
520.672154328
39.3448256704
221.3694746
249.483736565
245.842692848
553.703259687
1282.17948619
505.676191311
154.420698126
107.657342824
350.279044461
96.2850149806
143.154374215
42.5682198548
335.91545524
374.469000285
296.334318492
365.272540565
479.759048307
374.548576698
194.796857485
43.1211608719
260.046552466
134.803990771
32.5568673043
382.753606921
126.179168636
303.170585173
150.846330751
327.060895509
358.326732227
191.317401167
188.311161025
375.520916791
212.950092485
316.11428331
267.783636211
457.57101763
134.516883264
293.094348
350.202389443
293.072018394
238.229547747
155.245566938
266.972875946
467.401278514
483.104503858
812.363696329
324.696883034
816.56393102
378.410277725
440.297105865
475.399390436
341.569403137
276.478148229
800.035586649
303.217622203
380.997930749
192.716831835
296.289143627
158.684976381
396.440723744
563.57248274
463.906414818
115.059748052
569.989700785
223.16731969
23.0348145869
68.0034811302
206.876646026
334.909426734
263.134112143
337.041088572
572.381978583
188.020060251
210.971179458
544.018823101
498.332604559
337.254278862
322.167653296
121.632889645
115.693645919
442.947212151
231.564175139
296.92740482
474.502331038
126.38948287
287.025789214
534.086000396
32.8919099637
301.594337949
206.260719774
95.307036898
514.314167606
459.714351982
153.229572794
400.8232489
236.725335521
135.56731024
165.131847931
249.969582036
282.237346647
157.949502731
271.114743235
98.8141884265
398.544205879
375.756907458
461.830202756
144.542810325
434.413090575
558.872325475
308.57048482
292.387855765
311.726609616
351.965095812
195.691806326
257.192497202
463.186801042
190.262535145
351.734613143
241.797199343
283.185204363
315.577967882
269.835233358
597.018691336
624.296089086
209.586577302
510.239109715
365.768436774
131.083876992
455.858047452
343.52849718
403.067374153
612.186062542
350.801434379
397.836931492
357.864011752
194.672429774
391.320980455
184.653320886
422.224458622
312.216180238
229.17254718
317.202408857
235.854981059
221.974233945
309.754316557
527.264555475
273.877555943
69.0803707975
512.504898366
518.1421395
310.267449192
159.457781893
637.490035418
262.616827528
232.83714123
100.719207248
147.078050139
260.658075125
128.733512378
82.8034734047
245.166685151
397.095335451
112.04013127
415.252817327
147.766120155
454.406816932
301.287748365
292.982241626
121.163745442
294.972592571
288.418312
129.475647232
276.963254543
399.582405795
471.64816465
307.655532218
475.588893022
325.396144884
268.030298731
37.7695518634
234.09548639
159.199416767
732.006406441
364.926092394
114.586274768
340.694700764
439.889418624
438.272258516
544.007979352
406.571296861
358.106452712
57.0058755808
468.58151868
408.050644966
226.14620593
61.5675031352
311.094865046
254.553646677
416.427557164
189.275478025
373.704444715
517.79750609
242.607234117
409.609188997
485.88185394
615.420564806
474.25895227
367.282070552
777.356633693
193.453300621
359.40385089
328.718357299
186.062069678
38.1774520741
363.659679167
205.836218272
215.6266603
228.493038073
510.571924527
401.270556677
233.69177832
260.140469978
873.026793097
554.900551625
245.632241175
72.0391595302
428.572100897
155.976531638
275.09249708
363.629686593
503.021451689
480.401025486
299.252718781
5.8417989863
235.787685901
328.215572885
27.9750984333
167.092435406
593.366727314
133.585628605
679.041559787
333.992317936
499.133819429
442.047931325
385.484804751
205.554732998
261.243570559
352.053135211
232.290751064
226.925064404
291.858106769
158.891756385
380.731806874
174.635081636
521.765904717
492.069502383
420.59711552
517.063458131
250.955620354
592.91171578
305.265632388
259.652438427
297.682875412
503.631117626
564.192208045
429.188400878
225.936288882
357.210362758
605.058851945
444.139340767
210.013008493
301.45465459
91.9049403871
263.575009897
555.594426814
257.64363034
171.528812852
252.863751426
86.7013444247
337.665970916
102.688088911
484.606595523
806.606764089
193.146641773
483.280451954
313.416676907
307.576862796
524.775458588
332.841935172
241.431753337
41.4055375307
757.141214213
458.573661193
334.187851672
149.00503836
514.600021426
330.218009371
369.583080967
89.9012299912
319.551192222
476.295040421
294.363535069
733.841559513
205.589177877
150.606761349
372.362707149
302.582611985
513.259376688
543.437511896
180.837860323
213.292842962
140.772010313
137.655816195
222.579550473
80.7753093254
364.153829654
301.384935227
424.715984343
441.572129066
310.119345868
490.623665752
168.325115277
669.271791977
195.857543783
138.22910782
231.759532343
585.375655894
313.34332959
239.041134623
134.331784094
519.680580457
233.599177733
361.318001717
67.0913699159
229.669083314
199.287679958
436.649565465
309.732500328
131.403665562
255.504691724
319.134959425
419.831658384
177.914398125
430.523848196
534.031041132
350.268734133
125.74995276
626.154899279
318.30308228
212.76109479
460.236566088
321.230704328
126.991731051
401.836368378
483.053930163
182.614309044
480.08388453
442.745002656
508.881548134
356.686582228
135.944412153
312.36214424
366.754074419
156.939701039
221.25482964
116.020573424
489.486891697
337.636404438
296.937671032
385.584431727
96.7170898841
570.532606316
371.157184991
381.097765908
109.821841387
306.979327864
362.056199387
705.139507679
25.5251800864
382.432200812
444.161638862
231.911945228
141.278201395
347.155171352
409.384203882
307.601876895
150.629740951
199.027740847
299.312873292
265.131067632
153.440196118
254.89189328
179.299612055
1205.78031496
422.904703958
362.317331293
247.82745356
127.357690633
212.484304804
371.86285802
293.604593875
398.429259445
337.736738903
277.816087744
460.669570532
838.806296363
153.574412658
171.965326784
281.867666755
891.758217879
197.594152946
749.068302234
117.175874571
160.210854288
193.18804909
266.31117503
366.122203548
314.579248649
284.582413155
235.199978392
94.9656701495
320.079280234
487.385331331
304.225108296
133.310808664
144.15868269
130.478767052
244.408610405
320.757933631
517.890178977
363.539030461
161.490216119
400.748593803
489.311755441
342.700193557
147.847867854
580.625853305
142.714790188
246.228239324
187.520922029
26.9773903963
102.44264876
234.567317739
369.835276503
91.8620521616
485.745341986
223.42027684
41.576424136
656.083439549
95.720838638
289.767484746
141.460849768
212.250423673
272.972847101
229.734227628
384.439894852
314.612532745
603.347373729
508.963359891
110.355878579
432.090178331
409.965655689
390.101221572
284.202746154
249.694284941
144.954919924
465.640815291
249.418599403
264.634544724
266.330260314
243.787836916
431.905960175
146.151443871
268.081774007
256.222850753
398.772052793
264.252771684
424.640790944
136.717487451
119.803080445
435.742203429
579.099156093
434.926736663
610.859117213
421.797735804
243.10420035
634.604339806
448.403375616
314.677384474
132.430457966
347.628666415
147.993550316
16.3686717208
249.236355166
366.456038746
220.942373057
111.549891944
158.145228754
155.788786272
1678.5408028
847.501420819
141.487404968
186.813123213
213.631988021
289.435003741
425.136371271
1060.54977188
426.063745557
256.858912059
313.493695481
339.171081572
321.478665141
16.1033455433
339.199555116
270.355703393
146.77211005
490.329954068
319.774820795
397.691370869
484.693338816
314.096077159
887.532577922
576.308708532
930.454097852
431.93302898
409.502104336
238.762693535
248.523803381
294.739242997
123.927807914
266.107547665
529.967885141
248.331625251
255.68959967
326.233274464
333.803957817
526.398614128
112.091539392
1337.17876487
174.673598174
262.651611593
295.354122605
100.930665058
414.320047919
244.259303576
376.817073721
350.215698479
159.220511339
425.001573226
463.60204919
276.085667746
80.1552723284
443.292993994
590.108248074
101.195953661
160.437956441
228.234743717
414.665565904
202.249822844
340.751479531
174.65714771
221.231552617
223.594132381
570.500051297
249.686173187
599.171952324
30.1327197052
462.751395715
107.455591194
166.067202035
286.322951413
385.371344245
426.121754978
525.810785908
49.4495968077
219.80852684
123.122126505
136.15559939
383.914671718
190.05209791
359.850817402
500.971031539
423.888199107
309.919185498
216.376492581
462.688719919
334.233674465
560.076773744
217.961892322
521.525953806
226.06487208
308.175022619
160.318693219
524.333398799
51.2680389834
241.691769431
158.195046751
500.007449167
277.90358083
651.615010035
236.789179208
409.764282111
331.725101587
302.881767965
283.515852997
787.858759604
450.621529722
304.544385685
122.830051202
354.797618464
197.314026167
356.066184842
162.514627382
401.114750739
83.9538883554
149.000378111
316.993993866
292.119062719
375.108259282
762.155735773
721.436863499
285.764576606
263.739963683
313.9157957
266.289015864
313.183830208
620.173380091
501.282811918
529.114649615
323.570074637
422.360976826
350.740707517
325.817156978
303.766785495
161.192446187
526.481034753
234.642739817
689.65172291
424.203190852
127.401671614
153.027695441
322.741551828
264.331799786
218.522842837
421.866480097
478.907774161
395.391662868
488.831243201
353.205257446
423.62358664
549.888260721
365.351645761
491.472678608
806.381051031
175.362061318
147.772332005
330.228383138
125.885750929
339.764379259
334.666599494
317.538971077
242.213489802
277.729501525
192.39533826
158.709058222
78.7644292423
747.670695676
181.398212492
321.527422709
319.605224843
249.006592883
267.968642119
122.255021334
169.808033622
315.892129488
418.046522399
291.538718917
7.30910999106
582.319335097
411.463160811
191.169308073
125.201632074
522.180394742
363.774578528
523.732513631
318.074028946
193.75598846
564.666469374
483.831165982
341.658618588
373.175075262
486.777275592
369.65766601
198.447912906
347.299032077
423.851323961
559.04426783
294.261019077
212.363035848
136.698132656
843.727253636
184.023210878
368.798185311
317.987928363
192.136799846
248.499279893
144.913856115
357.663102688
628.244946145
58.7656633182
188.114836014
735.342601637
409.272797045
269.854774895
520.19613465
153.553873148
586.202244941
374.713113883
214.120304952
453.797893314
364.458998137
549.106273587
275.455420257
199.409343115
161.191848597
16.1240873961
504.91232992
421.507310468
96.6936964283
120.635191731
197.932705192
209.522961074
441.968030373
315.220218969
290.153934038
442.006027871
275.75965754
349.366481963
433.186817934
447.284112471
128.470650478
264.36664709
317.647291988
221.616044282
457.233451041
180.500289759
256.141950595
242.346779706
48.8081766599
332.750835604
114.702185969
97.3684868971
967.834707856
568.819505025
545.528587391
379.16854458
299.783276621
84.5561122985
276.98429708
101.970334449
650.227508241
55.2250207818
328.302700741
71.9877199716
426.423898915
294.176672458
228.10309082
345.591895507
279.65719374
362.100682911
65.4725813783
182.120034352
533.701261861
202.052887079
555.171248657
285.932182732
680.660150239
249.13788066
301.219740649
150.894666698
436.922243989
184.901575867
114.753510118
381.543999887
246.069872394
561.302554102
266.920215462
117.316401853
479.732059282
549.644329429
88.7047400785
429.737775314
479.977637329
338.641149611
562.167450078
181.0018665
169.227763547
594.38181065
294.949039387
203.121097768
458.603558313
161.457013008
360.906808982
358.617508923
241.850468339
286.139586399
355.139506418
85.7238749483
271.710810854
398.551445414
412.298667777
207.205173732
221.627574801
240.795086066
54.6252733317
29.7949717573
255.569154131
295.315611941
218.058264208
387.548046764
415.965282685
179.332651285
138.814178245
265.286086017
229.826924056
192.350809023
178.003732765
70.4982463024
543.362260245
230.612927216
509.774844243
93.723142818
319.921501451
459.1046047
131.860006932
75.1076103788
471.855836273
312.787512043
151.013630427
434.536778965
286.708006683
185.825036684
387.77478084
240.607262159
337.960207628
243.01391735
129.566797715
393.401427601
387.703925777
92.3442392196
663.76537563
143.043726032
205.406960543
394.140498126
398.793720436
194.284637055
74.1424179272
204.894293677
192.389719794
395.588728745
556.397619177
361.206398564
275.699089015
427.750916085
247.803100108
133.796156162
465.286747781
573.203727101
136.964598316
251.766157546
74.2916376949
77.2073244021
80.9552588442
193.385457651
563.113816664
356.987929504
653.459687719
378.476503368
311.517362884
610.739726586
787.5567365
247.2533092
258.880890819
163.659593358
209.347313913
839.451343116
218.606458889
186.226099459
284.614991706
137.87201265
45.4541691585
274.73904609
129.930629583
645.663237903
64.6193716204
183.814832721
144.665875038
544.296447342
427.853997381
448.526946956
403.868824804
489.574549545
170.576513292
361.221667059
197.356978765
194.33253335
76.5309334253
342.867361397
928.405498927
167.110656981
364.42618596
473.555503248
39.3755163065
363.647961214
362.970516659
376.989127347
182.982323839
146.254626396
101.137985207
136.050172493
256.95836137
332.078597998
435.307657291
170.008382209
363.385668106
34.4484557353
228.545197153
360.066830765
215.905766016
274.917810898
512.783226472
289.474485909
182.635322609
85.2482309831
572.669723194
456.714286452
561.319210425
502.24505587
490.15078809
203.618568778
379.017327657
135.413580653
163.988140615
207.901029688
224.298700223
131.125467152
420.683663907
151.082273443
221.990919708
374.474187306
258.117405819
391.23471933
673.812842269
254.47397616
62.6513835802
75.0709296098
457.522712243
117.767895187
295.091621845
95.212890916
382.819179882
183.702572346
345.093742299
617.897681753
344.479856418
423.567477348
267.025312017
288.742132716
172.873831635
206.323743756
27.1767723958
495.428541885
113.54445405
338.854739033
292.184313771
371.364338724
348.911892095
283.590787609
365.420065767
61.7499850198
179.693409772
463.328143925
426.067684601
286.82211636
445.232002408
332.126068877
258.093521387
412.191173228
303.284409066
461.063063567
394.107073632
251.318648333
508.947492111
161.716986388
481.631908025
185.050318569
466.992738573
285.88673629
711.014016584
282.368145946
378.938787868
565.909838199
461.961298356
257.446122047
335.170915778
116.856743605
444.646895175
410.464564547
317.993152645
397.926505841
471.472123488
489.200112131
316.467162889
432.661270721
446.796711339
93.6146016669
877.686294572
529.265988072
751.96073073
181.770034512
211.79344214
295.508645251
440.332881044
420.547164224
590.428440141
260.082180565
420.960286223
403.23066866
156.514425531
332.96202262
419.837227084
342.646674637
203.336304592
118.406051356
111.048841882
337.229213454
423.110025755
371.209052157
191.931952498
38.069070407
258.420064372
121.881390989
293.808703447
142.625340583
160.895444342
411.194160711
798.67103859
396.582959029
244.952923061
140.209854354
150.155340672
163.261028247
180.21361243
285.672889472
509.299521679
721.221263667
640.151998944
224.668580576
201.631911326
194.701989211
135.891816192
167.571830649
285.094223373
416.651897356
353.966117735
446.192549311
158.972345279
428.348826825
329.198854254
122.695201824
419.559497234
293.238631649
175.742144
843.759541602
565.631998212
526.994088513
393.158326147
452.797905666
463.998741766
305.768256596
306.512483006
81.1991379255
164.186123307
153.503347871
418.316674238
265.560332617
439.473099019
325.293579556
400.336230431
538.884318579
173.683535827
780.487959449
313.272689828
601.860458613
267.741348488
48.8827326062
164.271104097
261.227108965
148.945248943
756.567371714
386.279493678
46.2867619445
351.22991337
457.092147617
296.651504156
489.696883034
569.462534801
418.336131635
467.857599265
126.707208382
367.40063691
497.623414836
283.82155126
162.123720973
650.568225162
569.673377043
389.190525724
297.399703089
275.589051789
507.994239494
353.897509985
373.365768863
356.93913724
668.578662677
127.468804094
249.104461478
53.2113144426
408.94867023
34.7753056769
18.2144900537
333.74548086
137.071311222
1222.47978246
664.358304943
200.890153389
297.440357765
211.85390684
311.994132752
355.689447114
283.397333724
226.896634151
124.505153233
217.413445944
703.414606698
415.552392585
232.169546602
484.735702423
243.922577598
547.233853631
1037.16328567
270.446375289
102.663719247
109.485294768
418.422323004
437.686279945
186.542760449
88.2079008858
346.453618581
348.532301403
326.837934888
412.266182804
384.364216124
480.711299736
178.455508123
453.589732077
284.246316834
461.851133535
113.09305605
564.349384613
230.121206698
298.968500899
196.110419633
552.703018581
435.587727471
187.098460055
420.486453044
139.665572176
166.314734646
545.972881688
153.509883123
456.721718493
432.613368471
437.978356264
126.945628139
188.420033881
332.377143029
287.343810031
276.724181766
542.61621368
186.786869849
516.863163012
806.440890639
271.482605645
65.8621616645
141.808752925
501.081642371
20.0083321128
449.542220067
417.239422653
63.6761749626
269.35581292
216.39305694
239.091484643
317.126911701
124.769741451
537.131830058
290.363092152
188.040108113
439.715265311
342.908341986
125.737753748
261.148065172
219.017065001
443.357588017
682.486880878
325.032656923
126.599221865
244.822217031
170.569226757
134.396188871
243.29240965
237.960104376
488.185315504
382.173366076
257.328366497
121.742897944
291.870974408
107.906448301
218.680470308
532.503365671
102.659926858
395.234408998
239.758045492
51.2456779602
234.568511553
499.43059547
185.472178181
485.840964026
635.495861062
279.30905976
242.575960664
73.1256228446
139.260261278
341.123728963
141.234843713
249.095103712
189.628833334
197.625566096
122.079161256
49.4304055167
234.902460884
364.816917042
370.039979915
154.620843233
239.626166874
146.301826751
478.580888807
389.385536266
469.803975144
313.465071577
346.422328668
248.536136268
118.229412811
151.925206052
132.596699604
319.004448779
499.115466
444.261198366
266.640485354
460.116786412
432.249338994
352.36083213
161.090412121
331.791087782
314.546341898
128.280104342
544.712186376
170.750425991
519.185105862
238.335171412
342.812144548
304.000384702
385.380075039
423.288370869
188.283365876
161.401749939
223.300384053
72.5300201853
753.389124096
333.558424374
130.728329311
280.921359367
266.779891527
529.428565875
258.121268763
423.293554154
1166.12312199
449.410474491
460.494655232
407.045412801
208.042684235
253.996987871
221.578024444
284.640036505
123.161519626
312.376139333
211.408346798
223.670332254
144.668338347
222.426569664
400.820574629
75.7581071683
283.386398633
195.090808511
176.064926353
231.686752566
310.308474849
244.463428475
228.073272563
526.195843611
290.327761197
572.104527605
82.4483119607
179.678249118
559.274884695
184.591888559
299.897523549
226.89005174
494.384416451
405.706681493
274.884408737
147.912931362
254.451952398
353.937035815
690.851331398
523.735235844
92.3868145203
92.8603881368
97.1112319641
123.699141859
403.92350944
335.579174017
465.51971641
368.387072617
634.114844232
268.890251279
127.926133375
641.214066768
316.115444112
386.826734451
378.59000468
806.968940545
454.758821623
172.020069554
345.526128783
87.5902694323
131.074330359
97.5500134028
73.7304213712
428.894944258
150.330506415
121.087487878
525.915531556
297.378167732
326.17625658
198.167634593
347.157833351
322.895275315
417.452251495
311.454493337
258.681651104
238.478430805
136.565471681
646.939353462
506.442158812
346.748604229
542.995388146
497.731065579
711.951248128
188.538269608
457.092251299
129.554955669
220.164127276
416.849127993
382.61015178
194.56270057
408.022510767
218.88058455
550.054961843
174.410614642
527.882223997
163.619986718
191.208385894
305.896493768
329.532933721
215.881100213
212.711876379
322.943016491
158.747058225
506.895306864
379.836575352
308.049129448
591.042501508
146.674195795
180.893876209
239.278341842
443.292791779
363.035885508
56.4553008098
497.373824851
152.661115633
265.39794036
264.608455576
121.611410684
420.250881273
221.459094638
147.606960084
376.979507582
85.3623723416
454.9950418
276.909343475
647.939067438
409.744754793
179.201520344
516.121950502
95.2394438041
361.312165936
524.791208915
279.559476007
597.648981274
264.017319796
342.302520173
299.482575032
352.386651485
447.800275882
559.841671422
373.699558483
320.545859279
128.356676774
392.779668343
101.15403567
315.931240214
342.928480029
437.209065002
506.069153624
459.449787253
189.14574033
474.172057938
135.196726895
256.781451612
652.007418526
215.818272253
369.585016665
157.800958861
193.842261223
143.952866071
192.875590363
280.545502933
323.429773855
271.437646415
182.458063074
344.327082474
470.464967189
159.625960924
280.73002722
960.023672295
369.529549334
440.011697285
466.654709997
395.511722691
167.700945828
222.601806309
320.201482252
580.693537237
153.325239424
130.17326063
102.129232794
651.021085056
234.627501509
326.607486098
471.160002005
461.822197097
930.930030582
284.758064565
84.2908979624
309.709774851
159.720281898
296.585069124
41.9644230101
641.999502258
339.536071872
1057.77216591
273.972542184
496.800766022
534.512708292
188.734009106
30.0927728674
225.875641272
439.784999923
249.023234355
638.993168418
337.786037678
84.8473032517
198.444137067
625.402912877
60.8254986926
660.376022378
419.190496331
303.764577567
279.019934114
216.597395482
160.94019523
384.776852263
125.052103839
316.115848589
120.906707286
360.396971222
633.528335292
153.600754576
323.317872871
134.012946812
340.861554651
42.1557418119
152.45547248
116.567119716
272.072841119
510.464634323
204.062169739
105.69920074
202.799092666
325.609650966
92.7900329293
138.239588526
22.9766343963
47.712604152
284.592881074
182.333876212
508.862424055
681.130260458
308.69110292
504.342411637
355.047267308
110.403743019
475.52083046
402.554315463
506.450853759
248.746423535
242.105698405
362.851975039
99.796784525
199.104814203
263.354651458
75.5827593918
395.790749997
333.347257638
788.597822033
326.255378851
312.574960548
457.12247003
336.795406638
466.519574372
454.504440805
280.445961506
473.772917048
127.218940005
599.957298983
347.975584671
240.263734598
206.035086609
573.399691908
149.163060362
323.641097556
503.131160227
41.3125833539
84.9933821577
151.636138214
371.870047021
211.213562476
377.272564587
281.388581639
271.092530281
403.134684916
345.739564834
179.181470743
624.597664318
134.04869531
235.772338057
136.714903406
504.01416951
518.86881599
301.623373291
351.069473399
359.279975116
310.157980743
247.668975721
216.499331751
150.929384252
512.990972073
667.54572828
390.230184447
297.638506774
450.783218294
618.887160215
298.275149912
382.871711585
215.432617797
198.869385467
191.120010819
178.32424585
370.435924004
230.060796781
308.851530116
400.998645705
491.171321637
297.49758409
12.0927544775
456.562314955
252.423773822
227.587958061
219.44157651
717.136600005
267.303831198
407.598400275
228.034105801
444.004657297
168.934400054
147.885159716
123.473312276
492.210795447
185.353566343
341.317220023
360.26842393
344.123682062
222.845213259
525.341874269
341.318956982
347.054286362
245.811284398
275.9527663
310.292942258
586.202448213
247.993565007
360.344467888
176.892915854
220.248473528
106.33731673
516.198862875
497.62173833
289.399200688
159.594374794
148.626739133
336.394991
252.825457714
270.173647307
338.181871187
68.8839778187
284.147480371
196.915531859
207.078385037
452.64751053
328.99621661
322.377265237
278.192502706
491.633381346
313.291593174
50.8409799945
487.626078219
429.341032078
217.83915508
290.820955865
483.375060824
201.179212818
97.651090873
281.491293372
214.836142571
226.77617062
453.574962194
301.852429911
299.497180771
282.201369027
277.987127742
320.467368694
275.679042764
444.44667841
391.531154953
140.178866826
64.0032755475
52.5808585561
322.442759165
358.04286627
385.289715943
190.281198313
422.233374576
314.158696856
247.955889966
457.863484959
522.047185501
369.456180493
271.569581959
396.971893886
50.9156741394
205.901988061
143.168871892
630.955484329
426.74553688
266.352751404
215.258644952
479.226919964
180.836849499
303.881164535
288.28323853
440.871932956
274.587011425
197.056983584
61.2585879409
537.412844951
140.269811336
280.721544137
31.9004433299
582.060432893
572.724858848
149.6215285
240.051993048
119.555213066
274.094838222
300.453480457
354.617211749
497.499653204
36.6121156586
1083.17142016
333.195015552
357.711921823
202.483545125
248.902758303
122.541189806
574.661695236
220.671590695
213.348161631
521.523599938
705.251907237
392.924320328
53.1817522738
196.632900339
400.463992971
420.399025364
402.720458423
417.112507363
200.36580411
388.20694306
359.372586261
477.764461627
241.358917616
445.80527158
470.778839201
143.736052365
30.8353684965
428.271767353
295.664673173
144.08266814
207.73775382
360.641696231
248.389013629
591.634327557
283.175312897
197.758658377
188.912933
228.438990187
449.018678342
267.702682468
430.672677605
301.374200122
445.092281382
47.1979568145
232.260190132
613.148863695
221.964925383
510.208270339
243.787953458
130.343966686
44.6392193177
393.250206152
82.6582434342
190.51197328
429.441121525
527.284682856
380.588086507
306.467676342
410.677956512
326.928384141
185.479730997
427.521362626
445.468863808
151.944947301
576.245253925
188.046130654
258.877353545
154.64363583
298.220486091
506.797326891
238.829950412
280.352574321
57.4289738739
183.219315655
202.844430854
463.338614933
292.043509109
542.105761131
78.1708588857
743.357956972
434.460985391
428.218422771
287.208671548
441.620373046
155.643642459
592.328099563
509.361487287
470.746138072
195.119109819
430.268892127
22.5386431418
415.809970932
39.5220192622
58.0036460714
227.598017042
316.196659031
148.432957105
626.235316112
150.768527504
301.614682891
215.815976354
256.058496847
337.59223168
385.262458163
138.30726747
224.880702532
323.692967595
268.298722228
129.619868546
495.692382838
164.766165425
284.599802914
331.951261831
102.344173475
508.098208686
271.81320329
505.057632665
269.346765725
537.98779678
133.363989251
520.149522541
71.3951396805
104.513264739
362.942911364
267.416973901
222.858588971
461.815102384
202.167656536
507.52699139
348.674779759
291.000954828
362.679687181
222.334454152
47.0863532917
139.064917193
81.7401322166
342.573531734
187.223003609
275.03832488
222.51765763
262.657710329
346.216451525
98.3211840806
491.934902062
286.062064668
189.425558318
430.010377949
375.117575214
526.302935961
241.711693848
332.631388926
571.924580019
30.0947451934
144.873183335
259.76976705
149.558868519
183.567650927
365.12371583
162.784139682
166.115331027
429.769715659
248.303203229
813.751364347
231.680231074
520.442803636
319.580457244
213.364225863
369.149481191
341.535359134
343.399383919
199.683204913
379.364205631
388.964937295
399.177449848
427.412066755
378.615725918
46.8609620584
411.314949342
430.304491431
165.861920412
517.035126916
183.14958757
534.056319074
279.306222251
339.422502275
488.831221468
646.557012204
124.41913349
392.379530193
358.117727094
370.752921629
139.341398133
134.575645727
129.536848281
114.712275821
49.8390624972
237.617140792
281.724454172
465.430929039
657.577544732
249.050197163
350.767476819
421.884201108
316.894663454
403.474245208
133.99252132
101.843178563
163.39233847
427.896449925
869.826365383
85.416977036
483.229386683
242.345571396
192.816417798
44.4321154063
194.462731953
216.758330874
582.770255234
205.274975245
190.718250626
59.2372806413
208.237586425
380.490078253
263.78132334
201.176646019
421.186630244
110.788303357
646.367486101
214.400297909
467.057900265
206.690775532
265.748542219
319.166319983
125.693802058
282.386045825
599.76798779
84.9355866236
465.844565968
391.316193816
535.32619757
67.8834334726
879.45256504
275.095637228
390.574858419
155.56164054
157.573111847
326.900532011
270.512516311
424.216632471
952.968241848
243.257749039
368.38163392
222.65235611
268.151666993
386.660064995
431.877581795
227.990110481
343.59473744
112.848459113
312.233852027
313.757036974
144.240332655
385.693014506
420.476939723
193.039783797
212.482234672
134.426929185
325.220683391
98.5497442182
406.302833924
204.178180193
328.13669085
194.46771406
314.154521623
621.24387897
209.94009973
313.889603128
674.202121634
177.815185205
406.55674687
623.863820094
208.217053325
363.46838287
158.302401926
282.211572311
353.445959997
163.532857164
183.616193442
609.290855267
200.21140613
706.246354166
468.523597665
163.620495326
295.953205913
118.025356481
328.351123292
377.024756187
230.868631701
245.626937062
328.807707079
295.320192633
45.5320833126
239.467526928
366.44098092
575.270229322
272.034504046
374.955719221
66.0565538636
367.881489869
602.434251138
445.931556544
392.614280656
342.278066791
331.774662783
224.385827915
449.939049902
337.448898304
26.5747373441
82.2867760508
193.011554368
304.905885665
815.661510517
466.67148981
414.562270806
676.348039658
417.901010176
198.623544627
377.40196245
191.342168799
383.905133829
500.850376913
439.195421057
61.9071215456
291.386209578
330.260543396
157.232741103
274.696160345
380.523532329
417.913305402
427.019874969
216.507332555
478.722263017
394.698804617
191.376926808
157.342829968
287.114977809
384.46113828
402.044932564
378.578553659
344.928449257
521.064846249
382.844329908
226.211541213
419.6856333
212.260289166
131.182652196
126.604341181
104.975941201
216.582679096
95.0192393512
354.611200209
237.097501499
203.773960027
415.277109968
377.308296362
421.893148965
193.121002019
199.659505948
244.171969556
351.912456991
246.086771756
19.1729761883
875.885513089
188.246762157
74.1171316864
263.939528346
340.296846731
426.465789844
248.625171336
149.036389882
220.675108746
501.298172654
77.9486982203
662.427210554
213.601846926
457.976195843
415.855037178
499.758311179
328.060343826
422.955922494
301.201179306
577.164145762
69.7279782526
465.53248399
349.516586872
110.828956749
188.593601941
454.919643604
497.954699837
145.686859348
292.54657684
331.675964595
251.078185743
227.116105087
361.867613561
356.629085291
190.470725398
251.735410371
111.350532337
89.5167660814
273.089052345
336.150493376
373.623046743
116.599908554
412.259935997
16.9217158507
50.7851660225
196.154237626
371.346685157
104.665250548
584.392122336
453.281877566
954.604863846
525.402651149
325.509780285
281.016255995
174.936724367
225.637308079
439.284359116
199.810739156
27.1771655406
227.672087823
301.578344119
279.939977104
199.586603044
308.556726472
353.024921507
186.716680157
692.702173985
374.802210889
300.350752862
390.971851701
529.63396826
624.946429319
345.114527014
429.276857255
763.262753013
248.538052207
297.798382032
646.677253076
423.241081709
204.615444362
419.513847326
244.937320208
94.0808380379
218.148132674
296.195086806
445.79844391
227.274715435
471.700196541
310.423957316
77.0348671936
85.4393233406
633.280624832
379.371589299
354.776949112
156.660737598
288.951470075
130.99056175
220.529142715
403.652787808
269.021622415
435.092198416
330.983338606
172.920370572
353.009444527
85.1445178399
110.512214453
142.961011789
535.003620696
272.132308826
292.64143346
97.0329395048
888.818197407
522.35841557
117.125948993
113.890639432
447.524587811
219.334000059
272.170571443
206.120395742
850.570454374
424.999049157
141.690199818
481.271328749
112.195279719
192.229669838
99.7449482414
555.977779052
271.33532926
152.768918092
383.661376558
568.377272062
164.214219579
464.762769858
153.472337933
47.0555245479
143.380670547
466.985951441
360.243287705
490.717449881
450.802534406
250.555985062
226.365298474
335.576571644
182.076020935
631.262160861
256.47508166
504.326291991
63.7760326324
573.969715327
365.199162472
319.402896393
485.276731415
117.986587437
145.173087383
88.2291979286
392.334099025
432.639751452
119.820000342
281.281411374
187.782160061
496.23081159
481.579713392
364.566711109
213.730414755
73.4870220611
743.692115462
128.820428269
268.963698991
193.803191005
454.700191783
203.385075768
451.226714527
221.078951255
156.71302804
756.538877172
460.071363722
265.202803428
383.315732823
158.370069073
510.636730585
830.483816912
383.420326602
389.317821286
310.11352334
370.790601624
65.2383053446
447.845416912
502.699419664
453.124199245
511.754040234
292.230435772
481.769244784
285.54263667
518.808572065
360.345974017
608.220759942
136.291392454
235.574850139
143.552572765
182.867490839
564.54713994
163.9357287
506.188563541
301.243947691
63.2552256421
153.215079922
319.708781565
461.521096156
316.236204593
487.820376152
470.92050526
522.872628368
345.473782832
309.231183871
191.03087071
63.1455527786
266.937004169
53.9765859961
198.2877633
309.461556243
254.007447713
137.173521617
439.956505103
408.358680089
102.93835347
336.87967307
202.542781414
269.76501295
71.6007713261
94.037024228
244.085224859
320.178015206
160.145958731
385.807960899
216.546848021
186.20240079
391.347819841
214.877609942
308.123521618
343.879304125
321.232794932
316.609039463
447.246146816
345.653244403
222.006361354
181.668230333
620.486540413
395.149639054
148.604816978
218.786736669
355.255136014
633.387894609
145.644301391
356.271178804
164.628981501
123.734468468
470.022866928
257.899401916
381.581643624
167.520444104
202.607480411
222.802365205
107.406695881
412.482079782
270.259689613
394.943748812
390.788292455
200.262026249
252.223798143
487.402876994
347.296505232
568.403742519
188.992114642
168.312754375
137.924082951
352.589730429
298.941038709
259.800989952
824.114157758
498.564903912
267.856460497
369.039624013
399.456360322
413.906673716
465.218162244
81.8758292888
88.8433219327
406.507082077
644.883019048
250.098309624
466.50092376
605.315979215
252.044971067
92.2285132377
312.187566864
214.707172139
339.855828965
108.52413927
333.185829815
341.356061092
354.31941214
148.291606087
123.797873008
234.758137043
146.917179029
215.655523054
538.811496566
477.229262059
126.926676088
410.121935094
350.832423359
292.347459476
410.511161291
385.565497701
207.760872808
454.645962843
688.392321933
597.228575656
121.366735797
263.587442705
696.863628567
419.311119833
196.583568374
203.021858773
74.6622195749
264.332633193
553.408426756
175.351058749
247.38241858
151.578103304
465.917449482
253.005530797
299.140596924
321.165551446
458.584705443
309.400961437
175.424385985
188.556990818
505.476860964
117.323626613
357.002561785
206.027361133
139.366064911
438.393219836
153.990236637
387.515873468
325.383079977
297.565642038
229.837472327
221.590242749
174.715369928
381.43746823
246.210112281
240.625204772
235.012191666
372.428758187
521.657649249
482.796330225
336.655352305
88.3020197754
113.032141006
338.12770069
250.754261849
230.685752756
153.933940426
521.332061789
128.100150545
283.751010233
879.463867562
234.033797522
708.880119117
297.278543442
491.299821376
312.891820998
500.017176533
211.672478371
249.642671684
542.76995112
397.949936803
247.313534068
127.526700512
529.682999972
54.3143926837
430.115628958
313.81808704
189.264768762
216.370793359
338.365054913
83.3063404563
405.945190075
502.507505993
415.748164726
179.40481596
122.898838568
332.070781859
338.555613636
164.48773399
295.180222699
247.102241242
426.424606286
273.278450131
406.780403742
119.70516384
367.775862355
245.317472552
314.458938904
436.668993385
217.826547812
291.202952171
86.1017986761
718.514858303
440.413081456
547.028637563
401.592516149
314.538394457
306.850694839
276.649193594
177.430661469
183.693885136
68.0305629158
255.968276272
117.869215809
417.972732305
815.662123092
209.637428208
417.351982774
600.41523584
368.828272109
254.082236779
346.699608287
349.559834062
405.219865936
231.881782215
203.041850979
186.273148712
121.786712234
200.72794081
276.167032261
315.825260546
486.678183129
345.804425201
294.901491429
257.965054355
171.29177557
281.830994342
291.300986804
705.028044614
131.306576405
360.733927488
708.043013335
161.409693945
33.1920776382
119.473835172
289.51445091
446.947876365
486.441326798
207.809422308
317.976575608
360.725546396
213.660757212
392.307399219
350.277963921
253.355434243
209.739036492
681.147240064
161.642632154
513.651334788
372.62404998
403.372107771
463.226194092
447.372361857
195.991036061
616.764440611
524.77556612
339.780424351
103.554569624
151.791668286
415.700971227
283.884591963
219.911229172
62.6219521921
103.633437149
289.954658009
341.058148764
188.347454748
474.236638523
140.596615028
217.957944647
89.5300427538
499.017005965
350.907568936
248.368728231
188.610479803
438.678886384
365.486563317
273.819267735
289.773527262
221.034022735
442.221281803
314.939650486
152.838510317
366.330515242
433.022491744
483.271943735
577.4399235
1068.56196425
459.600909904
219.555173877
234.526498139
112.636745338
42.7027019858
165.337848068
429.152562587
475.36446468
211.739845261
228.76795101
158.08058851
346.066743961
153.502362847
342.602800884
362.278030772
66.8555779066
303.192255238
153.278364353
626.649974755
297.410783948
249.162233163
238.748087059
301.771826409
148.259228825
542.108166479
585.290725631
564.726914803
1004.23633567
411.259550099
110.094394201
364.213757714
369.621924266
95.0093445698
292.998960441
831.220673151
711.077732371
161.47498252
366.414283573
273.266284909
676.343902734
385.414347243
169.002623939
179.256698064
233.350409707
87.0244723808
110.782253365
767.923524369
331.096111562
670.914920303
257.344756395
440.811306672
157.507392864
342.330194647
184.89544509
209.315525387
586.322060305
195.150161082
366.337026939
399.206354646
350.442871769
191.742943614
218.278221993
507.659415282
368.983161157
200.312965662
131.058039432
300.047639471
485.881194326
508.177830533
251.797861528
118.206903735
264.330244052
529.682132795
129.894995569
165.360642963
594.422459363
123.361357993
201.690108727
496.400722858
54.7976585682
302.209750227
202.070178494
245.117373681
378.200443945
494.253444134
259.785121017
199.067039996
214.944929886
274.298404212
312.278183126
497.310509019
428.073571512
605.172194679
527.123679866
289.902494988
217.640331537
315.681495923
307.79349214
99.9266436248
193.404108447
422.366878798
285.594633875
335.127113975
301.933873298
295.079985511
298.85002386
481.582758781
186.223747826
456.971160274
209.687085675
404.680175101
207.570751102
248.41416864
363.615343269
264.090526273
418.818820394
536.782555274
192.92033137
264.821256198
904.846022845
40.619819619
287.546430145
230.371169785
536.768415864
368.469120438
292.436859779
339.685847284
164.295565692
100.687483604
137.836977964
241.182202711
255.664309301
491.876485045
372.774791454
9.60430425355
118.873045755
10.768005346
199.659691942
374.321826457
235.374852983
168.340642874
275.060620617
227.093347632
466.193305902
372.594320967
437.610794026
429.418973787
484.409342612
445.426170535
263.149244474
482.089714388
142.757633915
164.982116288
525.829789961
285.089157721
559.639903654
160.934229316
138.51059602
237.604591328
245.368727998
901.599581345
96.6123677118
425.050240805
446.955901314
593.90318721
316.148582344
475.636469482
117.009313192
231.091357821
328.936489432
178.220688258
196.658589633
235.085275708
346.641577829
217.400255147
136.555024973
371.695498527
477.490411091
784.652790484
158.342090382
70.4111513154
302.029565309
534.16740496
373.644753731
545.722925332
500.663399891
293.743335907
330.302156891
376.784762506
379.862385976
313.66239437
467.749654866
895.300173102
293.475768024
125.406496898
61.2066017191
255.771220253
103.145404395
190.163466489
180.539129089
444.919978644
234.728362162
511.926708381
74.1473366712
292.946481846
246.942797208
129.624223561
268.175048339
240.945617673
369.201992539
273.400222179
238.802549844
172.616692312
511.03126055
398.418049286
667.976842197
291.106118631
244.572353031
412.360289504
342.958647663
276.054789439
383.839711082
150.302216739
104.153766911
209.559656369
391.323981535
431.385035179
349.605416118
222.888747156
466.499113679
703.203341705
624.60156297
106.933901148
518.947184099
320.477625059
494.839532948
268.781032664
675.417059577
482.524755046
172.447894209
407.52955013
487.510599077
367.750581291
524.438554618
127.721652347
246.135542082
303.40510929
