m3a	m2a	angles_b_a	angles_j1_a	angles_j2_a	m3b	m2b	angles_b_b	angles_j1_b	angles_j2_b	mT_b	eT_missing
166.357734	76.960018	2.330686	1.973573	2.860222	178.732942	65.207716	2.825383	1.001294	0.665707	22848.912618	194.195891
333.738841	291.189750	1.603082	1.198109	2.085662	389.348354	107.859136	1.971573	1.291889	0.984121	189190.419942	134.354528
155.943685	75.355494	3.004150	2.881579	2.802911	118.364661	79.314030	0.581090	1.606924	1.515974	6002.346263	385.228803
211.492563	94.586224	0.317919	0.769032	0.869211	217.419474	119.156572	2.838205	2.703505	2.197647	245074.838265	250.974912
461.892164	204.818431	0.975295	2.682429	2.926748	343.091082	56.749676	1.119027	0.834859	0.487052	73828.539188	309.786861
331.070979	169.322388	0.993987	0.724808	2.136049	171.629033	115.163827	2.817403	3.132075	1.835983	182066.882893	293.372456
578.188676	286.450197	1.442569	3.039762	1.797445	208.814027	67.955413	0.147737	1.958530	0.277455	1275.133671	426.770739
547.408477	345.947191	2.613972	1.749924	2.788826	909.135917	786.463758	1.407313	0.441752	0.013988	86573.565838	372.768099
167.133655	81.073546	1.218864	2.522870	3.125395	149.941809	64.821014	1.436491	1.745678	0.541312	36310.199361	300.363676
228.796305	111.302938	2.822773	2.577395	1.851980	146.743034	76.908674	0.389455	2.149920	1.273232	4183.077330	521.456336
208.300199	68.334496	1.836456	2.164088	1.893297	291.771044	104.686808	1.726663	1.338871	2.728605	118010.906126	311.849496
174.181556	80.571618	1.535457	2.735349	2.997117	164.669069	90.879899	0.135543	2.615772	2.286867	334.058294	435.272236
595.410319	405.508806	1.397738	2.620848	2.908599	505.453500	141.204400	1.006762	1.651571	1.200466	345215.214242	876.369188
189.336011	144.890790	1.491843	2.782858	2.605607	250.589843	48.766065	1.916513	1.690904	0.966481	91352.394461	376.862268
172.988251	78.535022	2.231651	2.793538	2.714190	285.986715	164.207941	1.467629	0.284677	2.187907	154560.974762	596.610613
353.054230	53.605280	0.805214	1.836652	1.251262	172.446195	79.815364	2.527177	2.232145	2.781936	248076.335018	369.678599
198.429817	77.223637	1.963891	2.914190	2.767107	828.998878	683.235836	1.366143	1.032653	1.916053	69613.398214	511.825430
151.454921	75.888765	1.730352	2.910753	2.880654	142.333763	83.719746	0.015777	1.019313	0.409876	4.011798	176.928356
1085.020685	957.819085	2.873941	2.213361	3.001485	374.107141	177.542666	0.183088	2.323116	0.833716	2076.920150	435.179048
360.698705	295.801619	1.676977	0.821496	0.217314	371.520265	103.740008	2.788458	2.713717	0.447204	383733.313497	181.220818
134.156366	48.080453	2.525867	2.935889	3.027458	206.904263	171.870521	2.171092	0.375232	2.675469	71104.118976	539.639294
209.294851	60.292249	3.027166	1.704264	1.521014	114.106557	85.517793	1.118601	1.662283	0.070201	13210.850642	209.072595
1638.476602	1532.194095	1.777247	0.936807	0.739006	194.789362	88.917180	3.079401	2.653285	1.422390	159273.763817	250.929473
367.526073	345.693715	3.007812	2.981951	1.580655	320.245002	188.368335	0.024212	0.767844	1.018710	84.806155	619.697977
164.984777	75.827819	3.134602	2.823926	2.933300	420.010353	367.195412	1.370168	0.592520	1.678871	36465.117747	565.749401
705.687955	617.729918	2.211923	1.433262	2.962491	148.396360	68.287456	2.042146	0.789130	0.784110	35658.505335	155.400852
247.972775	129.303911	2.929974	1.788575	0.716939	225.540997	198.359672	1.686070	2.292844	0.163436	37465.200594	463.797035
210.275244	74.018317	2.971261	2.501338	2.765670	170.957143	62.459341	1.038174	1.875061	1.185712	92669.870366	1020.410643
149.764426	63.380153	1.105583	1.656789	1.885602	170.398784	137.606019	1.118298	1.963783	1.769299	10243.980378	182.084546
1269.141785	1226.631262	2.478317	2.262301	1.985091	181.986342	81.055979	3.060576	2.260349	1.321229	154234.837765	574.843723
409.540150	191.044419	2.344653	0.512287	0.235166	133.500572	66.929311	0.526697	1.268659	1.642287	2965.211320	261.519551
155.682642	82.926298	1.436400	0.568920	0.129248	979.920362	183.247188	2.957827	1.146736	2.569430	605030.864652	414.106198
174.757847	107.704511	2.643533	1.905516	0.578902	141.978437	54.828003	2.369424	1.544520	2.951215	77657.360328	271.925283
174.624993	54.311078	0.782129	2.869524	2.953293	273.071568	82.483199	2.135681	1.907301	1.683278	184971.881109	496.693654
384.619866	123.999622	2.927505	2.427836	1.700077	403.940407	206.242135	0.541296	0.893321	1.507140	24145.813877	240.829684
198.153860	82.838615	1.238000	2.835304	2.296825	345.409294	137.494061	2.683348	0.615493	0.890140	161972.958554	293.367802
423.266505	381.379387	2.804657	1.816790	2.306756	99.244924	58.290267	1.482564	1.728246	3.016075	16451.326941	216.832402
420.715275	152.947384	0.351322	1.533896	2.306084	477.632808	151.660794	2.633773	1.342777	2.647413	121400.724226	164.239030
492.932079	420.509519	0.459477	2.309207	1.853627	547.734331	129.693361	1.468267	2.286886	1.032005	603525.800696	604.327792
165.503706	69.754973	0.074054	2.575103	2.728736	212.770659	137.598690	1.019177	1.515655	2.296161	11024.418736	137.736381
277.630263	121.958428	0.094391	2.683958	2.896689	161.217512	86.220541	0.312676	1.152387	0.475211	1659.938257	234.683931
205.356066	124.454351	2.839458	1.259733	1.321387	236.489057	204.129679	1.648959	2.169673	2.394852	19844.808936	263.404041
179.912583	66.216003	0.894259	2.749689	2.662237	249.587954	72.543145	2.783595	1.011738	0.866723	147552.371551	279.510904
176.298527	83.013073	2.130296	2.783010	3.110916	190.669424	77.158859	1.003603	2.072336	1.632896	11969.549810	336.623763
172.458129	77.738666	2.367944	3.067763	2.879706	336.792912	301.509763	0.696215	2.567424	1.372319	7944.519746	493.310435
176.373555	82.854073	1.563643	3.138239	2.433980	139.504586	49.056992	3.019938	0.102514	1.271421	99031.987747	402.994810
148.395191	79.439311	2.998941	2.888350	2.579689	141.485149	50.135552	1.312920	0.927848	0.109938	22097.673032	446.315392
