1.81633439114
2.21330361158
1.31150181806
2.79297702507
0.806964012389
2.67024685264
3.00909912513
0.852627216319
0.511423049221
1.83632106653
2.14932924966
0.819014002956
0.35200958456
1.92467733264
2.03555714032
1.63632627443
2.5837901232
0.875809141784
3.12629721594
2.10125312756
2.88018174231
0.853699401088
0.32170928913
0.171496294367
0.763633966701
1.38442256773
0.94515884376
0.893687290057
0.27246436417
1.43976413228
2.49501636865
2.46596719935
1.4765301669
1.64678243897
1.51341252571
2.47124465714
1.18711697938
1.02248690711
2.90504171532
2.9330489508
1.00360662849
0.897628740955
1.52718358664
2.41248242864
2.11490134942
2.7219287171
2.52366079901
1.82571484708
1.90040780884
0.74120552415
2.47647520758
0.0160796711802
1.03205477443
1.34051956991
1.48979711072
2.28446085939
3.00190309434
1.68474572884
0.634193955355
0.0538167642798
1.11894176858
0.43519828346
2.04559364979
1.59668594039
2.94527334691
2.46824860077
2.10976664081
2.34165902152
2.91693153343
1.28397431499
1.37790883425
2.13966597855
1.7426775905
1.00657871571
1.99940746662
0.335612716261
2.77418426218
2.11509633446
0.713255488476
0.663123249874
2.19192394004
2.97097196806
2.72081277258
0.242355604421
2.31144507104
0.570054487796
0.257690748797
1.23676067228
1.2068237289
0.319972952528
0.812199335353
2.01549357799
0.809173260401
2.26569285076
0.0610363263659
2.40995333418
1.97246236096
1.00572074409
0.756884677853
2.28893110848
0.645103579434
0.660321473322
3.04993301779
0.623691276741
0.0391670754802
0.0756264733351
0.56971195915
2.93448769212
1.57456991945
0.696888581337
0.338986595756
1.0000968854
2.55010708935
0.503409344125
0.20935335351
2.5924608372
2.1568415212
1.27905752013
1.93210899484
0.957067243795
0.383920304539
0.424389986301
2.24015486051
1.5001457144
2.6060496497
3.08765018368
1.406287204
0.512811138354
0.964322144302
2.66235276271
2.77138562367
1.4115744779
2.37177528291
0.992336430103
2.25821668535
1.70554135323
1.8083138356
2.70640650377
0.852510124408
1.2986087067
0.279819882361
1.95076713748
2.61159070097
2.61741364925
1.60387219604
1.17004540454
2.40839558555
1.6608651139
0.372670116917
1.44333720411
1.23152229855
3.12045454688
0.666766365407
1.17010321398
1.65392211765
2.98265720568
1.82965629724
1.82364420506
2.73580094015
2.11851538033
1.28801118109
0.992897362247
1.11403930978
0.743525702583
2.16811625611
1.95147069001
1.80807553791
0.216576421138
0.374846117892
2.36955489559
1.67704575902
0.398284121716
1.37454408111
2.89639567958
1.03552159632
0.770890970795
0.499955578757
2.94473538943
2.73406646461
0.574314324648
2.72276869661
1.10217772347
2.80580102682
1.71913358023
1.20343648395
1.57666195711
2.68292125348
0.182225225962
0.792558694473
2.63068907659
0.0977901210957
2.46221390484
0.734766140522
1.20059989237
2.05789650624
1.07608417645
2.24552783222
1.53022290673
0.0959591511863
0.0845578301513
0.26008848929
0.592703714896
2.2970023978
1.94913573891
0.223773015788
0.266632323247
2.99109850138
1.35731919267
1.056742714
0.321523146981
0.381043284543
2.31492073933
0.0341011338708
0.0601232985337
2.41461942105
0.756935678751
0.321721028079
1.46767585785
3.0084081176
2.77983552893
2.29669081965
2.37502774624
0.951815428438
0.739515271495
0.736656090472
1.05161094312
1.60659995952
1.11322965697
0.309518583449
1.32799972608
3.03462898904
2.94431049186
2.64172975505
1.11136249799
0.0613620659111
2.11229555451
0.670676268925
0.546420195272
2.14169600124
0.799327882799
1.12814386846
2.83273466532
1.97977536872
0.851588968706
3.03337499859
2.62387988914
1.95210635963
1.65209550606
1.56330270563
1.09228266789
1.92746440297
1.45008298136
1.72457813881
0.313339467382
2.6870328553
3.09599747488
1.8341320717
1.1157757684
2.1361503721
1.95330823121
1.28833493193
1.00251100966
2.64836481695
0.0492016690566
1.81261708488
2.78002790703
0.540487868213
1.92064114863
0.701757792615
0.675456832786
3.01606250283
1.56027994434
1.38152334927
2.24080756579
0.676599318339
2.00599431872
2.8143929324
1.60430754155
1.03676799237
1.56273077237
1.93567835396
0.145132208108
0.140031209638
2.1787239559
1.22957247455
1.54355470105
1.59348204821
2.18763091057
2.38974784792
2.73733985225
1.77140693736
0.831571046376
0.37413928247
0.135587791036
1.08927890777
2.20526035946
0.466580468599
0.278844924625
0.463555484581
0.625771310251
1.96810227877
0.450635604976
2.72298005752
2.53964946408
0.945237959872
2.80149743488
1.16418531031
2.81324448177
1.07598820503
2.4347665822
2.33857604654
1.28282019358
1.11150728789
0.417244912608
0.783618822197
0.42697558791
1.25740668026
2.53898574575
1.39485000243
0.050829155335
1.40807847054
2.2601263374
1.52407747306
0.997084289602
0.306138523513
3.13956318335
2.63329716726
3.12463501178
1.37787914836
1.37284640315
2.23145035296
0.467464434523
2.93864972411
0.951600546231
2.23147507279
0.791681122813
2.68205980167
0.513913177341
0.744920728407
1.34789617891
1.58333097618
0.745865879061
0.842293674846
0.869403080542
2.72971560652
0.546706349078
1.91788731884
2.97433017778
1.17988819164
2.07049655128
0.586844081291
1.14055650858
1.21872681876
0.313171192195
2.91532722006
0.565832790488
1.33786406023
1.04303041738
2.4956510241
3.10195742896
0.837202216769
2.73366471766
0.549899731739
1.68804803492
1.60671665177
2.02287670872
0.517860206489
1.60138860866
1.72077398635
1.91582357793
1.43615670881
1.6214914886
1.75486030188
2.71544689585
1.22917794796
2.86523779588
2.48936112084
1.64679037583
1.12322994521
1.16233316068
2.36152062283
0.306447291808
0.232586034936
1.73851839694
2.46677969603
2.33657573073
1.77429219592
1.09536497203
2.01839095776
1.42919993101
2.91153139603
1.17838072212
1.08231339176
2.65175239114
1.8046785931
3.06600614902
2.1947670583
2.70841284043
1.78579753016
2.70399164823
2.82058789766
3.12029348967
0.63441892739
0.551263696557
0.57609716197
2.49841541768
1.92029760582
1.55159095598
2.73109379681
0.453770630173
0.874193868591
3.12347175789
0.334489423111
2.04599393717
1.5536464303
1.19966632657
1.4722492604
0.236087757816
2.92249280732
2.32521322167
1.70858662876
2.32118752636
3.02988072384
2.65704018499
0.323594910897
1.5768587191
3.0796749977
0.571677313106
0.780988140708
1.94223039175
2.47878604826
2.46567078153
2.35066504434
2.66290209975
2.30643320883
2.83815539073
0.484157072107
1.32593401543
2.07330591876
1.41574455173
2.41656967536
0.207311722713
0.38723931173
1.8582530711
3.0362065031
3.12843342592
2.90108940273
1.30375305314
0.816163309663
1.55915136377
0.457935130826
0.240231248238
1.38013112244
2.10388987922
1.62654849398
0.227537916858
1.67228359323
1.13544082428
3.10759310111
2.5438751745
1.90420531003
2.41728326349
0.475542672031
2.49598279836
2.96495192119
3.10205898558
2.79172171009
2.78507825619
0.955746112579
2.07727486339
2.9228712774
2.76200152728
2.87953346408
1.21126448363
1.59311709097
2.37962952035
3.11013452322
0.366250628893
2.18008059212
2.71419930306
2.62105467352
0.913479796792
0.00547617560308
1.45619748235
1.03706684871
0.990160105672
3.04490033792
1.74417087421
2.14935524355
1.33956012666
0.877925496658
1.83674793688
1.30788808293
0.326800542261
0.276848382499
2.05538665664
0.235921706066
1.37451042737
3.13747342645
1.19619193509
1.58833853782
3.07368460459
2.47069163469
0.406987068249
0.788720575191
1.31825235913
1.09289718218
1.34605437373
0.396081033814
0.117445250315
0.741967763714
2.44242192301
2.16207296743
3.12469812205
1.51490055964
1.09583018471
0.270188104495
0.854592995588
2.19921323425
0.10541570128
0.0218294713072
1.54279990863
0.819294509556
0.587208545028
1.21651467908
0.47349250365
1.33627664113
2.53210774976
0.263855080871
3.06615168923
1.66968364453
0.215601930693
0.796191530234
0.708013901107
2.74512428594
2.48243181768
0.217711652919
0.244452102759
3.07644274264
2.78242296792
1.18039428278
0.817887287226
2.2689936924
2.8443261695
0.91290789148
1.03908999943
0.100263515955
1.27847847667
0.110588900258
2.02424201779
0.215306018982
1.33835392259
0.204328978724
2.67467998057
1.64757606106
1.04099628616
0.220414822818
0.493828360312
0.473875048662
2.53249930951
1.20453141536
2.5026595985
2.88496335218
0.448877651853
0.637541992242
0.102710627385
1.90080212514
2.36999321993
1.33122252395
1.46948526126
2.60307421437
2.63204076531
3.12414773797
0.681832476484
0.108398457516
0.152392826109
1.03866829772
0.628368401466
1.6448410833
0.400214295106
0.597317874086
2.63732693399
0.9587505969
2.66871673892
2.46263559442
2.60016866164
2.71305146406
2.7846383375
2.50386774205
1.71654520814
2.58457287818
0.270795841396
0.997290396192
0.804037319212
0.785341648471
0.104037203203
0.214772209298
2.72994038715
2.18149299989
1.193406702
2.48846946733
0.300640204186
2.13881426398
0.456025189443
0.774665923341
1.55250381816
2.77692207112
2.45563219505
1.67102569486
2.73872948048
1.81284867674
2.48781413135
1.81041236919
1.58719501663
2.26469935661
1.041011585
1.55606717448
2.6130650701
1.05893281944
1.8866599857
1.56531088622
0.217284276431
0.686229258821
0.0150973209416
1.28601920804
2.61607451862
3.13889338957
0.85803672867
1.5092182265
2.01914283576
1.1710750357
2.95097645279
1.42443274995
1.84854613987
1.37456735957
1.85460094892
2.37371035406
0.44567796751
0.0834346704583
2.63644522667
0.438030486034
2.99399491758
0.263249703843
1.74485231793
0.638856779899
1.8079570658
1.60331400311
3.09917706373
1.49425706453
0.556128539144
0.310630477462
0.315923439606
0.0604269262918
1.87033965814
1.55905167731
1.03825727301
2.35651562166
2.36448503039
1.6731422091
2.61634010639
2.19848592791
0.984676324254
2.65411731629
2.13984970275
0.143441753803
1.1853971043
1.20354329965
0.79609316158
1.57745378697
2.92106426209
2.23610428961
2.40877093771
1.40396474651
0.989537478642
0.752866748051
0.544170476189
0.401189252015
0.815561148104
2.03636877003
1.47621766742
1.0114615556
3.08170980107
0.402386000347
0.0226667969024
2.80777301596
1.48693742962
2.18107137358
2.35990033179
2.26911441201
1.56715784959
1.25175652002
0.620817368303
1.25363605337
2.34965247626
2.55386031245
0.83269893518
2.00239995258
1.31550316169
1.34264534084
0.157808544827
0.362351551071
2.08498293764
0.0600477203997
1.16145809821
1.43479821446
0.791297525191
0.708616029276
2.03194520277
1.28346685393
0.650691027827
2.56970803956
3.12636846922
0.656043956878
3.05835260911
3.00967503879
2.49388807191
2.3157749779
0.769893423235
1.1484129808
0.19277333906
1.79617124817
0.173053570547
0.0880903452469
2.23616218106
2.18752218995
1.61533904758
2.76923258126
2.7310383042
0.0453596821679
2.54485766403
0.507546675395
1.19794804913
0.792546339754
0.932109246818
2.20621449369
0.0498672940736
1.35138750753
2.84646396908
1.15319705851
0.919797620123
2.22831595435
0.101548131983
1.00524819983
1.57538984105
1.36306160701
1.58909468669
1.27858562748
0.124128607078
2.98930313811
2.93439446162
2.10212268367
3.03447164992
2.54647685579
3.12698395061
0.126256713858
1.58913948781
0.0211833699308
1.83286819315
0.117730117271
1.69672458142
0.95955537922
1.24154837159
1.49143756849
0.598191471718
1.20806620239
0.436218610518
0.654739518207
2.09834784597
0.897033859977
1.83510608264
0.606643368885
0.598752208338
0.521087035872
0.661913708123
0.454001170106
2.78637832141
2.42583471036
0.245615143961
1.00909375047
2.06941007073
1.07362728193
2.75233529764
0.763963175858
2.33906015586
0.606412025756
0.706216223591
1.19358341614
3.12607784706
2.98288971453
2.76595659014
2.32964633516
0.795175696472
2.88288781453
2.60416654843
0.68591658261
1.84494643129
1.1703620609
1.05814127029
0.0879845922431
2.04566917514
1.26618023309
0.0268182466834
1.75147452789
1.12873192256
1.43202380931
0.639652498541
0.550849176548
2.33418682509
0.752147844374
1.99870115165
0.504446005203
2.99739832163
3.13855351899
3.10777240206
0.22271390295
0.989237223885
2.93605351771
0.881652663544
1.34660514933
0.339504983806
1.60038490828
1.07924604584
2.3890850631
1.74637174338
2.27527201691
2.31725751836
0.919151331899
1.04005942292
2.67469297171
2.99721141352
2.85641925874
0.708602057286
0.483018858706
2.31763638933
2.32967187079
1.75241857675
0.453954052966
0.676290261104
0.962271438815
1.96098027099
0.151624861769
1.35412916057
1.1549639346
2.30803400662
1.54789089989
1.21282005533
2.8152022137
2.82793449783
2.89487293674
2.60200975326
0.00970740959367
1.4053294704
1.0254248613
2.42559993334
2.50869700188
0.0879580595198
0.496341898493
0.575309471875
2.31654193712
1.16840248876
1.86137348648
1.32036271853
1.31366432704
2.91709883719
1.04801748661
2.24715711901
1.62539422411
0.375631564982
0.877204543591
1.79024502711
2.53722896105
0.592683911613
0.573991507302
1.20830776664
3.08918464082
1.86656414249
0.0894713998788
0.230088654674
0.760725899413
0.531009548902
2.86287219353
0.897488882646
2.54865774357
0.109382525041
2.39554735381
0.774360274784
2.37777947693
1.43911447965
0.608082965289
0.0246076399793
2.02481622931
2.12187105326
2.00413523494
1.00855522948
0.410550916054
3.12656240541
3.02685959141
1.51171993872
0.275406993944
0.623833577076
1.78377491229
0.172021756429
0.68658833875
2.39276956965
0.772384811243
1.75208324244
2.16149254109
1.22461681109
1.0358449074
2.23098687136
2.62046206403
0.932578318044
0.850722994679
2.24390899716
1.48108342879
1.54342425566
0.625322046725
0.216599067071
2.27602766119
0.853249401517
0.897796717516
1.71094498118
1.44203748718
1.36151190269
0.383116772501
2.849127895
2.02155241459
1.15046665732
0.131365361776
0.156967784049
0.668988269528
1.66304686574
1.54669395597
0.915117774608
0.506881997885
0.615268335915
0.286710132854
0.444158096422
2.25105765698
0.723422618531
0.163261172001
1.81806082742
1.67421127277
1.25036216538
1.85555955445
0.802838883283
0.427099548384
2.1690055614
0.0228048370254
0.766369791087
1.75104265133
1.76126768245
3.05872182998
1.19166093128
0.65743803637
0.122988910987
1.55955970827
0.533067982943
1.68584603676
1.96200010128
0.436640109939
2.87627596488
3.05555214041
2.10166887127
2.79732408495
1.34815371718
1.05520518089
2.17840764423
2.15965177415
2.99445016636
1.20599516638
0.571432478954
0.752345659322
3.10827896216
0.294816172351
1.56788165045
1.51246205511
0.905727308548
0.79318865774
2.94259532442
1.84539363796
1.05772024627
0.543896471248
1.1821265706
2.24854388728
2.09360423401
2.29243913081
3.06723382761
1.88013531278
2.10627241398
0.865509889737
2.77961651749
0.112095744041
2.27619879381
1.39334635685
1.44697145918
3.09230408133
2.33956408407
1.84236688834
1.56830381041
2.51222284188
1.60103159352
0.3388140573
2.25358333718
2.23953958722
2.01090496197
0.346782383214
1.92708664615
1.564636789
2.98758058727
1.41237714465
0.396050051405
0.537540083793
1.29748251838
1.06826461272
2.04925917793
0.35432065552
1.41407748283
2.10518262944
2.11718070842
2.33740510883
2.35000974239
0.630606822137
2.49110299909
3.0505660901
2.15009918203
1.68732587505
1.19195318645
0.100926739871
3.10767803834
2.1957359546
1.96024152017
1.71768461823
2.58330448691
1.82913032903
2.24607177619
0.0468556017441
2.78155878752
2.25088732857
1.72103584846
3.07848968538
2.76762101122
0.135159160373
1.62679955351
2.99907969108
2.83662930659
0.408996541871
1.11139683157
1.89849869477
3.13419889912
0.418677211174
2.45729615005
1.58467608043
1.46578402701
2.7567341923
1.17866088801
1.90758782651
1.16930565956
0.641320761282
0.272284228643
2.37112530007
2.82310320556
1.58956187754
1.08014117915
1.88678005067
2.79788182168
0.13793840308
2.02241702613
1.24202278538
0.633988024472
1.37747659468
0.428236879854
2.63064568625
0.0773502652641
1.41034556587
1.90884844594
2.731251047
1.63162150188
2.84032209772
1.06173609975
0.249543922767
0.872798200485
2.24555763699
2.94609241867
2.50547542119
1.26821325242
1.42208992556
1.27090870949
2.86879809757
1.45746405487
1.03841988884
0.471360406313
1.4348448059
0.2318562923
1.21183978842
1.39555832281
0.238012833218
1.80970935381
0.231144396334
1.26667760979
0.987280711961
0.110955799531
0.151614344437
2.93389144848
1.97643750161
0.428500162061
1.86649410986
1.92981715422
1.61497660527
2.07143741546
0.777967683724
1.34291416845
2.90664445834
0.869885537462
3.03639271198
0.274222783297
1.02790181146
2.11344335966
0.479002081378
1.39943850354
1.86738138413
2.52129880657
1.86427357078
0.134674353472
1.12313623709
1.72961615705
2.97503977192
2.6615545591
0.501922795184
0.664286823595
1.6514351472
1.90977764025
1.98207055415
1.96317695808
2.12354028872
1.74864918818
1.96832097436
2.30126270401
2.18582525025
2.44848762979
0.526242799496
0.038654161898
0.196587099723
1.62327983538
2.51802914249
2.84537919997
2.48253221636
2.42975860232
2.05055142455
1.89113237798
0.896019835886
0.122572285889
1.26944121646
1.24157677203
1.8399293101
2.44841549459
0.0285259315071
2.03324967145
2.80094831572
0.738330901073
2.78775940334
0.523510431764
1.7796734475
1.81406820482
0.863685353014
2.80305135869
0.301692290831
2.35809087047
2.18190301792
1.77756543424
1.68971491601
1.61492665201
1.44351256695
0.976449766502
2.12901414307
0.631310588029
1.07168853155
1.08601607808
1.76586012743
0.0598402616456
2.97071299167
2.85223321924
2.09357928867
1.66172702641
1.18949593734
0.380776924125
2.25439744509
1.791583677
2.46184030038
1.29609220054
2.40729128834
1.87858316879
1.12183003938
1.08980887374
0.137559354614
0.416839811196
2.75594324509
1.22918684157
1.89171311748
0.572885541094
1.25879471213
1.26507618222
0.790422552528
1.06336501877
1.40457578029
2.31627376495
1.4784997335
2.88812976439
2.28648890425
2.29996028241
0.361893731328
0.627406861278
2.59115385954
1.45792007705
1.6633693117
2.84297493093
1.92530600504
2.46168714302
0.147708138695
0.846768592402
1.28767435695
3.06056820148
0.494787899689
1.17488775056
1.09186835842
1.58409153843
1.14006374669
1.32207688112
2.96397199006
2.12041200194
1.36977292332
0.248414408559
1.75781904594
2.64978317231
0.708145350356
0.149955244211
2.44598866133
1.66626650775
1.74003221187
1.67983126639
0.515719406722
1.01629518054
1.22362156952
2.11359611047
2.38539448635
2.12099807929
0.559727136889
0.865015955876
1.07392700075
0.483977147082
0.189372397511
1.69394188305
2.17820308038
1.89434685607
3.09143258049
2.29573152406
1.71216278602
2.04497313303
2.64992364771
2.00298698727
1.96189809944
2.37232631166
2.47530571615
2.15399318683
0.694649823522
1.59773531159
0.174644566311
2.98823225068
0.892707439008
3.08489382781
0.754156871494
0.00296393291067
1.02439181794
0.700157875966
1.47374105395
0.780768265358
2.26530245554
1.71147674488
0.971065115044
1.71208579086
3.09262658571
2.83102945893
1.6389465208
0.708165349734
0.765298871052
1.30618519763
3.04832235964
2.33038322323
1.51432201822
2.38691716064
1.26530537129
0.631368861411
2.33033123002
2.44273193301
0.928503364737
2.0959641227
0.514704535315
1.89592128749
1.00455039113
0.126380680675
1.16959849981
0.392163498668
2.86738129427
2.99992085471
0.515626003514
0.775014646787
0.400237245315
1.24557767997
1.09566285356
0.128747618877
2.05187510783
3.06145840955
2.60425427672
1.79121087291
0.965962757755
2.73099123178
1.66068042539
1.20358871405
2.22701271172
2.75275063409
2.38442070878
3.05673231047
2.39105375364
0.425863790814
0.275835419777
1.32746266884
2.55848976674
0.476792397975
0.1022189499
1.79480455075
0.798701855439
1.72179009446
1.1337487984
0.22110520616
1.87048041296
2.65371022133
2.61242375686
1.07545993081
0.529884072085
1.97233834032
2.55497111065
2.61994835162
3.1247791586
2.81014911155
2.00928451251
3.12719103865
2.81039760838
1.62994962246
2.8820206388
0.825557319264
2.91928488936
2.22481432857
2.1219825119
2.00571493468
0.530943585008
1.37990205288
2.90121325844
2.19025056714
2.38994798699
2.57586245017
0.175811191739
1.27102984833
2.51296242641
1.93151184269
1.16195690854
1.85431258499
1.37579726951
2.98220728172
1.45325594575
1.50989836427
1.20680472149
1.22477422211
2.62637467842
0.686265269834
1.17253364505
1.38837548087
1.16872462364
0.0724353961201
1.83846183946
2.18872883984
0.641662253716
1.51099626126
0.943048009557
0.780395454325
0.193720518784
0.124779032229
3.07390246987
0.0415137330815
1.9387360645
0.541823932571
2.71019903121
0.546825643074
0.635221690626
3.0321115446
1.35343001263
0.812492939524
3.03678853527
2.68887290163
0.531792098239
1.57226448972
1.03399932899
2.68666460427
2.85652587335
0.170766368243
2.78593617357
1.28536636194
0.513243616105
1.48508036823
0.0362162902021
0.390540962015
1.59967136122
2.16819116437
1.67837958745
3.0051360026
2.16634878969
2.76499496922
0.16750141758
0.858572556258
2.92412179638
1.9654441931
2.0999435946
2.51483045395
2.06003124267
1.9663884285
3.11178004886
2.85628976293
0.473968501057
2.39863796112
2.66623281365
1.56118804185
1.12954839395
0.0237133166973
1.68954750128
1.58613365454
1.07209381658
1.77767106462
0.0397786162173
0.0998359949882
2.79503986586
1.72472402483
1.23869294091
1.8903479116
3.05905472937
2.46450981713
1.99598118793
1.07521738907
0.4627900982
2.85292183329
1.76984020759
2.94050958085
1.26480599476
2.15874971073
0.625170844223
0.408869936735
1.6293629628
0.221997740018
1.09444345709
2.04113122835
2.49011237219
1.82706107457
1.57916777895
2.36469043224
0.0739530786188
0.102917266197
0.199389108114
2.83834276315
0.49532903434
2.63084212733
2.27793377906
0.161318958609
0.121941799704
0.237507812896
1.44759757945
0.131362680808
1.05880255783
2.60159507525
2.73387389739
1.51084299707
3.07599410452
0.265580728388
2.02371532488
2.15620369942
3.02154929872
1.78020366374
2.18838909367
2.80785834779
1.7925017786
0.560661297756
0.132131711322
2.32713046262
0.0821584273711
0.241919101592
0.244151325946
0.743627879803
0.335114721114
1.44329160105
1.75572337032
2.38306827696
0.840750539697
1.23838160756
2.98715590138
3.01430761804
0.312226796662
0.154807274601
0.620936875157
2.36112134832
0.912802449952
0.392246370034
1.70005655595
1.25199038801
2.75841254343
2.5952763953
2.33852584328
2.75204002697
1.23732382907
2.94107128484
1.91818102989
1.81261439548
2.06400262022
1.57549213282
1.67205085129
1.75986274797
0.0991797056797
1.19757960791
1.31867328889
2.57461653105
0.176575729237
1.6324175535
0.695757620576
3.08675557854
2.89723171078
0.41741431785
1.91992613825
0.146307670766
1.87539031907
1.05697664191
2.64390610268
0.652025511283
2.88655544271
2.60164668518
3.12767452789
1.29407318016
1.32934694823
1.85521284838
0.206966564719
2.51847333384
0.301594906787
1.49778872272
2.16463152975
0.205210626721
2.77012103493
2.26882766648
1.55584280986
0.379183931999
2.41156609776
0.900483851395
0.348208686718
1.70430925206
2.29445539963
2.55154415849
0.498945295619
1.8830086126
3.0351737496
2.37689328401
0.835249729986
0.41205325304
1.00448665354
1.25169904822
0.715729529957
0.874851040353
2.5363773281
1.93814319127
3.05813344285
0.875958730194
0.867374344081
0.394978487196
0.0554417236731
0.506139606152
2.49093695394
0.589054571207
1.16287218749
2.10862488697
2.78592810806
0.518503653107
0.496892679494
0.0159142272997
1.17757456385
1.37926695169
1.78348610022
1.08476478474
0.76177676904
1.35842913522
2.68579637913
2.11960620279
2.53356682596
2.6803103738
1.84448870653
1.2680093068
2.84395680287
0.687525327192
1.92086315202
0.227025625944
2.1270716519
0.215128085264
2.84613090538
3.11123357387
0.856413943169
1.69376143073
0.835094285405
2.75785848657
0.541842789678
0.544679045245
0.185575138466
1.48140536034
1.32521049433
1.68502378395
3.0963946618
1.63978246473
1.96218003045
1.64835852356
2.19813319201
0.964943356968
2.78085509949
0.889658206372
2.68628875366
1.9787767999
2.33743590452
1.14957183492
0.637930449294
0.144881042473
2.0169068985
1.96009481679
1.28320615847
0.359135189714
2.18264403859
2.89155319704
1.7322959107
3.0754626153
2.1352768787
2.30739790282
0.815720846771
2.58869456323
2.69891640698
2.36832311513
2.12431031483
2.45288390705
2.53143947924
2.01893479729
1.29176655366
0.851471505246
1.40492954973
1.67773306868
1.858550636
1.37165496468
0.377465764929
1.74628991398
2.50854572057
2.69777344424
0.00998689986158
1.91121606247
0.77301839037
2.53771075372
0.941026325197
0.457118004526
1.46188710394
2.87366068666
1.04827231347
0.130852208165
2.50497743933
0.31252631027
1.34028284639
2.86001908288
1.24553111434
0.933820722062
0.620188061686
1.08187711725
1.99931757987
0.623614792223
0.881246879626
1.23189067677
1.80383701265
0.329193927138
1.50227982074
3.11887382968
2.18020379333
2.44810228409
2.02266759334
1.98778925884
1.07113983337
0.887626733596
1.58487395227
2.25476068001
0.290183504199
0.846939360706
1.3026716566
1.09000219227
0.00923586942217
2.25333051014
1.66671029678
2.47262950369
0.0680863551782
1.05011026062
1.3382949913
0.976363035838
0.351857309319
2.13761707944
2.73872976255
0.0774140136268
1.20246249375
1.53948577365
1.53003849712
0.73262655672
2.28408192926
2.59486752661
2.21248847732
0.709551193764
2.23488782286
0.482012983934
1.36099461565
2.01323763868
0.944691294061
1.13960090838
2.59433278381
0.621787362996
0.14361867473
1.64594795021
1.80145677595
3.09501244905
1.10541586932
0.0547077799946
0.573229418701
2.20184110279
2.6756679968
0.101348648296
1.82475352448
1.93415306065
0.384804226261
0.441106100022
3.00548878291
0.765007572966
1.55924574236
0.43281253337
0.185304738209
1.69827009057
0.342424152153
1.08936286553
2.95570524686
2.32998581961
1.66865771626
2.7665310699
2.72858024229
1.68059024064
1.38337266688
0.578979357041
2.42807817363
1.15305471268
1.48852804048
2.84364265466
3.03116231902
1.20581385257
0.728423995375
2.27809820651
0.185797473151
3.01105204224
1.37615282594
2.88607534349
0.398334718352
2.8711497426
0.316126300262
1.71122593143
2.84032628365
1.06230338657
1.20573138702
2.93079438549
0.289484390468
1.23467862861
1.76728256416
1.92093576661
2.44233169571
0.794750397371
2.28853012916
0.838762848561
2.23425639496
0.531151240408
0.157430849618
1.84615256617
1.76337701412
3.01180294996
0.27195137098
2.13112572143
2.90481527555
0.601410443158
2.686952958
2.00663784661
2.96978946672
1.22915615994
3.00762657292
0.969411661385
0.372000747245
1.33307942628
2.98030608251
3.12989238756
1.40921027731
2.77675910642
0.654385936092
0.327520672581
0.413117238526
0.940915427765
1.43584946173
1.30567080569
1.63486692263
0.963602156255
0.842117570722
1.97506950689
2.11950368223
1.77266797618
0.648899138692
3.10009984289
2.38451095517
2.45729435362
3.13066187281
2.55679653769
1.42257821132
2.28671424533
1.5850706184
2.85565238959
0.392741640936
2.23634395673
2.91729806584
2.69585187508
0.818920639906
2.98919067496
1.42251428519
1.70976170739
2.1948043101
3.1213974416
0.399900239451
0.882602477993
1.51787904404
0.144019545856
2.80870658271
2.3604040727
1.23026320855
1.78069564673
0.711183741041
2.941596754
0.450805232452
1.19321038371
1.39321066826
0.62389593867
3.00108328589
1.13943657312
2.44799850931
2.19989827429
1.36222481274
1.18657805497
2.65572695523
2.5866920332
1.83754325801
0.385056276262
2.4468863947
0.224825418311
0.217765978794
2.43654624369
0.0274239592771
0.583124025761
2.28507753517
0.951724014532
1.19788937473
2.07796424365
1.36090919465
1.46339867468
0.198048572914
1.66580155376
0.44365345691
2.59553790057
1.5288140624
0.0429136015257
0.373859931451
2.41041627812
1.7497513046
2.10210974274
0.804596310962
0.690280820081
0.215736149505
1.66684586862
0.605149164749
0.633211820894
0.409510061711
1.87098013388
2.89053030961
2.5991569833
0.882020730572
2.211795823
2.93288126013
1.99797387147
2.96405193809
0.224466164225
0.722108124266
0.892764800476
2.79312182256
1.93727749993
2.67257426576
0.00418872481974
1.6128029245
0.279126697883
2.41096330016
0.946042771961
1.83223788712
1.09790378725
2.73758615444
2.82603289254
0.30796138958
0.212386387042
1.32748728496
1.7376976089
1.87073768615
1.7612012293
1.07740283523
2.80125360263
0.334353168391
1.30629655991
1.04013970062
0.395193635435
2.3051360035
2.889912839
1.60440927621
2.00569176557
0.588630553214
0.687668020636
0.678196320236
1.23139295206
2.84267584931
0.405259045783
0.646219135857
0.96027883671
2.20352615971
0.436798454743
2.89690126509
1.82140160233
1.80199581448
2.11774403254
2.24492888761
0.934199094054
1.77425104599
1.65659208888
1.21984033746
2.31189031102
2.14314107835
0.661701920371
0.644360828911
2.36246616729
1.42627357594
0.14434377575
1.8152110978
0.746539852944
1.38776790346
2.48691170489
0.705152066191
2.74554521671
2.25254921642
1.42094628735
1.25662143684
0.361284427938
0.280683468184
0.445784039768
0.824881652346
2.32693075433
2.19958682055
1.58615380919
0.321186183818
2.24869122852
2.6456113384
0.212675097073
0.0660210570457
0.346461405131
1.6581432359
2.32874753145
0.530088878727
0.596897664076
1.20613791834
0.780191303961
0.183680708044
2.42581987251
0.704886231959
3.07001977387
2.59155587911
1.75040060441
1.76847735789
2.36265163468
0.215816221676
1.75487949819
2.74111172538
0.253094102136
0.238239480404
2.21983404424
0.629444138264
1.32817933969
0.987562673487
0.224723129157
0.147696126446
0.820782070431
1.9650820024
1.95468853033
1.02522867852
1.28140287639
0.0651386663648
1.36403430879
1.26554854296
2.83079053008
0.299250843028
2.02262297502
1.68300889384
0.0451497363349
1.3446694423
3.06286473745
2.98881891694
0.961156232507
0.179427053015
1.6881313023
1.97984188656
1.26526445346
2.43759800577
1.2652297336
1.26757356517
2.30198272432
0.269298664709
0.401818127217
0.578953248775
2.59265427082
2.86423087306
0.957427292821
1.20130576136
1.14898594265
0.170678048996
2.95333289956
0.864852777951
2.49142835991
0.981214316481
2.84339091853
1.28016531613
1.28478487307
2.97864642782
1.26651657006
0.622731825621
1.37819170038
0.572037784896
1.89918542372
1.67984477173
2.42340872707
1.17998850523
1.72022342405
0.157883172791
0.551935698058
3.02537352087
2.98548492761
0.824605657294
1.49351548484
0.460245303132
0.273251951889
0.224670755954
2.07633568769
0.526074873664
0.940276659778
0.912554029821
2.82730423251
2.04078322012
0.413563084932
0.300989474011
1.15329022292
1.23704888937
2.94444451681
0.690099113086
1.02022908611
1.13536943573
0.477311451474
2.35915306115
0.192494202391
0.886668262889
2.84452956825
3.0475866645
2.8897377976
0.431443592825
0.687744622047
1.48094491228
2.22556544959
0.528743813971
2.94636124177
0.95141611757
0.965884215787
2.92341582561
0.294434782476
1.09103838683
0.90857886145
0.809306699534
0.766048149616
0.0338297138869
1.87731648314
2.24167953163
1.58048502343
1.20375154844
0.240590275212
0.566756318492
3.09255688998
1.00748568492
0.840474606356
0.706267987565
2.9766716104
1.9612489159
2.25160274792
0.916857103305
0.365283365402
1.20171570537
1.39030574499
2.78474998822
0.398339776845
2.66276482872
1.19657400294
0.357449894401
2.71541575458
2.26916781929
0.306759293419
0.860001469956
2.26772566942
2.61478276214
1.41565532249
0.304092828729
3.06304191791
0.960292466369
2.23370877788
2.3685660938
0.152621354121
1.56218232323
1.93396610386
2.9491974741
1.08488095172
3.00223892158
2.71962397015
1.82636902874
1.77357600737
1.03830201827
2.16165923159
0.673465870605
2.20874781968
1.09150274899
0.27312990143
2.69673182029
0.533075593226
0.247569466587
1.58845102087
2.95880663315
2.81085803393
1.56371280672
1.22088399593
0.242654688702
0.331330554364
2.1678763634
1.74190837949
2.14446267837
1.12815137179
1.22153986833
2.37400391221
0.539260725668
1.10270918059
0.0830384273504
2.05714416955
2.04860155351
0.834362360032
2.96384475905
1.83192328964
2.92421772431
1.5067662117
0.63627548027
2.21009507924
1.37669092095
0.619398448207
0.0695625938945
0.923831534556
0.851754296219
0.596771644669
0.955764629553
2.00101994839
1.77671481028
1.72066357074
0.185796512923
0.333364414655
1.41656578709
0.33488369778
0.410364812623
1.77772872305
0.0296065549373
2.75818941049
2.00779698307
0.682537803367
1.44651065184
0.92471278343
0.515479174659
1.66606623739
1.93469785341
0.938671182784
1.62287798528
0.0797494566487
2.41696518395
1.0085717451
0.965274332369
0.886586666947
2.08284905817
0.0802437595078
2.74201911529
2.84165682223
0.799876566633
1.60089687031
0.369188757228
0.693596670614
0.130120461021
1.94201093701
0.395485210191
1.6148019989
0.162822278318
0.886904689498
1.97422249473
1.68571516468
0.173799079897
2.01681889869
3.11619587787
0.686664702905
2.474562159
1.25325100813
2.94531117301
0.183635762425
2.72302753033
0.544263304673
2.27567395023
3.03200571167
1.76083352952
1.75767654195
0.480484731811
2.96584455437
2.30363496228
1.62225278085
0.545695126614
0.117413302795
1.75017131043
2.5705227759
0.182398249212
2.58545445047
3.10382190398
2.78879995716
1.26313029408
0.833161508234
0.201228898116
2.88381500573
2.24603087377
1.42075227124
2.79131519042
2.36554848191
0.718254125492
1.41172813518
0.714520014312
1.13724089522
2.69065943193
0.0683771397754
1.04704944626
0.337105071927
1.56939495142
3.05171249365
0.877043019066
0.403915642361
2.73391389455
3.07896766091
2.34022389471
0.954949261865
2.37814769765
2.35488288109
0.861611977584
1.6690311105
0.7144895031
1.20978242157
1.71960331398
1.95811849743
1.46460902405
2.80128277076
0.352336246977
0.181262474431
1.24556654689
0.86998018757
2.98327224391
1.27614158118
0.286320986973
2.62929175178
2.66861583058
0.717728551604
1.57691369422
1.01950884838
3.07990992912
2.45063807095
3.13543341
0.819007500739
0.0862372734965
0.457698921952
1.11573074764
1.0962327504
0.421644954458
1.98816358203
1.68188945553
0.932116067731
2.62601928474
0.063454870104
2.92872894069
1.3813735187
2.20935070023
0.339578508333
0.0934935045041
1.51350108756
1.34469701688
1.06972897122
0.123373201436
2.82819465414
2.65235359961
1.07600568736
1.69371350463
0.399967005568
1.44200329137
0.720575783138
0.318195428739
0.529087622716
1.28871804609
1.13514042945
3.07337697004
2.20024054035
0.939713925045
0.437431644249
0.100614271555
0.191584629932
1.62507487383
0.138993718225
1.0365650163
0.878236516446
1.4703686451
0.722855897213
2.93023929991
0.699616434559
0.0569985266066
0.084521084581
1.83982321599
2.25337205365
0.00645084671412
2.85219651272
0.348514188194
2.44787046521
1.26708025715
0.364449861893
1.26740842731
1.35343471449
0.0337391072346
0.582606252527
0.287771184162
2.28913744626
0.793390721396
2.81612062637
1.8792829505
2.70959715049
0.316933543129
3.1238754562
0.762333996691
2.99514265849
0.387278490104
1.84125462621
1.53925819358
0.504534373604
2.09163319797
0.344810008342
1.43111178815
0.537309425607
0.935658916844
1.2480858794
2.37999643397
2.10052284926
1.20243385989
2.67724597823
2.37032993672
1.50082370829
0.0253712726825
0.207075857547
2.43368279023
1.49817685432
0.187159859176
1.62895319252
1.98786944923
2.64812993476
2.21196143266
2.83300727362
1.62216451627
1.47614633954
1.76474830249
2.14402165898
3.13756757658
2.82912147935
0.628083401903
2.30596770134
1.995318257
0.316547025637
0.280619576672
1.35710357268
0.101537084645
2.2293744608
2.94464696512
1.43461094717
2.84420255739
1.29449943808
1.74468365332
2.51851156956
0.634136935311
0.973175259529
0.795519837794
1.0310501274
2.54849697348
0.107567011309
1.83544184034
2.04285080718
0.495860672938
1.53197775409
0.81722519779
1.43018305102
1.75159654488
1.47387893976
2.82428938437
2.63759325398
1.93314335418
2.31074725327
2.38147569654
0.0707059598439
1.24078804467
0.457377636246
1.97728213019
1.5415014376
1.73312692942
0.575415399781
2.01226515067
1.51913990886
2.71392093971
1.22470980772
0.235586133661
1.90128941715
2.96842992487
1.49634642588
1.31338389592
3.10678115634
0.554303297384
3.09414325525
0.402225581619
1.48391534237
3.02398086528
1.38289305141
1.96760916956
1.93229668402
2.77359940454
2.65967616357
0.83124524173
0.116910187097
0.205641447206
2.4518197992
0.594015862152
1.7516555601
0.528096291737
2.2176191989
2.13887789145
2.97302447872
0.734308150171
0.0769394867142
0.908124868688
2.43043648306
1.05775583142
1.7686285344
2.19606450393
1.20524126821
1.93624158452
2.51589234732
0.237040120074
2.32620386159
2.89915918881
2.47575582532
2.78475391056
1.27334712799
0.161104374554
1.22677165809
0.793186260606
1.61211234759
1.55631708194
0.635105179484
1.69466456709
0.517054660525
1.3388626945
0.719236912459
1.99497335788
0.268688096102
1.92874474527
1.04665597215
1.09808232698
2.2563817233
1.22993889123
2.08475536926
1.93657587008
0.0972257580832
1.2960463196
0.020051693688
0.0551392439637
1.07655873936
0.0226817176125
2.24985250463
2.10991257167
1.37167928252
1.1090957042
0.524162671483
1.87979030238
0.93381950544
0.918095413386
2.42952523661
1.31839640842
1.01402012032
2.95463332586
1.54609909666
2.9206833575
0.060707456505
1.09577368965
2.61308756909
1.02745622765
1.22922599041
1.28916052392
1.48057610544
2.97377321667
2.54152413376
2.00750527669
1.71258882903
1.37319822851
1.70308012622
2.63319377875
0.809981863694
1.0850671165
1.52823839382
2.97314243381
1.72950291969
0.458073979602
0.965566139608
0.4953729868
1.84543759494
2.92010622043
2.04656553543
3.05289330292
2.3346703064
0.671563817806
3.10868321251
0.071129271241
2.89792778371
0.338050883231
0.45571927927
1.67096164522
0.348883606375
0.584766968283
1.62066148848
1.17922474992
2.00379767463
0.880327986232
2.52536453793
1.36545588233
0.452847955387
0.26414545648
0.131536449177
2.66737254673
1.85696185173
2.27699217149
2.01963376161
0.264512507422
1.17962948981
0.666572639282
2.64356633269
2.73325585381
1.05311305582
1.29735972201
1.80730923474
1.70964905846
1.11726176339
2.48550675492
1.90760027734
3.13470162598
0.408616809246
2.35221249798
0.867208786148
2.69676642955
1.15387399113
2.20324930117
1.5768215064
2.762859267
2.3580004885
2.87316121644
0.326126647006
2.95879258904
2.83257724619
1.37156666067
0.942859916998
1.73773576492
2.14978330788
1.58214674724
2.11478065449
2.36437236645
0.0675379682778
1.52094273034
0.823298822375
2.42853546162
2.40777834159
2.18688171326
0.0405555397779
0.873918094116
2.03325321885
0.0108554584381
0.604739671035
1.15678246461
1.00243739872
1.2068956139
1.40431078565
0.291585307331
2.46865563335
2.49601493112
1.63919289312
2.39540818504
1.1367164365
1.02764759778
0.494511264047
2.61034421938
1.60403157406
1.93035670224
1.59828637187
1.54996764143
0.215875788542
1.40361444781
1.58567257152
2.49312366784
0.326958896895
0.626598331256
2.66124537772
0.0418616905021
2.65193671288
2.13550813874
2.12049784694
1.68245087229
0.431951638348
2.83850122296
3.10873318475
1.12038382509
0.475255531033
3.08471451696
0.522073457648
2.81056593691
2.56744443072
0.68930397087
1.81204276093
1.12110175885
3.10391866412
0.391823135833
1.2511746404
0.989605100832
2.69576690476
3.11975820416
2.8624181339
1.15047818406
1.60125251885
1.52892421997
1.42963962449
0.572523642716
1.84772159236
2.19053092102
1.35797391916
2.37812529833
1.22094442382
1.07128058251
0.0947664978539
2.46721449559
0.214916754162
1.2174240833
1.41702617996
2.29223082011
2.22329768472
0.316581065123
1.62413695058
0.908544986997
3.08300063031
0.500364837561
1.64106804577
1.30762008701
0.344610073607
0.290030145153
2.5294588902
2.15905927346
2.91220554124
2.74361653064
3.13315774082
2.47839517629
0.439239000925
2.95319595317
0.152334913338
2.02527845239
2.20136708562
1.48236026011
1.94540487457
1.85373109629
1.97352776246
0.976842221547
1.1700560937
0.52546338339
1.57550929971
0.158858774123
2.71986560096
0.319008725652
1.04545520596
1.66076066152
3.09918551676
0.566099930637
2.97032504936
1.09263759646
2.54482008274
0.881476445353
0.88638791756
1.11889000111
1.44718185197
2.13808744616
1.87158759467
2.02227118705
2.74646297902
1.18409706222
1.78460689659
0.452545880878
2.20147295148
1.86186618948
0.748848658141
1.6112924919
0.579776102832
1.991232723
2.75395632318
2.38955283347
1.3661772402
1.74277418103
0.84244808368
2.94461149284
1.50184017958
0.0419483692274
0.34332417006
1.97771383548
0.618817395743
2.24454916074
2.85884200538
2.10885002616
1.96811730107
1.42427848403
1.68021048465
2.14306216696
2.13405429289
1.82194882894
1.94897576697
0.431685086721
3.01672577708
1.51310768772
0.163095379052
0.682977795929
1.68842588529
1.38248591855
0.550731455637
2.86982998792
2.42214993873
1.98730084109
0.256983435522
0.447928729472
1.99087597285
0.504449912866
0.923284115387
1.05682273012
0.883625562139
2.71808045478
1.79251032633
2.65527219075
2.23970039394
1.72946708143
2.98080540132
1.21067735806
2.70848453531
2.52879783251
1.70520484938
1.03287392101
0.882938777284
0.458031821097
0.438182603789
0.24115979923
0.125574217287
2.39750030675
1.83087347287
2.66125600525
0.0084183976502
0.0847357825911
2.2365665187
1.07660218557
0.765546945931
1.82622893294
0.530733510681
1.64625920105
1.92805781465
1.37744956848
2.03214488235
0.258523583004
2.95395264829
3.05496397112
0.17782977469
0.609389506446
2.48318291891
0.729759174598
1.14027668655
0.0621384984921
0.0582268117011
0.103228022524
2.45081924083
1.73178393311
1.90036540719
0.824207449759
1.72405140592
1.317011832
1.72991394516
0.375260117883
1.53337106869
0.0876509957758
1.91522229849
1.85583196342
0.976522268646
1.03745861967
1.52361217887
0.366853431437
0.866101061318
1.97032751745
1.4551496475
2.08372167839
0.318655559099
0.216227427333
2.87886476843
1.4383018046
1.82723120125
0.147921193957
1.84997418212
0.216704754853
3.07477289757
2.66167598551
1.29382904289
1.95357637646
0.833320273939
0.788084641711
2.05063141135
1.92453335405
0.442855894637
2.91957169046
2.2503494068
0.90282170757
1.7556901015
1.39630687121
3.11255732291
2.10001559149
0.524830782603
0.188795691908
1.62344186361
2.84946444138
0.0452828578218
2.44834904329
0.230699198681
0.332694964701
2.29436042213
3.09918307448
2.08401808695
0.0465757384255
1.47632756558
0.812649286066
1.09914411995
2.76229595585
2.60535505449
1.72371785425
3.01434108786
3.10368937266
2.62171885457
1.43344853751
2.03592810331
1.94191518291
1.14519444326
0.0423091445532
1.31523516537
2.5155031671
2.34172559374
0.447355420907
2.39178784899
2.68651342392
0.0216873049553
2.74041590295
1.0559726732
0.0187790452829
2.26545673669
0.196717719075
0.291580555987
2.11836671432
0.127910217355
1.9697153419
1.31147415671
2.02719681117
2.63661463648
2.67478141448
1.19488784232
0.886457351862
1.89642951836
0.814220884888
1.49263823989
2.59578439685
1.03187539282
2.59609124706
0.192215327699
1.51623987885
2.98390895707
0.276529252274
2.45130016522
0.0795982465408
0.211114501703
2.68666617127
1.82040111457
0.714163965065
1.77309352513
1.75064167264
1.73895657787
2.60770175131
0.317492418495
2.15427663973
1.37042392732
3.07214844413
2.27123577755
1.08850051109
0.276709801021
3.10371940426
2.08300293023
0.496368570798
0.913464880492
0.792856781219
2.51198155981
1.90783378964
2.83087337156
0.516009944463
2.08699372597
2.50413975645
2.34863296062
0.464094677603
0.0843658974455
1.73418604062
0.0859879217756
1.08829002985
2.34675563974
0.0743661808962
2.43257431662
1.26415831667
2.09359822105
0.83048831113
1.40283448004
2.43085715274
2.07191213718
0.0692359546283
1.88252624477
0.758302867237
1.69716571004
2.03881330986
0.917184243656
3.13736768069
1.19439296738
1.98713388797
2.61244360413
2.36094680777
1.18527743354
1.68304171443
1.85211053774
0.0506456821346
1.70472930597
1.82431052096
2.52972836576
2.35337900923
2.70298396631
1.94843316754
2.08224007506
0.130905900264
2.31781619734
2.53800996624
3.10013523969
2.19700715368
0.961204770687
1.32722319863
2.43427803411
1.75962853178
0.861316120683
0.984413071038
2.17879135134
2.97719807109
2.97949090321
0.712978428072
0.675186010302
2.28790696834
1.79354134037
3.11256681899
1.9454346423
0.566113752122
0.258105860933
1.51409254864
0.881399123704
2.37069151698
1.55997154019
0.412561694898
0.338943143548
3.11005841929
2.29253371105
0.142350103473
2.61681566014
0.657395062632
0.352517957476
1.27492279332
1.06140075292
2.15277319147
1.46285942025
0.798499069814
1.59433295579
3.01428024361
1.84134345231
3.01861748488
2.08251440896
0.342265727563
2.8286472519
0.0950373705596
1.39445746807
0.0398796256653
2.19835376442
0.87551426329
1.83057734574
1.68933365032
1.95233171146
0.100443236463
1.34237884049
1.65812099499
1.79440376355
2.61112242533
2.9631071752
1.71439059585
1.9524978917
0.264566933241
0.0832383121778
2.07527096363
2.10505488263
0.230842559823
1.40032265262
2.68648815774
0.400456731413
1.40012693055
0.0192701200276
0.911184958002
2.07698881408
0.782722659477
1.11051651466
2.40596477803
2.78254650818
3.03198599705
2.74161623215
2.8628409569
0.826175628313
0.0138120047102
0.138895287588
2.28842499381
1.39758971322
0.846664840641
1.36592174749
0.399167939374
1.71650863547
1.39833678825
0.340817623507
1.36026542012
0.505113267919
2.8957528788
3.03965860581
0.240634438279
1.53789518135
1.55118193534
2.32619774038
0.473203335954
0.510671514029
1.19494006368
1.62060894035
2.20918274987
0.271328823198
0.897629422056
2.6324082505
2.12189561688
0.873116055615
1.17402282001
1.88276401867
3.1251206979
0.00333426594144
0.124155523611
2.53132548199
0.326127429433
2.18845650943
2.49624835305
0.117137494604
0.824543097229
0.697194864362
1.79856759557
1.97288540039
1.86973485963
1.80405339564
2.43590292196
0.716355751055
2.39488840668
2.48538033908
0.0196875758673
0.490714934088
0.273370568918
1.44375599472
2.69356469855
1.27630831832
1.48015721279
0.0819343789111
1.17669317997
1.55781293446
0.302381238059
0.146905255516
2.38271243913
1.90761989103
2.78710106365
1.1803129643
2.08768412302
0.631611379682
0.571403023491
1.60598489147
0.417308835968
0.78268387024
0.506407539613
2.68177494937
2.08774943769
0.968688096568
0.950591352343
1.35371050072
0.0955086698656
1.83377482861
0.284701656667
1.1234098396
2.00177786396
2.97083599867
1.71992574216
0.563630592288
2.17494850122
1.89859616115
0.73733612997
0.850268246211
3.04853620285
0.261155050651
2.89562287418
2.73580851722
1.74899980423
0.851836302034
0.45504805795
1.53724761887
2.03122949374
0.588136931821
2.16031133774
0.641608845549
1.25861951028
1.01495316762
0.252837588189
2.86954452528
1.16254479812
2.27697919479
2.16308529418
2.81849133533
3.10114922437
0.593754913116
1.5986209963
2.70962684243
1.31503742925
2.99790245751
2.73195746751
0.400463899905
2.87915019472
1.04591353916
0.422330347228
1.7250924097
1.49025081463
1.7880765203
1.86216328963
1.61891286755
1.17196381259
3.02649378198
0.357054233361
0.695827969219
2.10634274033
2.97017774543
0.323775679825
2.62471489589
0.937065089758
2.24880265805
0.312716666079
0.95309009336
2.86489521541
0.468541644819
3.09623034969
1.8376923554
0.257856923391
1.13540495449
2.76664267709
1.26963134777
1.09883237457
0.515265706109
1.05355153721
1.78645601943
0.507990225212
1.38154886656
1.65143448255
2.77561781149
1.12099665831
1.59521047626
3.11793635343
2.75064156338
2.29644643082
2.59479402753
1.86413987892
0.859232009636
2.30669914379
1.88136841869
0.38765452107
1.4980101361
2.22895116622
1.33492923923
1.82120612254
0.659834530511
2.18572528575
0.269937437397
2.40115468318
3.11954875592
2.73785799724
1.02634921375
1.22500851291
2.3409378151
0.372565990444
0.206576036901
0.238584904444
1.69047492093
0.948257692003
2.24053913952
3.03881859548
2.91146412017
0.382988914339
2.3268879854
1.21664361772
1.34795190863
2.18751959916
1.20370465184
2.60601493945
2.76830844386
1.75016515415
0.796972034739
0.543268915617
0.628122725557
0.867299565278
2.2692486211
2.44888975477
0.816420718862
2.59490060275
1.48000232759
0.382485190722
1.10068969285
2.73853868795
2.22966524618
2.35314796142
2.76405137986
0.544041842954
0.00230982677451
0.836591382036
1.48551208388
1.42787044546
1.13225736615
2.763185848
2.78653880795
0.00681461178547
0.397895362065
2.65428093343
1.70757836907
1.34314953038
3.01699918253
1.58898357288
1.73024127364
2.81101436074
1.14791632076
2.61334324682
2.00335477398
1.2399359438
0.427233445607
2.15008732857
1.98306571786
0.97160359509
2.06593823791
1.8985438931
1.62805798401
1.73330865402
2.83907673331
0.812652950349
1.12233506585
2.81185799572
2.56266185901
0.132170636692
2.66772410258
1.67338534663
0.913445298144
3.08279879726
2.25585549965
1.35265932513
1.94349287632
0.95772276545
1.84437499459
1.58970464003
1.09810914639
0.829020463877
1.29293190176
1.08888177507
2.82097627774
2.48143637875
0.946831492767
2.6378271997
0.0512897474406
2.29318256082
0.147838135673
2.80846225855
2.15547412923
2.43378010489
1.23998302503
2.43867704084
3.10351392997
0.720764403842
0.447061422888
1.89030230237
1.4833049321
2.60091791067
0.89582308189
1.06913396384
2.81977832083
3.10040048503
0.887555278991
1.79537404121
2.24019124793
1.18099595727
2.75346275845
2.5137041639
0.697517381885
1.46650811468
0.116282888475
2.50540664145
0.440722236248
2.65671417178
0.141426732425
1.76041988674
0.800888996033
0.285950518487
2.56235142297
3.10505313583
0.240799631428
0.923830664552
1.51361935096
0.452141640182
0.76307745057
2.55017344465
0.0524287870828
2.95274287942
1.35530607206
2.70878087831
0.0473691178339
2.94527181006
0.467339967622
2.21524853297
1.03788686803
1.63365227337
1.77527668673
0.954925751267
1.59207576572
0.723792406125
1.99016442843
2.9269073953
2.96932476992
0.456999773984
2.49869124036
2.32671803741
1.6999814588
0.12650418484
2.98941964369
0.559183179059
2.59940144719
1.95964688246
2.57839572212
0.591638458457
0.813764728947
0.687287869885
1.24337145179
2.90332472244
1.85780612697
1.01293560016
0.68948573834
1.44015767875
2.02135496304
1.17984683379
0.324079507857
0.89850748386
2.34908021525
0.133769514892
2.7844098196
3.03913862292
0.55901003107
2.26863583752
0.396285050316
2.13203130597
2.01377374888
2.88422982845
1.2860503882
1.81235809432
1.91360676029
0.48697829689
1.64897698453
0.89305041466
3.0678558098
0.773556725701
0.498117242644
2.31148367226
2.10021396467
2.66775412404
2.28676407696
0.0556651335884
1.22037758865
1.77877869027
0.839274039794
0.494965529821
0.586211518162
0.87028998929
2.05402219762
1.08799889489
1.88699543065
2.98090795158
0.784362915703
2.73356155749
1.05160451126
0.580341330105
1.33310345242
0.470096807451
1.0778243531
2.14227427893
0.454201461328
1.22339755617
2.42166560871
0.587277578265
3.00982232203
0.837921723519
1.35059379672
1.28591739313
1.70712034581
0.137233636902
1.34107288061
0.26691355315
2.08855749574
2.68014102391
1.60122738511
1.56952134119
1.73863002042
2.72247092249
2.79441754096
1.18534567942
2.57689018288
1.78658688533
1.96758136147
1.42259185664
0.566594164618
0.893386678887
1.13874108287
1.75760785748
2.15379660804
2.35902459466
2.25560027708
1.23717430896
1.23542858813
2.96838238223
1.64230918278
1.53584094261
2.96967671437
3.04115656268
0.712660384054
0.846192617237
2.75136593927
3.03835517523
