141.913588945
199.036538022
326.806578094
274.795644345
306.540021605
212.652322313
247.801993784
161.552283608
333.791101165
702.286025107
555.585919443
128.502502155
579.559821559
1414.04578744
186.38385684
360.626532366
198.919980898
293.130919526
143.189234338
1069.82942566
501.331699703
195.969912574
589.020598816
473.522917773
538.916393017
506.237996443
95.0413918663
199.590744208
281.048046319
188.928709683
212.429197265
430.265889918
453.445384791
305.515650175
431.981608944
644.31033714
1035.62671294
258.596806028
816.666597086
519.820446377
438.998786913
1085.9836022
334.169187124
196.147116507
352.280954614
203.698128283
168.367563803
115.808125561
165.024095004
209.877443399
87.740238192
121.462383585
435.137270606
128.969549686
367.637408518
280.443962223
414.101414466
235.828456306
226.846047562
877.016664039
126.287539138
589.666766234
265.104053354
810.608846231
453.802251305
477.054601204
702.72059577
357.39602216
578.259235576
196.096849327
314.465553148
776.213096036
592.886501995
957.91500111
361.324682026
263.844734585
936.477578254
116.630986592
543.287252227
134.983128245
443.618538286
1139.47542747
233.941311415
152.41594487
281.283456625
169.334530948
287.68757767
249.770043763
217.623682237
255.259195613
241.53390207
226.728706551
290.942404486
437.753389367
582.756896985
919.427253152
241.890689393
273.687372067
275.663157714
206.328387941
233.465678868
660.37308473
307.065079065
156.402301878
262.739779554
197.584090871
374.638738161
325.462365384
350.642831287
283.428058939
207.607651859
216.509784179
385.143751812
126.304252068
721.143249782
284.540045465
103.059061092
355.210408963
220.70727603
213.691175203
276.950928001
396.904617381
198.377558469
672.949445533
254.534667129
184.533685046
351.891627807
145.61652859
236.175681227
398.779129188
181.745724039
244.853931195
553.371434993
690.841764139
806.183401105
443.516050205
708.792338875
281.433262969
327.623687637
312.170802867
337.726404835
486.792264842
192.828511553
177.019170229
441.933678648
265.157148265
306.139422777
158.978651405
196.930679943
399.127262357
412.512534217
618.382936763
394.109402613
200.706134703
139.506677126
427.547067989
398.425950824
207.071949857
159.129488913
352.14345891
236.653366411
515.123419817
296.514404574
170.959791853
304.400585376
269.120870999
307.934203026
308.779239002
631.360020791
1145.97302628
172.375786312
474.059410372
160.23613383
226.383100482
315.507636278
368.983502269
390.343941221
212.249004727
174.994244193
679.17042866
381.225330988
161.528166915
198.610272453
648.92772972
210.338566471
204.079172393
259.501811419
134.955341966
567.323442118
374.85034465
282.547487338
269.100497428
1857.63681215
375.208549595
831.400561533
157.036671633
1610.97061496
345.640919859
433.523221615
344.156311211
373.549653891
162.050082749
214.050234114
452.965565451
252.678478335
149.138083831
425.494247702
588.418304947
365.011068264
214.740612041
373.675444103
286.121662031
161.755329751
100.958950615
178.773922757
1825.14307298
374.113358188
176.522247076
236.85760508
513.237493967
383.171153471
618.596347017
296.768670406
168.376599073
201.683783488
234.681750912
419.851963435
360.101631385
187.504846294
601.651432109
301.846526144
184.397307976
394.910654439
146.164347055
160.712216167
310.589441547
431.546494515
204.200865414
181.450064444
236.533332745
501.215807173
606.541857856
272.31683672
377.868416772
283.746733001
284.735216591
173.708409366
188.448882308
602.964976536
267.644359685
413.527005515
382.531727597
327.602599154
442.516177021
671.837693769
208.700872003
550.851295513
273.104998552
375.67571272
458.945358214
175.392131279
151.322150998
656.625059241
247.497084546
618.455111198
296.397425664
296.134329278
167.366220476
290.927664358
277.793085465
449.620844151
705.872001548
218.122332196
176.29992086
780.133902783
166.720171871
429.959766557
296.100860013
296.976523872
266.981648733
393.881526805
558.266971267
741.37471739
263.694828295
188.452998398
1251.80199646
318.235628965
367.906490536
257.473859766
279.65373493
180.580988687
226.657788908
133.452801694
365.712163306
377.083391475
409.903543676
200.367838711
797.582435505
391.231945073
558.966941804
165.023409924
267.630027806
218.903010436
338.055800476
182.668545061
147.899935201
296.582379676
260.811682872
791.060867594
161.016994007
381.140253216
242.546243499
203.724181894
272.889616751
303.421757205
142.803991135
188.556607311
556.041998589
640.033470906
250.288886683
155.669318373
284.072537183
316.759937445
287.998184474
393.65553018
810.256389174
317.110350114
187.925308118
261.970080628
330.123196571
334.260516229
225.49840724
173.637196271
226.981278335
179.072717821
554.350706858
326.767202974
422.25097978
453.242478046
232.108473973
220.955245363
566.912533218
351.871708964
529.208270945
383.894215225
171.824073285
172.865807427
150.144970855
1601.94224453
188.635335614
331.623752319
170.509379493
437.252516981
276.198653678
247.762953093
226.104497068
351.984326288
181.379794071
567.092595166
351.777493327
563.83272475
1015.66361894
820.249279893
267.472961578
259.708116938
342.452854474
153.632950838
264.805942033
317.308038308
281.900950423
179.379589415
208.892708604
347.048041422
207.95834959
317.758174698
292.656079894
1001.83990486
470.490920875
413.972146631
244.692859693
406.808036386
394.788988391
126.852274116
193.931575346
794.038566178
1566.61135941
250.950904695
444.486650608
408.763989032
871.263940437
219.599785369
385.225571865
191.165308251
238.946431411
105.183097341
188.061392475
145.74716573
221.478518442
492.987104412
450.025444482
305.489962904
788.593530663
427.099746152
777.306446942
168.961850903
234.772458884
135.801385843
157.155444175
245.178201628
382.804566606
312.7054021
193.789073096
713.551394229
186.043166371
209.169167497
343.11813385
249.361747814
182.136990735
179.319181368
476.490014674
439.839988051
124.006631669
200.570300172
214.108068697
652.43650988
383.270441433
226.871385448
275.113865364
462.309013446
312.736796771
424.907504502
228.203679855
474.683353275
144.760030179
184.323356456
333.377498325
350.756305155
294.275426751
309.361684888
198.767145686
197.57193114
760.601079978
213.047168647
200.279859219
441.013747809
652.405016806
245.899523781
182.131082722
173.247897834
293.853765506
142.478048983
394.229734504
203.889470339
416.840804371
503.17535976
343.453669841
470.947174364
140.826576728
448.584846268
643.021147554
168.221117429
196.206461958
294.807956958
239.894389828
242.528321284
462.616984149
273.373426196
154.838267182
269.237201547
149.072810996
681.218704606
296.9786721
342.080146853
295.032412875
842.310333747
303.407299508
386.928767908
173.630398049
241.954657729
155.759461367
170.702161043
188.378651508
282.404699811
243.790238755
422.299373104
256.859507998
233.320051824
346.839337459
281.990392671
299.928685292
511.175376001
201.112242079
421.313114736
179.138582437
178.924918843
542.958776428
281.756433703
373.544793726
410.235553485
596.153285487
102.746679508
181.337016648
243.008413111
1353.41376933
294.471509314
433.629141712
1329.9658642
156.323375031
728.112492495
232.120712697
424.726892305
208.700811402
975.936770424
190.267943778
397.363812219
143.19641723
500.775207514
304.020229125
495.92596329
385.705187185
196.342478998
170.124517412
334.361812883
174.68154911
163.079541172
200.775091692
237.024968181
203.23754066
257.563159687
306.762815751
380.969924196
344.296798835
262.141186433
135.897991693
134.203370909
1259.53472134
737.209159865
137.86464143
182.009336647
184.01985444
158.239400856
265.320225952
196.854440874
155.96076775
210.525665188
201.225952599
648.79800566
219.601913181
163.96290603
189.698643318
368.922174146
364.40658116
250.991595398
264.100530984
610.661298624
197.614067512
200.676050708
222.483977416
219.319626643
332.083730698
191.708098398
231.2858763
527.56134665
167.681083644
185.187166154
171.50288944
182.477745564
126.878395388
516.913866255
502.535175015
665.925925378
681.176396057
461.982713704
296.109860778
228.059899958
160.849811638
407.644465418
416.709266489
394.308625443
245.985389764
249.395866479
189.727136999
180.520284541
156.403711377
207.280988208
256.223675461
237.412184854
238.62891035
187.628788028
283.920385137
253.861508324
187.445543495
147.050667499
799.525681837
262.519247487
174.046980054
153.503245651
566.677804508
456.815319165
205.247010705
726.229296075
230.268950503
347.531035652
486.857322055
347.575186365
402.239314341
207.920150545
207.566670511
191.260504972
236.658316709
211.287441052
130.367275376
485.383245385
269.418009512
114.714601829
178.279732119
1391.09246297
534.672446683
176.310804764
107.735494105
193.164277398
243.686790906
455.047146747
530.369258657
440.895391193
236.098844424
390.675196108
614.378702231
532.169848355
336.405617413
173.365302695
339.681832982
156.701779489
651.056410632
502.692955737
194.721906175
1397.11646161
155.111709799
405.914324356
141.092432818
481.133999818
332.396363736
421.132743823
249.43979024
201.415409049
386.45017728
529.074027079
485.832939099
232.497062789
235.126154899
323.518294965
146.010690504
390.363254087
503.139661545
208.864344044
341.979127804
173.778040691
242.996714449
178.565698192
177.108974154
279.089267694
274.760999916
387.832194369
866.24253668
469.819489541
144.738987033
272.763133253
470.712125416
311.924990502
149.151057248
649.050454196
664.263262265
177.423565264
204.646763789
333.217935324
206.534359682
553.741277153
691.930246554
179.607038751
110.78625082
570.850818423
342.224631172
184.454196151
627.552559541
169.774394618
285.778957194
381.706069335
243.142426686
255.178166539
413.442066949
497.939835756
259.012371634
193.444104975
107.293588996
145.865284221
168.608540949
927.844601636
188.011783549
261.390326221
191.992844362
265.503251547
311.619674582
303.141745191
508.101702559
322.72065926
230.513560068
439.862263443
237.059732979
263.02453103
247.258827846
255.246187014
569.649656495
196.536458516
183.98069027
495.901217363
289.138048795
843.202753658
335.475622728
440.988588079
258.935116262
225.452591462
510.79518795
173.345617359
319.103311252
470.058364409
479.129453892
612.817447563
394.119045128
817.503703102
248.213368335
158.357250348
160.530738547
220.066406497
513.530715097
202.425865833
403.723659502
584.57588196
122.608246865
249.904532624
152.601447302
142.607664674
922.412835103
556.904118381
156.580924722
404.96790911
485.386776093
291.908447339
336.152596046
515.063474187
185.478871078
217.049631763
504.874405508
245.458921541
474.340272655
480.862504455
544.643271508
198.215404091
600.739483728
300.328030597
532.181410707
220.656005316
324.680778336
372.427942204
209.755001101
196.97334382
273.841876886
236.965524898
562.552368074
270.69786465
280.735516059
461.700028715
485.140932584
430.578036317
149.84413082
1163.38758105
195.580177077
130.017473559
272.471563469
410.609585787
318.159142908
334.319211768
448.263762769
169.359409973
120.442947298
217.942682296
245.279661894
159.021627267
132.673533616
270.723071025
211.231266861
108.932426425
471.650799264
767.546890559
367.303643801
396.484348948
381.478441441
334.690686504
167.595753414
208.918330155
257.15992846
174.153808686
233.287667012
991.429749371
335.640579755
205.597955171
230.90537583
310.670779482
339.654681713
97.2422823076
1016.66292017
166.220337573
537.681538191
224.258196028
461.203446921
255.89295058
433.919759105
540.713655489
193.756181658
768.081171557
343.25118297
512.579897716
257.189054009
425.797347444
505.957198378
303.267097491
404.749810285
342.481269963
228.85023232
337.502150821
191.596176939
273.705506844
257.907861466
253.027508331
326.289695523
226.642360927
526.512472729
617.82422503
535.366580192
447.118418535
472.086899236
468.876824671
270.330741856
351.050952662
466.540098299
626.370455971
165.02446285
807.689916875
342.993953169
676.852095847
1042.50279767
214.689520722
339.758618597
387.893461031
144.262201735
198.129253711
428.084182467
163.300561943
306.241866959
153.465004227
463.672108217
433.260760796
450.47056528
183.14280588
214.14685415
273.964024242
160.617224457
289.470200902
483.349875308
727.583064223
448.20444885
475.477246354
448.361678169
151.757303284
143.716106228
855.383476174
156.593257223
213.99489885
427.406019443
179.345672027
157.080634994
240.566987907
599.632912109
271.930203406
228.161712551
284.648774221
235.398954051
247.663465568
300.931607526
433.444494207
167.844907316
450.235391996
153.782334437
325.953235934
298.028947869
562.482593534
205.54544091
530.174724624
254.399119263
157.028478798
161.141578261
129.091924081
420.002452721
335.464006455
297.214638533
234.00089907
665.448172255
189.843659983
422.229617527
210.535427292
516.178028673
621.671485823
189.713568777
204.542060653
184.187458261
771.868731755
185.204599277
158.549415386
195.146683917
144.463147741
221.018421753
217.062073272
426.272253062
160.941405671
559.821219908
566.890922293
354.363968946
512.87722996
669.898137876
317.022008834
198.549606132
258.847865861
468.245479209
392.81216815
113.800139324
189.542882507
682.934800001
546.671769416
173.284513192
317.786364929
141.844979216
316.773409909
180.401163152
601.490104444
385.729595855
212.797100891
809.989893748
257.62095208
172.215481012
177.446458378
235.595316415
327.064263696
262.922146928
368.137569001
199.217990837
696.587822663
265.446062924
213.843276855
469.44133111
172.111924363
508.658680336
380.167379853
457.982858757
333.867780917
301.157043745
447.44539446
328.355404032
350.406445219
246.457067184
150.807337552
216.436822963
294.5251013
176.997540869
143.755652273
490.785517623
839.576669232
265.22274107
227.289326285
123.213898262
463.638856791
814.501470125
325.75327622
195.770651807
342.615251075
395.273424836
357.907583472
221.364740729
787.318314637
400.145174638
206.610652806
206.247310527
553.926577534
169.553992063
209.832795571
222.129988639
175.666053563
275.691732369
175.885594338
187.02801958
157.10578858
413.837168379
173.198898191
195.554340115
301.840765019
173.783447494
421.028625061
239.506096569
188.780441782
278.872055896
209.472110338
215.741569692
145.690681667
370.435111299
167.612134508
219.824652172
285.996213424
282.833731962
713.358285997
327.000534679
341.410902402
340.414019155
183.243167541
382.724448297
317.722462099
428.281498164
551.104841222
225.185115838
353.801990738
345.066423375
238.221852536
239.900756282
183.426042999
180.90011962
279.732801579
487.283509307
240.58802239
236.706724238
307.173652367
525.067670611
262.400728784
633.381839912
267.169001091
82.2157491894
230.539525423
247.072009184
154.510253968
302.889254355
187.979486229
194.736870612
537.795700096
116.955711688
698.419877688
882.18279385
377.635173518
183.119848691
166.491980945
395.678692836
456.338040491
138.767195618
470.193715877
666.513441648
230.714639639
773.930382647
195.434790414
320.667790602
1062.39365509
152.239828414
433.076428766
535.608837787
257.788752797
438.140341363
108.421203507
745.406919307
392.740052307
119.285393632
494.319641991
240.642742297
438.714125246
198.883083032
216.046454152
116.006093855
430.390293159
333.969296444
142.035569259
513.240766004
1176.68612878
327.637944452
298.624206682
177.504487919
200.625499973
406.236411277
627.11912929
252.534612435
442.111999119
171.200519537
156.192271032
312.640417248
193.259052213
187.87355259
574.42152654
138.938947121
227.681405684
221.199213566
300.049931219
165.881717566
156.030206925
386.648608078
360.224340962
417.752118956
175.09829957
432.589138073
212.230603295
346.554175574
339.284862927
290.181246037
287.310176238
132.761402671
180.169930175
141.883648785
200.048056097
219.880048625
295.374726143
230.273201396
122.896384698
134.262716042
924.823764303
732.570548127
197.10744276
175.319615139
279.555587302
198.413440395
701.948393595
279.941387417
205.798598858
132.551526573
475.609964775
686.057381105
399.159454871
888.787622993
280.759903932
709.201502808
406.550591953
360.350529076
313.358809258
157.295976626
348.001977086
445.036343312
171.988413547
189.500978243
328.225153837
573.021871158
272.375163019
221.753985882
615.501159661
234.126243635
488.497280167
506.817259597
152.352357944
336.094036301
123.728671614
505.965070503
431.566295213
407.853804552
456.732442635
413.840419171
537.880754409
400.70500733
215.931878426
424.144654462
169.864010586
400.535436661
441.010439213
741.481995214
194.384914508
553.148183532
500.50979296
259.620384507
512.757355913
563.449745365
376.10423891
374.60990768
91.9500267397
245.59483769
162.073950184
206.282538505
151.161232776
180.368170114
208.436060984
151.083626924
483.237377362
219.328103666
127.310770586
647.146523208
530.984721837
458.790866232
114.006129216
244.334822196
294.781326499
592.776894401
276.33991039
278.084506038
947.346550129
373.686005943
376.581760691
226.162201717
699.509409352
239.445320267
104.791867939
237.680583003
634.977928466
157.846342726
253.781030622
427.582471151
309.363862055
262.638851133
137.037730401
172.561150491
594.47147282
222.811717257
987.848755742
155.867837921
150.981316191
373.366217386
191.447643213
223.018631457
412.816885915
410.219904314
170.825611019
807.372154543
267.887371695
173.924781828
658.300128753
178.568999075
201.305093483
263.685153451
469.283282791
563.609371871
150.116183722
597.006717728
652.404095819
186.881468271
502.46804607
516.252705491
232.284838453
249.966983147
167.75524918
779.003543565
432.87195245
177.428738683
270.249399248
185.433559725
278.519867698
237.694902385
164.957322538
232.816482859
230.679043011
381.201512052
265.410965255
148.321447855
244.627376887
605.932689422
93.846780279
233.448757481
419.199581475
501.214251642
675.621208539
208.432684358
468.012197234
502.070111163
210.764826306
800.330762661
175.836634071
309.002664217
243.329655735
300.065850596
190.083450767
410.240413278
224.716089699
213.648711276
190.524924851
246.901212864
1149.02579677
471.834725544
280.114650036
404.286461552
168.199222074
360.869041909
434.465228429
815.530080918
317.694039368
176.076587079
455.950974985
321.528545702
209.017643434
309.876036345
225.006357859
368.901540142
650.718882073
660.501994724
483.831836179
305.792114374
275.116563656
390.839178268
208.05495345
264.965996368
345.010849725
160.769609209
179.506718371
211.260749131
158.915361593
545.507376497
130.160735354
120.469831071
406.721451892
239.436647674
368.118055339
287.413465848
174.84978008
357.593923118
736.531280143
85.1956646236
468.850602309
411.655617602
150.070097727
352.702784153
178.540418368
313.440412844
496.57824281
415.254446516
549.336707545
139.001856004
944.020277345
199.20093716
746.328922416
384.873461155
264.022090946
712.546782814
212.126208601
205.884659598
586.674374187
749.783807987
283.10336978
296.318400084
259.888105554
115.741923033
241.332466817
526.930574035
219.58723513
728.170591154
307.679036093
615.887788322
559.998187951
382.843594687
388.681866769
180.3113456
165.599953356
696.656168288
222.130675757
821.654666747
282.284358978
207.043762273
310.939568035
378.216928497
303.441378398
248.191029555
345.788140546
257.651909413
475.740567404
242.945740731
424.060784864
213.302128499
245.242451863
967.933704232
351.725647686
170.238894375
141.498629257
306.967492093
161.177094265
203.091203396
203.830203872
397.604328155
259.407088489
123.2045737
243.500077448
194.156415528
347.143732475
225.929781334
333.055954325
274.281195052
164.336916783
405.174650025
197.459495953
523.73814926
299.222463561
213.259983396
490.649403324
249.217103749
549.227453975
206.982254061
196.916417931
166.556107964
279.162204204
146.66876336
394.127884593
174.753189559
192.32233508
726.337671637
278.91062727
544.822902688
173.715595843
411.56946156
255.361950543
195.066516104
780.203062996
473.14187595
235.466382386
254.51151256
188.37321116
188.710148769
161.129998926
429.108715164
550.910562256
232.641170347
253.733796553
191.759225593
266.772448968
227.448068922
241.774709798
361.139593962
235.645910805
214.805401404
432.305697532
596.476219208
308.99970894
201.417369971
1198.87949232
535.612380719
510.413797047
315.280896158
401.149066127
291.275828735
673.952056689
248.184801411
447.27215102
807.130290397
271.375099346
278.453596108
585.859392738
406.965443818
344.958158069
383.10240363
168.335746588
191.55123829
456.027536848
425.454043344
255.626390807
706.687124332
337.932068378
187.10544452
224.179933177
201.880523209
202.767015623
358.359971337
387.43298884
272.379082068
868.820617117
731.107856823
237.800815215
431.577099454
348.240511528
249.438174056
155.00017126
196.608796867
547.717449728
494.768612839
423.60674401
642.62286329
460.323878853
329.834195128
138.546876144
519.718294069
590.949753479
203.111383928
1182.62233002
157.91464887
257.608320503
184.459204336
308.81765429
242.605017586
403.192213946
521.338776658
653.707959276
349.752972426
469.963284009
118.640412271
492.258916471
120.827894225
173.4003309
382.155983273
288.120271462
149.546009208
239.06749667
333.280459371
451.724093516
330.251621164
224.251549247
429.718057227
175.016869989
491.380637354
332.957342444
140.21650689
327.216845111
397.310630966
634.794615476
181.082772165
199.629713276
294.187149713
163.525440737
521.50106315
474.215988744
316.627538245
305.041966898
155.761556226
115.879665329
281.238555413
220.621892773
181.536751127
150.579943156
156.749361747
271.221853789
183.79024743
263.164811294
325.33404134
161.351292535
343.473777141
197.264222116
181.764135913
154.079920404
193.151919821
288.443435218
501.658321273
236.821727205
324.762733392
164.820999083
366.77970944
358.678560637
349.857246429
335.743178466
239.237454895
190.051839739
737.280790582
193.621898087
590.679424796
265.822929052
116.915167996
180.858655018
424.801102945
191.655665044
246.17225246
666.721495288
207.903063882
1093.43737705
225.886040412
310.554517746
252.69559663
171.159495777
504.00113207
186.565750956
386.321420177
497.764754524
171.774578502
393.612956138
319.547904916
434.223760531
348.089496426
323.887509865
254.611047682
322.129287105
292.960361032
294.951858473
193.931522108
185.049027167
601.224429954
193.626291172
179.245104621
412.073701671
290.110352672
416.643125574
327.088956551
290.278448205
558.564380612
143.203799028
223.145033371
164.968313631
297.671524726
439.375433667
771.648838181
867.114198351
212.809419862
179.708670277
186.062484111
373.100311869
131.78385182
411.5312122
514.704594162
479.319127367
207.171213031
241.305009435
333.194508843
201.849431653
863.439711421
167.396203728
152.774775042
310.329614301
235.303384769
1517.16464078
226.004981466
522.780738612
185.738886683
329.159452588
211.642916091
648.481510512
211.721790721
149.484475866
322.192299484
578.482518277
352.119937873
129.52461125
171.366483221
1000.84503539
393.442901593
265.919296636
473.014335108
391.274911795
159.621194656
359.330658091
264.019718148
663.623840838
287.762265072
352.975237094
235.518950321
456.330449321
172.687106852
467.032322456
136.605165981
157.451559396
169.685414972
598.02843276
246.395687527
149.450589616
514.151925893
343.659024046
511.860463534
388.247886451
494.90220579
177.713140749
190.156119093
232.744287392
746.967003333
188.643469205
517.262162366
389.335654258
167.297838983
147.406408628
186.989347385
311.004077181
1133.53826628
467.351194954
201.234695204
889.687537003
443.595344279
481.477011573
183.927582933
218.715804221
267.342113574
288.319328994
128.967697402
313.362041381
337.857612352
373.388679474
161.606791577
323.389817673
530.047437485
184.025698064
698.516553971
393.755352989
168.158707978
213.496379949
151.263184142
313.289438201
462.552194691
397.35971609
247.535247458
184.88745899
274.75793272
319.498462693
185.35634098
340.922304937
375.481488024
200.072538326
414.427034868
948.348925227
222.752007277
567.803197397
194.825391928
463.915625286
367.875112831
383.457710398
939.750724403
238.731728621
171.155307798
221.371856875
745.273435299
257.105404926
165.407725643
307.986870534
194.796560964
248.631105841
239.062997833
213.702927861
515.152766998
183.308375115
194.415470161
297.876609749
255.092508997
135.420517131
213.783745828
181.111081312
278.40567213
270.851467146
946.041438364
462.33493512
237.324806893
168.74396026
145.032777074
391.626127803
166.054330706
442.64332249
379.055754025
263.38707235
217.689108366
235.958941017
216.695271835
226.297308853
206.37631508
188.182509909
122.128931544
242.364733697
361.221737447
367.447664069
230.919147462
143.804281548
262.029534635
898.428043606
169.412793164
170.5246665
161.054702411
234.31991607
410.815108348
337.444822441
405.092100024
393.048210351
711.918886894
192.502457848
347.584662043
281.855212619
354.101947991
586.086404787
302.63895307
317.471336533
190.789498975
385.334796426
646.587165474
250.606623797
166.541089029
302.355846822
687.409391922
176.607370843
592.301708752
183.492256092
235.291617065
292.831361652
1193.91599319
263.30728598
217.661490655
435.435622479
299.144902579
219.703749033
185.427166183
177.019904999
473.787710391
329.306781794
270.9279266
800.937212057
772.348996245
195.184720801
154.950854713
145.29139208
610.247928335
189.849842275
297.794982706
285.868343976
158.413178645
177.564287795
135.129818851
221.872554201
204.60981011
421.926898587
338.091313545
294.163424463
258.004169393
174.784357001
297.107167842
187.921235183
684.579416541
228.030960474
314.163649062
220.422623442
397.009817113
293.519766349
234.272747089
563.870291561
212.261313612
493.112274459
355.375755719
364.296134722
463.460423146
452.744353351
211.256179172
438.134372629
169.995864415
287.889789253
195.422568434
861.140990364
138.842295054
264.012326234
271.413502645
345.409736333
178.092671191
140.176280333
302.866827536
164.979945067
426.300077323
380.427688859
397.951132938
713.618034282
252.299437251
266.807910021
229.378569606
475.890345641
263.753969562
775.884586952
303.670064696
164.303070681
1095.38909055
321.417288512
543.910554833
154.81259754
230.073771065
310.89721379
145.70921229
172.337599457
161.418817058
156.946586768
351.267011035
114.245319362
386.417255344
178.32241615
355.681643719
163.416931468
181.733618938
184.369142438
214.351859629
302.51160636
231.265587667
342.43950248
354.986205866
163.045712489
397.325169253
255.004033506
141.595438057
206.389097741
202.340692035
561.285924494
674.986286977
749.024341589
185.072040102
289.378047177
182.138335717
176.954245073
526.318823681
461.747436885
222.431942555
558.152885808
193.865254353
144.834259721
417.710119706
481.679854759
465.728635356
262.0231647
544.807982238
496.32677822
475.490913406
190.256034825
498.618839116
571.405188102
231.072099105
602.140659209
262.647025702
199.653178505
567.926103426
203.378133175
208.74382722
222.20148671
235.520896858
752.924812068
455.068403137
261.346766973
182.87797758
444.256762513
260.569505995
551.763794025
275.486410844
424.400916276
359.005820233
196.678702998
263.313483613
319.730891346
315.262780713
181.584840249
268.310492035
188.360227619
408.749735676
190.391860141
330.250777958
484.117460134
388.628986678
600.079722905
194.031938346
335.884861396
553.494579531
270.231835559
186.991297424
141.470644967
153.763948997
495.431010494
551.606617681
455.130085405
651.739072069
177.664419035
452.973100952
343.365281532
767.781546581
726.444448742
233.92952554
310.021802948
317.400162317
711.712593432
226.122174594
399.126069729
252.720455861
373.224128273
205.704447731
378.627698072
532.889885726
121.210616233
134.658700186
669.842457403
158.088740993
316.08926183
321.233659683
456.890900019
1366.28613383
152.975272962
287.27052418
209.888486756
314.813475842
271.828588528
128.98696647
366.563393751
168.699425325
607.633898907
151.195662466
172.439784491
567.39828045
392.026422831
188.893092993
199.475163592
187.776616426
191.1891995
1041.79278704
445.839764813
629.368221867
285.121798818
641.378949922
296.785672601
1322.81639765
470.562794574
281.968298052
183.537265958
175.942538066
113.924085055
276.266136855
208.305683173
428.697673665
237.474577404
405.055884397
936.467430912
171.703965549
200.8163216
369.073322529
286.5310243
167.481784518
199.947536231
208.01902193
336.113335686
771.385281977
132.897665819
142.480538686
581.031458887
683.886967678
214.873206788
163.071732383
625.923732424
702.009315245
358.262293422
144.072318092
213.827260186
174.850234241
158.937329356
275.761803462
353.588646823
175.259361277
155.18124872
292.792151512
176.503274806
739.348022133
121.159965906
473.363428626
1336.56974255
156.579693407
144.348257394
248.128265267
736.938887277
256.118503546
689.485765828
319.412987946
315.168356881
303.880217427
234.571838082
145.906088356
171.396860514
200.567716823
658.131494456
362.095060356
230.699784649
126.312983954
315.654023219
179.252667773
783.243938967
422.199390933
199.355380224
293.667644436
525.384940484
235.378754927
271.582988426
231.493153824
323.140422646
183.565433141
156.714401568
395.324567136
195.027432228
324.64331063
439.663396883
714.469924581
274.440824244
295.533479807
164.977084062
336.149329209
140.203126674
188.807591201
195.215510243
376.314539483
145.104617774
343.804624146
185.697478162
332.464652014
216.214208707
406.752009954
769.024245616
239.091107476
228.941436339
429.44541101
121.030236061
167.596684574
170.865902563
154.094273829
419.821020976
123.497255301
156.626632852
279.595912788
231.682652881
227.78036116
174.007077527
269.177119973
514.934581807
265.071283297
230.636590226
330.576561158
346.002752942
219.858495925
259.548564273
373.066959306
571.35472126
373.873422979
978.720730084
182.756363072
273.206104079
495.557025363
213.281325499
496.528243975
208.81413811
610.970727172
179.132795136
172.502017958
206.193638774
375.307995377
423.149634537
214.097944119
265.658413196
297.210134333
248.133098147
185.557031123
191.29378247
349.650450983
180.962873545
152.574595898
126.773509174
902.246926601
331.650633153
155.344835012
284.568414918
423.845984198
466.267856984
179.777012114
148.714443424
515.885281811
202.922831082
228.028328634
155.508724056
199.210360701
119.969184597
166.665479574
342.842091038
279.781544622
630.563762278
561.623344742
324.113749893
322.667513467
128.590841354
180.576879299
105.959703115
164.966298717
181.522097088
520.937172979
128.840186607
541.859327114
196.891234857
531.907046697
628.322264035
416.32496178
262.876961717
220.044701846
346.141202371
256.187515792
176.123699772
257.775070079
323.004349228
645.852649614
176.873843146
144.01466907
280.204766229
151.24455006
231.359719219
152.088447454
255.946167637
595.72000196
377.368631774
171.817386065
185.144393296
180.994312454
171.509743305
243.77838487
520.48721737
284.036648655
267.051629301
230.776611142
213.690598575
373.98798544
147.661677061
166.946222645
189.740297822
425.558463035
238.855056532
971.732648109
198.321886409
276.483321554
133.504428512
175.043548359
172.67546519
149.574166032
202.437653743
140.907181541
354.913480711
197.927049354
343.003477225
416.291524177
118.296649998
534.163609916
466.746133666
255.031068201
248.977179895
333.583072813
323.99648599
210.034610025
286.987435034
155.740654657
322.292678237
146.042017729
185.095495829
301.192506682
181.269672629
256.551298498
371.511879472
298.142741452
158.730078482
496.552986919
315.028256093
318.455022439
427.273019393
335.711948346
189.589810206
702.095612999
218.383123146
286.290875462
143.584436093
293.21708401
145.326305918
243.256796648
527.461037572
195.611538254
257.407940194
319.851233831
198.716333296
436.055994091
132.959887832
543.410739122
956.008684812
245.457299244
318.154153852
357.73605325
235.707470958
210.030144423
151.667669531
565.322403149
168.166051559
187.590759954
351.550752562
681.372603956
381.889959776
349.228901972
324.229701803
640.715642594
560.362609431
370.27684664
361.817378997
346.352229923
166.390169234
239.245072088
176.455904924
506.243561307
187.196733088
142.688962586
161.69729041
716.814083754
423.833316887
599.121207879
161.147084923
168.646910251
245.60113753
342.608974862
288.853771733
132.545016982
251.169584094
239.918730352
154.115826058
404.423306227
261.199155056
582.500187485
245.862993042
1125.30735728
219.82530722
221.390462662
161.380086105
138.504048983
505.781571054
638.958574205
305.258214123
1073.76964464
323.572083561
210.484208573
297.436306564
559.427462506
304.395655583
454.939244044
222.138150618
169.339291499
355.125667613
642.17065924
258.596356224
168.79536552
561.180542203
164.619914518
1235.61134542
202.275587524
385.609637653
231.480523326
269.411124936
655.833317233
259.545408171
479.937722005
358.73777692
165.184801889
615.244566602
215.65825111
385.264054179
170.945506262
247.579921623
187.658543103
266.979529243
170.641869521
323.028688112
189.712337529
383.846919317
493.961752789
404.003430066
213.309714605
351.14353912
289.363998977
289.137767885
776.885097649
161.424074643
292.403523947
189.733204139
275.496896828
587.567557699
349.813445251
586.292104968
512.33927615
145.146192546
322.29714309
487.085003257
254.886891128
222.484361965
319.773726395
167.095329631
229.538275197
172.133880472
374.33663178
281.274480903
189.613589133
219.376845842
213.720555814
223.929173002
266.932507972
192.068551152
428.075997649
287.825023293
152.744372632
237.253008957
340.061163863
464.569744134
271.861973899
398.922014219
170.457691288
195.095380417
846.112832875
257.799277464
191.497213193
98.5566629771
171.975304655
232.518957188
403.369517967
398.932164578
278.711505725
178.066789891
422.567003152
155.924986055
185.294245429
436.177365063
141.68680675
278.983213262
560.115160309
157.904686953
502.849004362
163.626957352
288.116843471
378.000682121
892.325691761
157.560443406
240.079237595
213.832982771
145.737912248
196.41574616
858.146647804
155.543104867
341.777834003
623.013477181
207.281478388
262.201735755
179.37101054
703.909738822
655.798218687
547.945065841
161.600785668
200.589375255
197.528176013
213.731264223
205.951686569
163.423581473
874.441566167
171.42623831
273.795252078
123.426127828
317.664857903
222.114271701
216.464815186
346.985924047
406.033684504
194.151953447
115.285070976
280.582987379
222.709590439
519.36736576
143.148470375
382.725355054
263.331984636
506.087103418
1380.82450145
303.222903578
537.990561377
158.580332298
356.979186136
177.856383203
230.645040842
166.659298678
507.054961888
665.538808992
246.868998326
496.507436162
295.710894189
244.206609076
639.052037028
303.230613181
418.515757791
123.984118249
229.22606552
887.720072137
241.058277132
248.642289842
400.066609703
247.138987924
233.152141743
305.577582553
196.132078933
303.483895456
256.71826912
467.348252392
155.512504504
216.891963566
239.080413297
268.119444984
292.521689959
167.483458107
130.055819831
222.44781988
250.902799942
190.620794224
193.890962242
412.455673404
162.214063502
168.638016106
263.927846455
310.256008013
135.251684863
579.663374482
464.734238948
547.754248824
312.287089454
277.52245868
208.463751876
154.951265419
398.275123043
777.408314293
265.008896453
327.650847734
382.419182277
871.002068277
1042.96744804
361.034255743
289.90355197
624.68042272
340.297480712
119.190860251
792.258334707
245.997353709
197.534011983
158.603122947
157.410836877
579.339038706
441.509582574
282.650822032
362.984344086
185.657705694
174.77739787
166.008555369
552.092926423
918.703596512
313.876909761
448.005588539
189.789878695
211.430183112
152.491917691
275.94676261
299.559861812
300.43664904
143.93056665
178.48988415
193.532008483
297.229785632
412.305755023
126.020236706
189.984528352
277.221189678
179.917871209
421.065881863
180.896262503
214.417582866
166.77955782
386.188316941
437.208175133
618.428966928
128.868244434
153.296153322
479.054207199
943.512171962
321.032831513
542.196823735
245.396073186
445.973425761
230.73423478
176.450779175
303.247635255
239.59267111
187.296147589
663.242423396
235.34175629
368.205134604
170.463277343
573.746539423
333.1413089
187.933685035
322.469227969
182.813108298
739.241652459
333.313004636
235.754913927
234.900224133
1216.34953683
201.37630343
640.002875289
215.242479729
87.9549872459
184.686743344
565.436355967
295.509300322
195.00763443
220.44986627
378.544945632
447.450115236
330.130417042
241.901790299
147.608037132
125.44950315
1256.28601102
347.348470366
178.564115269
732.774902291
219.134164847
443.911863694
499.687872036
141.562822699
481.426862493
1151.67643204
175.547206823
271.569601768
233.734383564
267.989514896
137.164243049
130.00881119
165.704376786
301.161208608
200.541231946
263.823797868
395.227913378
266.387151737
152.343464149
276.213984488
547.597909504
389.70512101
275.986585014
333.278817774
551.303635597
379.025429896
365.988526992
205.873479788
143.744493372
210.169268331
135.514476054
147.818621879
333.333822587
109.50621919
263.412803187
123.484493019
173.244541459
177.540933447
714.243972278
161.87778671
493.268854386
160.076373067
294.782764127
292.305157875
139.750860136
194.529711092
535.927790857
178.782261949
365.400030636
315.569229953
166.016152396
1053.56552215
294.624907259
340.546444983
247.502422178
229.535483583
207.523390521
616.089221302
211.285879454
158.504982898
188.548944943
183.512921749
233.669072526
828.293130543
149.998237002
323.638671163
260.976263037
296.244557084
240.574052832
178.195974888
218.974627994
1223.81742039
331.976100521
233.277335829
383.399545747
155.450233128
449.0952558
224.838647877
404.505743437
647.190248256
130.44299244
181.520186472
677.747504279
880.589818321
267.312501542
323.138756605
211.579872829
291.142548559
166.561756829
159.451088824
242.175496247
1138.07955413
350.760643153
273.704000908
326.542369712
169.323180384
348.295943885
640.892238814
430.558822886
487.425556986
153.070939448
215.780376992
427.925096124
560.100450461
150.558039695
229.303925348
271.20972544
225.840695669
293.763115533
277.827038662
291.56938916
167.29137286
659.487869819
448.48802923
225.103287758
261.840268728
296.514160101
354.822645403
885.768480373
303.324632005
184.834592265
556.623374066
222.553314268
589.067895426
169.532802632
154.834818786
172.065424137
285.408657987
188.480160783
266.759169336
425.145371356
163.082902579
183.369450981
192.653646995
199.315769033
716.219686561
191.056324305
218.42857
170.271464261
164.655028587
204.230244183
393.707124257
460.108476899
495.560588557
191.077944535
593.545284611
157.734815983
376.389863982
407.22448872
395.79083103
601.926862794
994.75991912
274.483375127
227.40393863
239.983461056
518.270540143
200.364482133
268.434848724
195.279511195
303.189506936
257.059378083
289.701814148
401.273990467
548.980517937
237.987846416
160.012124417
365.485793926
134.458199306
168.379241664
193.515926045
287.813959566
338.011126778
267.845853486
274.012110645
637.960877701
197.491252965
156.334509116
243.156461506
153.010502823
183.842365372
354.285685115
220.614214744
210.591655028
273.735701384
563.994845009
254.451243839
346.870725838
187.640040751
281.376662745
524.618997925
282.250230428
330.201710455
211.203591735
748.565476866
204.191388772
205.195005262
643.62638253
924.048186782
331.21386552
449.877271065
173.226804163
363.084695258
358.986386975
191.84158458
492.988184367
418.614063962
417.832195843
309.352324203
240.702458581
242.536234607
835.046302843
255.888502498
185.721145089
893.995308195
276.650882311
245.658394926
482.877161003
185.824842539
425.465020795
260.76790663
187.050658543
488.271294514
403.186093684
259.431020742
287.01718278
146.460768286
190.891697839
640.332169103
503.425038841
526.896147785
139.846904093
275.919401663
326.60850426
796.215754687
161.463109152
224.560456075
180.564265535
165.631948402
317.911287048
221.0502421
125.801318862
174.070896664
300.717536652
136.675144218
355.96865859
158.812510089
602.066568562
197.695446474
401.323591372
191.821934191
508.011931824
120.889625282
282.889670694
153.860219007
439.227369521
289.535181298
337.245802044
289.048798378
174.383918846
420.814873677
130.318262226
351.186073286
355.087300368
123.477611918
225.003753018
311.160119547
447.601366892
495.828829477
516.087336854
171.873024154
281.861747565
641.78404756
292.114278366
195.413639145
321.398703624
183.325839836
435.101656896
212.779811526
180.709019397
511.292851782
541.690648641
504.452846035
439.522081308
481.817667624
315.28115937
386.65337646
376.850408151
272.292234428
164.495759529
276.241537041
230.637152951
139.135517248
259.782439868
546.842818468
162.237447245
255.394790072
217.74600445
151.39999135
758.492971722
170.294870489
293.909342689
320.589094918
203.945221671
325.957964852
304.95112926
667.751532944
139.654952948
141.463228437
338.263168762
426.821145044
522.454635849
309.02079747
576.703652171
339.681242937
117.690133446
268.079095188
285.982388167
92.6990051639
425.577924337
203.265593786
202.503980275
453.565224837
154.374973335
293.961903575
174.880101371
205.802303844
309.177495606
225.199611615
232.602683509
158.267553981
441.661689225
298.033244926
237.775509831
211.327506381
227.806944824
411.348316195
139.367251348
845.314829256
329.812724455
302.290795703
492.31289753
548.350269725
281.502623933
254.557681789
234.199279067
405.84734733
613.736699229
197.289911332
237.328511362
277.931370781
611.567083131
459.148884563
746.596016612
512.610871408
86.5046832893
1090.44873204
129.58181427
412.416512326
174.368215301
205.56008846
217.840551972
249.299943527
175.430055231
198.016758747
248.763967243
337.889942313
355.903520793
494.17323935
571.972345088
483.369991821
696.812746544
175.70567702
207.091007129
236.57783632
740.971159837
1052.38956248
216.973052219
505.549206517
163.986145167
379.702033863
349.821259433
181.12095226
161.636947273
415.793074637
646.017771084
162.928392936
212.613580554
211.282765911
296.595404676
173.274832546
265.83662725
453.01945625
415.92785197
157.575479032
214.044040362
248.823393515
301.435886325
389.338496541
216.353463985
518.864568666
780.198387327
173.737924803
187.596857171
592.977336834
297.464674268
242.95316034
650.030426052
216.990454654
331.313016236
448.069070531
180.266960387
152.73052291
232.682538433
651.87487833
611.77540355
502.374385276
996.999432967
148.948186371
165.710137076
274.525484547
158.761335257
456.484912083
229.70798223
331.921874644
195.42430151
432.545614366
448.808973348
181.009624487
643.597953916
519.651792419
250.825491627
169.426231616
458.479282262
147.953131753
258.331379658
245.305450108
158.80142577
306.781811013
171.890420443
322.517703644
223.845551653
565.871164674
348.221170564
557.848295276
398.13611056
192.318383674
235.736181422
195.929183019
207.076234372
437.989116519
176.681752443
303.643346996
397.055277036
103.642408899
432.062613434
201.479437685
217.437811145
361.809258642
283.179395044
581.672700059
544.526815774
96.5609816053
145.135537399
136.66013931
203.170009347
178.051752903
361.131245908
150.018602397
410.569616578
166.865019408
616.999416675
171.03759215
343.072125581
167.208445335
768.665786524
249.547735315
148.780126952
681.498235853
146.91671807
228.32497479
256.508378317
527.925882836
320.582845546
188.993028082
483.800343645
219.367683923
366.907256651
192.217363216
211.14749255
182.653194708
422.483111701
381.682435038
158.146872269
180.391035628
395.510615183
164.4455507
146.962508865
332.91661997
385.695940895
208.584211619
228.689305755
288.804069146
297.453015202
722.150705806
138.342901282
426.974241965
454.773426955
178.574858529
426.422456705
680.717266548
211.959959088
111.065332658
210.491200571
347.088967209
274.375661869
250.76917702
195.828090801
922.064530591
348.281599074
379.030374935
308.501792475
312.014964341
275.231698572
495.277246317
319.215995727
118.604684882
146.786511112
163.05363237
477.04034766
216.80958109
253.244099006
1093.36564679
285.199618551
199.258669967
223.080144506
453.825224706
171.861521832
1146.5561516
271.870167837
1041.54946953
165.070689459
232.169226271
227.874761979
742.159150389
128.225412706
473.393374711
279.124837853
159.146776424
261.557438056
172.017467255
707.32727782
991.197238958
131.407283051
622.69745347
250.808159417
362.155210604
172.567873253
152.074985636
138.995208944
204.206461947
210.547076628
297.218564725
415.08268261
371.574917342
458.458085448
288.308141135
524.036173363
651.657544299
339.310412534
351.258105149
476.720396669
219.305439691
172.961340872
132.983190296
390.817303149
249.222924706
325.850671868
750.497238827
228.267334772
239.655368851
570.84818073
213.097359266
381.450150684
251.924683072
423.306581489
159.843927829
184.660062697
369.25162895
301.633165504
485.336049941
366.612027871
267.098979563
177.139819683
327.78970957
629.527141809
379.443846508
349.674815833
248.462229315
122.486817573
356.115031092
418.257832235
202.769743009
677.526819057
189.62254799
240.214801092
530.524312703
143.554621431
185.754181502
302.42052008
212.180038253
152.4984943
412.055517726
244.694077457
587.538772932
445.974634333
327.977478538
208.66476442
447.75788678
921.654904433
373.797170112
153.972666662
687.972611817
323.981421612
504.772488604
188.618740783
495.728662555
256.816117704
477.656332654
351.608121675
300.786695648
471.717679615
350.966900731
684.519249527
207.879734839
300.427247926
428.155514508
164.031498831
186.926546664
386.803180626
191.105825709
253.455868823
218.61736423
356.572837185
169.463213625
782.287514658
216.375790451
393.169409884
308.791548519
202.080602569
656.037887547
224.731780617
634.801085248
715.363225744
168.765690266
179.4629851
490.862335058
227.681381893
175.920332769
155.291311059
221.007661747
278.599105372
370.363010462
501.558298278
708.396899398
237.752411763
359.31311394
334.835496718
219.265567552
270.103860443
136.535318924
231.422471736
452.291764508
93.8778306621
523.921163747
1209.9579886
288.407303895
334.024369473
271.506382448
263.855052207
540.902228876
271.953652371
262.119497637
251.359537903
263.303569068
265.029479764
307.262118687
205.985297836
770.972021629
125.895101587
630.58380315
250.833171741
221.397375865
186.927947015
478.319138991
463.600734072
299.435152159
305.476196825
502.999444221
270.480781372
167.618584997
324.313117338
199.942833245
364.727243053
232.003924141
626.15425186
191.399301232
217.941934449
257.113493161
186.913865819
1015.20428207
358.451184676
449.163327089
184.277624787
133.618271224
251.27807016
235.445040189
111.19480745
382.900985597
233.996803591
351.02826541
383.699972118
569.434398859
255.04424466
149.752403719
299.598484866
536.652143973
367.977136637
155.575236558
430.735509974
153.089457482
183.959287747
193.922592335
266.311123615
161.767304833
790.99841468
373.211860913
355.77267971
271.333761067
264.689375757
230.220083676
151.179327556
460.134745657
294.504701286
181.384140665
347.865085891
845.725236255
172.114762783
332.17382623
353.260455804
365.209816593
201.699282209
533.638143908
304.716928676
1090.44680659
217.128384071
247.809801526
227.501477151
249.026218391
273.674231471
1067.11630483
175.782355757
499.111047951
266.788478604
296.380969064
472.649376894
221.996482048
701.073081878
153.032168081
184.295696045
130.304503774
382.756065113
287.26378408
160.908326343
174.11359576
267.664713319
481.439860647
243.194430934
426.948823947
203.228914121
189.240160457
263.411895718
167.895110899
371.142991342
625.794322283
261.401801599
508.337936281
192.475684395
559.671844213
414.884649839
231.674039504
334.975915733
134.775215645
239.623467613
438.447127761
103.843380165
239.353919734
266.879458758
335.979095264
337.044681841
200.954587369
383.1160102
815.97195507
494.058663964
251.87784741
434.471929886
554.655488445
228.953181053
2175.03729259
403.792688674
357.422371701
490.051875191
320.727092407
442.621286917
163.801352832
167.600622964
228.501480531
408.826180941
212.206044742
461.911063402
315.63270193
216.640545352
322.573252622
454.613820007
588.973305668
268.934796097
211.679003966
368.575236945
656.821905829
259.897143115
477.415133727
454.55925039
143.529762594
137.861296347
197.562996066
138.061707816
232.542030193
291.336423593
513.540774229
334.708318458
279.314687295
198.988014654
167.2495784
471.431050264
196.294428591
511.780523146
151.025150512
159.078214895
163.082149177
1053.96721323
589.714002373
178.660730011
589.093440027
430.217667642
85.1297645888
454.24784935
245.152436238
388.177381848
386.316003951
204.592917997
393.683557859
521.051708655
196.614514376
425.219264608
127.557034957
312.061305416
210.310684963
427.6318776
196.524821016
423.661443693
333.702806417
509.318728392
289.387391899
326.188424721
142.808590497
356.619662613
203.674281528
310.093510377
185.790539257
224.759360278
342.493247653
306.082576583
365.463165867
274.35090511
425.712673042
449.782116685
309.673882286
191.885754464
144.302444759
223.983251831
614.160822672
323.406065583
496.834594886
355.949074417
198.076110782
286.838877748
313.112331344
