75.2121825264
230.349811511
198.040649585
293.121958452
669.225786947
113.909560742
222.735435931
276.208424846
188.285839433
228.134080075
335.028852052
113.033537663
338.034068643
459.649207061
107.001966568
279.054200389
274.266727713
239.723277134
331.552688596
76.3573922358
186.186583895
106.011762778
289.357943474
182.661427302
221.848972918
154.130876432
30.5571148502
288.678674139
66.6230920571
185.359563765
53.3280867208
443.844354448
134.193408993
414.314633316
43.3071322765
404.569051053
323.116343181
31.5652791439
360.74417727
60.7984457183
417.293225656
338.592284958
320.622727222
200.840149758
110.441582458
227.64858307
129.878321571
133.030965161
128.989157274
74.3653360533
129.132422974
138.861520435
439.831411124
138.260857949
303.777241223
106.732545579
243.319920406
139.983973411
221.902978133
411.434238319
288.413555967
245.378928048
201.868730394
154.523360579
54.5826382113
103.851268532
104.864881356
154.963156828
164.875759755
134.25603872
25.4722622555
201.406474198
214.249935526
185.972072779
120.364079783
169.717893581
153.08612914
330.674337667
568.716194659
104.992070513
161.300004124
45.5940589852
340.517558693
83.9196539991
168.976375459
227.251224499
249.621564299
298.284447488
301.474387589
183.468362524
90.0519135682
286.325655689
50.5048109598
300.214667173
355.384806965
110.73663204
190.854094038
154.525313217
172.479071459
167.305731105
157.330077909
157.489067593
364.840910924
161.775731013
188.406040672
132.515923131
413.780353188
132.37573151
599.527645772
242.843405204
287.315283668
359.05471551
297.811216819
203.98009271
68.7787593463
208.212202994
442.388063793
354.610497183
207.720212514
541.989265805
205.656499372
260.693464543
293.993024748
200.238242724
132.951814327
270.779786519
56.6613338253
237.526544175
174.72879085
599.918029197
172.406380441
207.281169806
117.808273729
251.062342831
104.668551856
439.397920764
208.099528319
86.0583772401
265.589580933
157.767704175
303.85475898
194.136369715
146.587899073
312.234224455
522.999724965
290.304475239
77.4276164462
167.230885735
73.6004914081
268.061588184
335.916606255
84.2724732933
313.403805109
359.122107539
262.740317191
417.454558044
305.944515903
85.3393931133
13.9297575795
213.014964186
90.5710685899
165.027260449
158.607845774
95.3678875336
341.743105507
241.004423883
162.235560865
157.525285513
106.398218962
138.888009287
169.727232477
304.589809969
219.336463163
207.384529451
216.246999647
221.080530973
113.565889352
359.235547276
61.4220272043
305.262605014
513.613830726
69.8220841747
174.178141484
1081.05640291
92.2033441358
80.4236849128
48.2405976277
186.178280012
181.35851087
462.744407932
396.34429637
478.063559126
469.981810263
192.960823392
200.950921959
369.638441011
218.73362435
203.005477317
143.518075
493.882227929
340.883375918
261.535851456
157.219990765
72.1002509811
171.676261196
563.118716491
122.478476059
269.215937738
151.417671668
283.722735239
192.795469875
210.187761561
119.889755553
225.607976576
23.3673050933
442.321376517
165.454784012
36.5166637787
256.28928648
154.931641892
283.243414139
90.6830149568
501.604171274
181.168419093
144.451805672
257.125954317
200.246629151
167.53402982
241.599627926
600.946900526
232.423807297
188.963012761
129.876950809
79.6588568333
346.38805334
137.187248454
35.7882334049
458.511914814
178.383936582
203.047432426
183.595348964
377.026550779
129.728290766
100.552396575
264.981321101
156.41417206
243.551839661
121.534675278
171.799036323
641.031620307
243.425112929
602.680326434
71.0137414982
128.770739881
95.0667221572
177.508298068
333.450404405
159.498367458
182.131233816
213.755004111
52.0982370175
387.225553929
346.133202295
155.815150214
21.1694018312
143.835470058
136.402115849
160.308829726
220.55544499
119.72110807
448.581114931
78.5167464311
85.7696457194
479.443504337
259.130277781
233.261387675
258.812986445
143.268545561
132.875943031
291.337346159
29.9530739349
178.283502658
135.932793423
57.306585878
205.587289121
387.503772601
361.366475291
163.555127294
125.710773894
142.324162578
272.49608111
136.352306187
40.4895397249
384.476921215
82.2112673622
653.582206944
212.35984347
166.283157915
161.650604676
187.906870076
251.779007433
201.085084891
35.8802601834
227.154658645
168.259529245
110.299670143
101.605696281
377.530083909
238.681624001
42.535226201
155.307023292
68.6325264335
249.210537695
255.808084951
98.913436267
180.923833488
198.814708317
141.437092234
75.2006915872
59.3112341505
181.717081534
427.291375386
143.381391757
207.420079679
201.523166139
443.142659773
126.090446519
329.488974006
164.2026671
235.368596686
304.646023703
192.018480702
270.036360796
206.327224268
338.174026208
163.087224808
239.718443046
121.148077579
107.075938427
78.7148865811
91.2898325607
425.028836395
50.0580222717
126.555437137
103.783497804
305.669770298
324.697777312
320.608073335
444.246278138
147.074559656
174.538383845
165.090810123
106.035067433
77.1011575594
181.841332098
302.601855019
110.835444109
97.6375772784
631.056200544
142.147627222
283.398229989
177.706494899
217.352820282
115.420665066
196.881785824
405.338613468
118.901211302
105.381524171
178.35929112
163.486399691
145.443725407
167.208538058
141.81893511
119.802762236
186.286123675
331.619573235
236.592032672
275.039310548
211.861769509
226.573540459
250.398284859
188.164968993
74.2817573096
330.729995028
204.31500095
279.93320448
190.888702064
567.78522674
213.730910986
234.095467218
150.872564049
219.386503292
306.823592722
84.8353087439
76.7719834087
158.965501297
311.192241595
419.708307447
92.5694061293
240.914575698
99.1917392252
142.305528795
246.991459221
135.289482477
125.061135842
159.72560646
131.645263652
243.904234859
96.6452962129
380.12037987
252.744341212
141.369050173
66.4640786474
198.358696166
112.606253097
173.160214551
326.656144896
242.747264458
122.670481923
151.684400959
108.55028135
360.51615572
173.218303859
236.517801954
71.0718792739
201.551714265
144.7224529
279.848850733
188.543818464
192.60295789
101.278520799
210.354260046
194.065741915
93.626235886
40.3269455316
168.113720236
360.780021387
101.792351086
414.93265665
356.323019015
6.47792128982
158.530159604
129.116738455
345.754503307
75.7245322629
340.752583328
216.572069769
101.436409015
277.318839179
56.4775457974
128.709937028
190.014490233
136.732258004
184.0956356
50.4876801002
39.2859294842
431.116092107
626.020644423
567.824896075
194.973902117
58.9740982779
133.604673563
239.614093645
166.738455379
97.7504732255
252.928046857
130.384050569
323.25443579
333.911416425
75.7604302268
225.257665913
232.825257954
214.915564243
67.0690601074
62.9626211459
158.856642999
135.521798025
416.99848912
128.98161488
119.980720793
29.7171938652
239.88828841
227.250928876
328.724432436
150.182840697
280.042357555
142.527272192
202.412292123
405.581170847
273.472730369
114.138033746
313.58372519
142.092788376
229.429133467
254.423714383
334.662554498
34.1653811093
215.326336223
123.189725663
135.921638053
240.330887364
110.929927768
289.381481851
281.953874981
152.761830653
214.917607964
623.272787213
108.903717235
356.606963166
196.867044775
262.550505438
101.873562422
434.099310237
749.502539057
125.296176045
135.430471922
335.574241953
558.417679118
14.9824252333
51.4569185384
156.094331633
105.744760845
180.749924643
164.096073842
143.888343439
166.051638419
76.5899222109
197.433163654
110.897081313
139.199850629
235.935770679
151.304574531
114.184175652
208.324122975
101.075535323
494.979641594
348.636718161
132.989167915
191.491155972
215.241462971
178.220754592
412.492745749
593.414350176
146.557597098
200.115050816
147.514684572
697.438021896
162.182229105
137.515084711
84.4827367161
183.428360439
74.0816457617
428.468803121
516.409385116
405.630728263
46.4439557611
241.07989706
85.9552689275
113.790661144
415.516495645
179.746597513
155.178067497
233.061396402
122.578844508
242.556838108
51.5308508965
186.949223118
272.119199635
146.142878588
162.90176875
132.799040239
62.3983430553
168.762896545
421.788672574
111.304621488
254.706444786
291.652761483
53.8831609534
197.312148115
252.454159265
569.934046433
174.059281276
304.616919099
346.359624961
362.879277531
206.696445341
120.176661242
181.484883681
292.741842914
496.54523889
131.385758724
135.541804188
169.378841555
129.410892667
238.198387995
256.271664494
65.0219857266
243.142108709
1017.62009989
146.265884506
127.87311393
158.833932846
297.056877908
80.6569428804
281.679552284
48.5773001384
53.8160499503
185.691133801
334.139388984
83.814240743
434.029137892
175.869284994
162.786597362
348.700485614
88.522159443
408.99678359
83.8252535314
162.095739392
75.4681787304
91.4367579047
227.660946722
159.83744374
184.625392561
654.423624729
253.808399874
107.396416619
331.635851158
538.215346279
82.657011232
382.009131623
95.9935737133
101.790734608
389.150465365
226.913131172
129.222242451
160.84247881
548.776433522
207.531719257
333.01114887
243.272998568
186.361993261
99.7269340527
98.4655689044
220.603935091
132.552347711
207.012150378
280.055041412
191.561021485
224.373516257
153.080810636
255.000407963
101.259899633
94.7666097477
168.97199644
77.7234322839
454.065348507
405.585949845
207.78732382
228.189918756
98.3503576474
92.4133228912
367.532406045
123.765607127
674.423856246
138.015173366
101.55524898
344.115237926
289.730271946
180.994099692
343.403782327
370.939902505
512.279017468
226.97390275
383.58382227
371.864338976
233.932330377
341.081946547
146.589176219
229.135163157
73.8593569374
293.728397744
73.0087841772
289.97276103
142.288507168
455.201202594
575.539371053
248.319930002
178.060764861
236.96239714
169.331584502
80.5884112342
380.877779212
439.413127338
270.843985972
239.666575253
229.612166538
265.970574747
35.8294142528
189.764865648
14.5018851543
44.041879281
77.0025092163
280.257952064
558.254307201
327.133707616
58.9341420178
174.654083557
357.687839344
228.810165603
96.501533723
237.57415696
173.500609981
335.632202138
89.6123323006
486.488373752
95.6479135623
434.494967623
182.561244185
236.042351682
209.068805301
225.166579331
29.1529388542
112.433833716
210.620888861
211.098044401
196.388237415
37.8328074841
192.980436353
160.582912308
75.5814619035
139.228946473
75.6198578863
155.817292274
196.236811907
105.005388212
269.532079377
143.681409791
153.221116355
177.135749766
25.8980059668
426.011787246
250.34520507
159.280812479
82.6150843001
301.942031661
116.426454425
393.811615869
330.662684975
263.966089472
137.151565695
291.463011244
180.920127797
108.281119597
240.827290669
97.8565101735
53.1591540827
179.042133686
215.739693366
150.241821628
432.774859453
614.611950602
59.7612315683
145.194925491
123.755279056
146.321470902
215.65328937
336.694446222
200.296006245
293.032653811
336.714585192
111.245061869
236.362190454
188.260373974
203.576788989
128.590930771
138.716286179
147.693473406
22.20677572
120.142235713
232.345609657
186.293765594
204.350639728
96.5517054262
112.764130256
408.711928924
135.489850485
169.944570052
78.5577067679
137.553705046
51.4406246305
148.496807082
320.385948515
517.369365655
219.159942524
211.893670622
402.926814921
468.6237956
119.922973387
376.84039395
175.685727688
119.993590333
157.080913003
338.950666008
473.350736358
353.376671252
296.327018503
33.4167432256
156.652557012
130.48332444
434.899709007
53.050407664
139.286955411
203.065319595
234.163539798
223.343100793
232.65978329
559.812015045
65.0153129288
512.407663255
280.822410343
363.036493714
193.864552532
299.047317027
170.43286835
58.9002059655
261.48844326
190.637279375
90.5655133895
179.332139877
310.413239294
48.2989043168
248.432807524
215.687508108
241.368585874
194.788835332
111.407530411
478.663012783
157.186874105
47.9082434227
719.801888371
17.0565657842
98.31109813
56.6692275026
9.87959148792
557.612172793
50.0303559544
168.860887225
83.8247710267
274.762350814
227.880124796
321.784226057
289.154018566
130.781765526
167.432109764
234.713146014
401.144800965
111.221440814
79.81525092
150.200784445
154.944239885
307.671021732
403.180468238
189.109270423
169.613526431
460.358169643
274.731566396
180.687604059
152.633854579
253.494405923
260.340178146
97.6135657888
105.657379869
21.9618535296
73.2249465337
200.664321421
213.206997105
221.440945321
276.371695054
189.872393594
149.484227633
148.412738002
103.159080505
124.486810089
110.777410357
269.214284821
380.428609345
233.294368881
283.811046371
401.731628708
138.192613525
364.369602641
483.793812469
301.25186179
82.769281517
294.825325875
137.868334839
33.0325610527
105.551048319
184.634230047
62.4621064337
190.27203244
97.8319746714
478.118384233
144.650754911
275.945241012
129.103315888
174.119311565
289.59536708
172.973890788
142.313880934
334.584437991
106.595915898
278.544800762
133.630775081
135.033657217
103.907271316
123.087371771
152.305405696
109.394859989
115.632613096
200.518934926
232.366810432
91.8185578846
245.516286567
185.192465421
277.618231789
22.3441434136
566.436131337
136.01310732
238.227394249
112.57594233
298.324751033
266.764918493
101.644184651
367.369384179
246.757203981
216.739748309
179.146377342
186.786513511
67.6830165765
227.948290012
575.349094011
203.867466824
118.982890517
383.869603161
51.4890561931
297.905228839
81.2658775729
151.265558969
143.360217859
57.5373509025
319.704728023
72.7323030989
327.436280273
99.669383042
157.931650181
116.986453928
118.186838977
136.300871492
152.433816474
452.466552693
303.889517391
385.165199811
380.411481581
126.572576463
124.162589602
175.358570345
107.869818345
146.083782556
163.424943321
126.162409116
243.417254162
189.581932096
101.00928648
243.86698343
230.946882004
271.188324216
239.427279267
186.276753816
104.874422303
125.669894926
170.142565565
289.790340161
242.379810687
293.805600668
438.499542046
260.659429428
116.159796407
193.941145026
276.465568037
219.168348672
206.605702803
117.393470093
89.8755577293
310.967050315
384.427914147
309.321007695
87.7613187562
307.841214323
363.718467491
292.591846575
86.98173261
273.917793363
186.581703729
168.936771268
63.7813902751
223.006959396
179.144832579
192.283651103
216.140200441
274.101506011
134.405534341
132.611849081
57.0253118073
340.731737012
158.312141442
356.834398406
534.920449487
353.619410379
165.547801445
113.89994606
160.677491464
333.68572268
443.163519696
111.309767142
257.846356736
42.5335652185
70.0996104425
247.514380673
157.466779676
193.361642137
451.088441706
92.6357226747
173.912205628
178.383254546
282.266546183
77.9758535286
101.111856917
296.992031698
97.0319941843
57.9174585003
89.2761665791
272.412801417
81.6415837039
115.90992453
164.817387809
177.488743787
206.525050997
371.207263083
119.688479139
117.352430537
251.967118851
332.960422201
129.721547114
147.243729326
443.342875472
73.8955564422
236.877623053
248.607807348
179.328564812
387.991490275
189.498945572
188.339378527
281.3120964
95.5043370227
249.413167657
188.195241162
138.528840903
240.607825608
151.450539777
297.847034651
267.702407653
511.186998749
27.3187691711
300.603943311
258.64581023
193.37181221
140.651835904
204.663896955
321.453256001
150.029832033
87.3403723642
330.987960784
702.335193788
96.4318248219
359.319844476
272.731829045
387.443749084
155.094842196
106.224740193
64.5731514903
120.310965199
354.819779453
114.916461272
249.611240607
60.9967173011
188.365938564
47.6929621815
277.660345718
158.606972116
133.612432531
420.211593444
179.850920889
79.7661396099
180.816745671
115.943591749
205.102280307
77.7399837149
163.552397451
441.471507584
151.256828006
129.026611954
155.724253605
42.9805159518
220.156329261
213.894610055
261.397343702
197.417663427
212.641812128
69.472412075
180.642834393
124.666085861
71.8598200981
57.5781953162
171.585901813
177.190724999
342.322223344
92.8670509125
221.217953502
106.565296435
124.062763686
104.21664409
196.214586962
176.145101633
120.430411025
314.342662173
351.96472207
135.739885572
159.461744895
460.471234274
1034.56463128
202.483684522
171.149805878
79.9086633368
353.362015897
243.660403021
102.603708149
286.897776016
87.0915565465
130.840253374
298.360915325
65.8295300947
466.485067104
46.4029672059
167.365326094
340.405342965
114.899350372
144.332218192
144.419462777
130.968135016
330.567240267
605.094446225
251.974743849
301.987511819
207.015970244
249.481003705
600.909320532
260.742208868
192.865971429
175.612198506
225.101736272
196.22946195
189.481840469
421.930331065
190.221471565
229.972809974
251.559254621
67.7287724372
149.332253367
331.929884756
259.30952085
366.929819139
49.2724737576
197.195664039
357.534906755
86.71146437
353.472552579
256.637929599
143.450433915
215.82980782
173.65247722
61.4333611073
129.431277796
79.9907643856
101.025614096
328.674790009
142.123523313
263.576382127
397.281359795
128.943131988
308.125544434
151.124835498
150.91148288
185.407762909
545.853445985
164.102503839
77.5599606943
57.2504578016
81.0971168751
391.787871497
128.353469844
280.309959087
250.022349118
174.072444971
106.82068818
217.676714148
210.567806347
343.49812252
217.07509438
185.260827475
164.972481332
48.8450494259
237.732753101
231.541396497
303.016655209
115.424834412
244.990450452
169.709222685
155.087321003
115.312930318
150.462258428
93.1232587422
85.7962445795
99.0400158422
363.175014395
115.701632772
44.1831454022
194.674236199
462.270193752
154.306195967
536.559509047
346.831261086
157.80155402
74.3883701095
406.079893573
59.4431257887
218.920154343
108.422508656
208.092747095
137.985423852
75.6554693362
458.34395669
96.9285457038
139.22364972
233.762884398
242.012641496
143.465936936
101.440376984
535.7113144
174.734690202
140.071193412
135.601890524
237.899835464
370.20674288
523.52885418
246.328296415
442.578018459
158.705965981
212.30186892
137.171396564
86.5634964995
202.170124621
178.895905607
285.587031261
289.137021738
256.344827179
179.237735794
274.220266945
77.8799648307
53.6828543107
210.993772472
156.362964888
101.278418947
246.061347259
256.911654131
182.180776727
179.087975575
29.4873135841
88.3284105707
155.609733529
266.047268425
389.311411979
146.329767098
187.795003355
205.863218411
198.634135465
315.061723117
185.665696837
176.554283676
141.171980558
206.398939449
199.299455368
117.674004164
245.838345501
496.451885801
189.985082751
202.164085127
138.638690222
105.19909294
322.734876126
232.198946568
183.743231378
293.135881648
280.763027064
258.796782162
237.56306932
118.622552277
299.434361852
274.103637374
284.437530086
498.748643266
131.994023341
90.4975369942
473.012611086
501.956204875
267.922249458
123.530703873
174.368898027
275.004251036
336.417314484
414.476368262
134.785093504
104.001365453
59.735020046
163.647710028
481.099444043
286.148002853
131.344752433
161.505506348
298.414969405
351.569565578
170.221784859
58.8065830896
79.8458350911
34.7198746637
166.025168587
273.234917973
399.238210569
168.131959237
186.157907144
216.327423926
63.7482548664
58.381699303
314.541028389
134.553041206
75.0178035073
215.014848916
248.858264929
59.2418161457
79.6562389551
418.91925185
210.505423123
346.097068012
22.230414837
361.684673353
91.8958699512
118.52036233
81.7111383057
316.186765416
100.071391072
139.178068147
323.999005786
546.987030472
203.159060932
309.550745133
433.809801747
98.8177417489
157.223891216
170.933851296
198.937180562
175.130590457
150.780274281
537.736086113
171.690939463
534.403541691
38.6205432539
142.358367488
417.218651982
407.280145297
190.357111308
212.350155816
57.3392952306
108.731332834
89.6259697732
77.5542650402
103.9319834
243.220921201
166.813112257
109.75252279
140.747474926
212.664830617
98.5985288405
132.794542585
150.253117121
146.906329272
368.098320733
257.674557726
170.12617534
154.205441446
235.863745049
165.300070503
243.177795099
165.814120136
186.833991567
141.399249715
150.278144819
46.6399972716
165.483080733
97.7351679666
41.3600749962
209.168649354
97.1335274673
121.195700095
124.458700947
951.801957822
47.4919857804
265.092141898
243.406931954
128.90817352
118.626961976
82.7978102221
138.985976837
141.454266928
267.545478079
248.277042511
375.332225041
237.006487205
181.09801791
216.661156571
161.11489977
133.726571829
162.973739126
172.562721367
490.607888153
73.9934787511
35.8756975716
297.424686665
237.540623347
145.555514874
176.061760624
296.434364858
314.95120529
164.485588013
34.015416676
93.3355695821
215.753178013
257.17118188
28.8450937314
355.176671946
230.004405322
127.871049222
375.831167472
473.40690268
406.903711358
213.826360846
240.246824772
82.2962190626
340.246245661
314.905129303
228.560841454
81.7515243677
167.446092325
116.568297961
82.2571998431
121.283412604
404.35713967
249.401579636
160.284203887
263.136801726
170.81901631
249.993046043
229.753350956
569.185660748
179.209848571
121.25534834
149.008741797
240.398306833
260.854952273
470.396379695
167.398685592
663.589859463
156.054644023
145.000507562
53.4255825241
114.451438091
251.213917873
69.6209030621
215.23327903
196.072167913
87.3877784467
199.37928626
337.39887983
345.689724267
409.911698892
192.301759499
123.206767901
222.963830759
126.228413792
604.979587932
193.08326855
157.520768212
65.5228059904
537.355954145
97.1031955422
224.663872452
440.206011189
56.8156205
328.525702911
265.738643742
106.502268116
185.823404323
54.9027955246
194.327034441
83.4421358245
122.195696009
184.547681173
159.882314033
188.294692258
357.535583754
121.397595605
85.644772886
268.76581218
89.4023964557
762.544767348
146.490243154
41.2547030114
190.423445435
76.4352768282
147.549475885
42.7865906433
197.945229094
983.790501541
171.549374965
253.147261808
308.49901901
179.772621296
150.671500117
260.269321958
197.508056144
308.510264953
311.406710768
603.309617427
70.9847573557
9.77581609519
273.231887283
158.504850132
347.214386734
50.748871899
70.9074879806
139.306239306
266.176739032
180.455700575
120.307728356
77.7868692543
50.3035629079
89.2590299836
29.6634798431
99.2905659862
189.977103961
66.5090956615
468.172363423
165.812439273
101.418538739
112.788495443
395.193504484
166.232828972
280.24519876
95.9018401204
75.3291961356
558.209505914
210.257762262
358.425439511
154.561509864
94.7867966993
153.347562345
229.263128467
56.3075994927
87.3760088413
383.126270915
915.578752371
257.589862068
363.13984987
228.189941938
229.120983731
117.764592755
173.140980242
254.046189752
259.880348481
206.371621203
146.491763998
334.446740756
160.65003944
243.840875816
306.176730235
288.504733628
189.434256368
44.2128625053
215.011330794
82.9559783713
186.580782494
77.4862690245
357.542043882
69.351934013
396.773712084
234.109978684
356.778866073
311.341877041
82.1295047366
335.966617475
128.548027559
202.310798905
144.409522405
195.947053658
203.280271102
316.210524913
169.500691748
39.9090372546
186.790294062
1051.92747326
320.013869793
284.652462158
282.983364744
116.210649286
291.560022549
204.79846967
118.150686614
193.255878356
528.273993903
127.491864297
158.323648716
486.511995196
51.8685093939
472.361298498
246.710568548
354.36543705
104.616986409
101.70498312
316.351232228
292.891556134
169.559346092
198.551552547
182.263213913
17.8238885486
244.562241545
214.78264121
240.992927537
333.187563383
670.893560646
201.095499117
110.765103868
94.9810590477
80.3630676069
298.598335279
128.651084327
126.123132721
287.027529106
220.411271008
309.033581194
75.3886410241
413.033964809
59.3426056886
52.9261871312
210.14846175
251.072600707
570.843254806
31.6269171621
204.869521314
171.238158984
170.283057271
112.430894134
258.377807129
190.575847416
13.4177985937
184.825867297
189.404628606
55.9297240859
204.509449117
95.6254855702
411.393813507
270.363733992
75.5265560036
624.287738974
172.634748644
274.504408099
331.517715387
100.195932654
117.917434985
615.592777535
112.807237693
150.69571285
240.19201402
201.443846064
294.063398502
180.487765606
270.710752706
410.97247552
158.881683127
439.242257823
295.873590781
125.576651284
96.1229397197
288.637535402
125.307874364
188.191220833
211.113359827
171.281510651
190.182711538
49.3366163605
144.043644619
281.804938779
98.6018115592
249.351896845
137.172932049
272.594404806
74.7774962472
116.069450411
35.4232487548
112.593290491
210.634289448
232.120528329
222.918582136
143.652267174
128.536949005
389.600128198
112.330675275
279.952834275
469.367774013
365.599244411
333.179932824
249.382922035
103.441638455
269.740770122
153.681726584
527.03598671
207.78387547
158.693522706
221.605656793
133.66252292
160.535195332
208.92094339
136.767873222
154.255527091
471.508374808
500.982272618
226.192928977
204.776503217
166.100727024
126.116570981
139.779550745
427.744659937
58.643348258
183.898846325
76.4033408712
213.686841974
324.845207369
266.239962425
65.3426820381
71.5955055318
246.269211214
146.807736771
238.306590444
247.748052647
187.953499208
254.662814762
395.049521432
219.312840561
380.362353046
327.416966183
149.893080812
18.7839093772
76.6159863582
531.74206991
306.489619254
44.4788587436
132.880577479
78.1627672449
135.135308067
267.066635589
160.169967799
133.558512502
152.277055517
258.784859208
28.0416435978
71.651875191
230.790446197
115.531553727
184.317719408
540.09491331
173.549309806
196.789596852
291.53145498
277.271723443
170.968209006
172.978798446
101.105279169
191.980432819
531.671793321
333.815612095
153.391959999
226.973093524
102.639991448
168.357262163
91.6251131497
161.553374001
234.648927907
160.403150484
138.042229831
519.224902185
73.6042100374
233.98254168
96.0921177512
38.7157392033
498.450712727
164.743613305
106.57446826
126.830320309
129.855511913
94.0319843022
640.224992058
23.5414713887
94.8062863669
76.2998956289
288.27965612
216.371337561
155.618096807
322.048575868
101.992118556
240.261704532
130.98319238
199.644735245
173.829103129
124.319030516
63.3793608486
279.768435382
284.654529652
153.415799695
107.402267069
217.516174014
112.503216376
73.7265325039
294.615326019
223.340614364
282.448093998
68.2962294155
90.0352283649
288.618782282
67.5277818823
41.6266559808
149.089372694
270.215861204
256.01278655
160.326515861
183.40328629
141.330259582
225.989485098
215.580113068
252.146349119
149.550354018
203.023874226
218.746227747
108.162767069
89.1996659692
182.54932118
75.4622047215
178.38996912
110.430366092
103.179293806
81.0129935476
175.991164357
205.223879109
55.0169504264
127.992705893
118.828785737
10.7968971192
495.767521705
313.342814601
86.5830455194
119.452868054
128.496584188
348.78576413
705.693226219
287.359252848
327.153902995
119.554767665
528.478327537
94.8453378316
131.728109088
322.09468754
204.187206199
98.2329952618
321.728383553
203.098256119
74.3078839739
201.393498039
35.4435470251
162.474924383
269.554462183
248.999685223
172.670173062
168.336709932
163.480960211
408.534163208
155.950424182
213.584687779
221.239363497
240.900492967
142.109214482
306.47767439
621.156683033
215.965206149
311.939749514
191.283686473
176.280369446
222.623896691
36.3632291957
60.8060264672
191.171329147
411.337120498
203.04180447
254.335911831
266.918199104
293.070411108
139.682502846
272.21536009
150.475368947
237.203222385
103.506913189
380.709582927
148.769270087
45.2141434595
186.318747653
398.260477257
49.385012795
262.188291661
545.155131266
285.023042661
411.720224589
22.6873080833
298.635991288
148.068911615
222.555835083
127.613559523
310.719189643
309.468996045
166.546159463
161.534219164
197.579500526
173.810646915
89.0276597049
88.9441981662
321.500890763
281.669672538
230.445820405
305.490541965
146.864558349
109.880532689
220.81434239
185.08306778
325.556809077
185.195919612
417.557300985
199.980353118
103.7823621
107.052749104
221.466923617
238.600813697
57.3219841088
85.1747271096
125.808652498
232.218733611
436.016269605
91.3620729581
158.363557069
482.211123635
288.969546909
234.706716259
164.056926369
43.4519592905
154.739437261
293.402275605
171.033459127
119.062923513
295.630381423
405.755003116
111.070499907
92.0099049515
356.999798074
599.569630149
440.175245417
454.949066186
122.789978784
168.655706495
302.93167765
369.822573464
390.740709529
193.040892119
518.718363879
155.542276191
120.419655077
198.337609798
182.90572583
59.9623993323
149.923405436
176.435128336
426.169144102
172.61880325
415.891339138
157.883823029
212.411428669
90.6630678666
258.574285628
157.608315636
472.299823152
392.244813633
106.124933666
283.77080073
269.765151703
194.423609271
204.15060693
169.213577053
75.0806306515
120.261864973
256.924290362
189.633326179
170.396745195
156.959984462
43.4751513982
189.335151799
282.826178378
27.9046166723
345.13374283
327.804722542
146.547778901
118.045606237
47.9419759342
344.600988247
31.8499934538
426.969065995
165.957935865
302.249301512
166.056630367
249.629630253
296.341590626
48.1216712797
177.587248861
105.045325132
219.05012041
171.973805373
635.192973599
486.389135585
237.72024588
132.615218851
256.165617945
501.114266497
102.28073853
269.459042373
228.263928537
237.631703972
115.546808864
136.016416815
304.029805984
72.6290691038
337.551730363
152.412635371
103.811410078
356.69220434
224.042310838
274.618848967
269.267743841
121.909325888
152.032099081
405.173451066
185.94164153
387.740435709
156.212784166
112.392914196
261.351267363
92.3660629762
277.665977809
231.546448791
193.39046985
164.978496949
356.516977699
150.554491998
89.8721067298
125.791351514
231.099891601
234.436486509
115.932927679
224.781350407
357.05600769
119.197242379
405.404942248
398.103690181
287.883542739
288.561192418
151.473114443
175.8427441
271.086651477
291.574992353
328.550694247
223.258632189
164.132264167
144.281560089
106.388516618
283.69258939
205.722247702
401.88544096
190.250491889
189.512129104
468.51918613
227.443493524
80.3495371041
297.309622714
182.600139289
166.939397352
348.925922928
130.229147209
212.640224388
264.839946201
150.7834109
364.022042452
254.329943779
244.151431075
101.037126715
172.565986449
42.4459327087
72.9943038515
145.130335752
386.556657357
57.6722333448
598.780214619
319.92584003
167.45037901
207.31424061
80.8351727428
109.0658657
163.813374263
174.316189076
180.32378682
69.1150870262
450.234827786
174.681943965
107.364122973
114.431259687
185.147954812
380.741708089
182.76411528
303.629813976
376.79494401
27.7743020647
147.709030287
306.466801811
455.379627974
169.96600792
281.776929674
184.058696581
194.426112615
266.89624103
275.582692224
180.883610135
244.767075151
150.931034411
65.0807710897
72.2852288029
290.218245387
54.811673599
192.533639536
335.949209888
369.501120851
238.135843133
54.9038835566
277.93542759
312.645622445
190.016923011
45.781476956
72.3785377394
151.622422667
116.05081633
340.426552671
161.406685451
152.758860241
426.333532099
128.864494398
145.163155854
128.898766466
202.302802879
92.314863928
84.4456477877
138.632797015
219.234712224
178.481828281
220.110467814
124.021235801
138.956817967
91.0010590579
93.4161936594
393.029957661
309.060153281
65.6961703814
152.667824831
66.4672508923
385.991262583
91.5387521776
139.658331116
130.02058491
173.99852673
143.433548894
320.460458515
210.175370717
187.299777478
278.940721258
300.76460238
339.065668644
86.8245788348
273.731922384
365.435247014
531.727253342
431.353146011
149.015549092
119.5514656
320.470986682
245.100744398
143.077805316
218.79503126
244.171282113
463.080607757
82.9325068602
270.225105497
196.210489118
211.323381147
81.0610027811
29.6818648731
289.012503094
306.123000127
368.729941886
156.327279573
165.050249081
198.696260409
214.633222003
273.38387245
242.187543735
141.90385125
276.520341854
69.0276065073
147.785530732
257.175629466
325.081977657
272.892049939
181.150492558
79.3751202421
80.0333243521
161.276751718
580.246572142
184.038235961
338.544011143
125.123446988
342.860979255
290.147914488
213.101072161
117.583420096
716.56539378
41.2701494601
95.0849181748
139.191714278
246.859646246
256.617089631
89.0601597705
164.753162042
168.230858725
206.806520996
217.68178359
93.0042918376
205.208031104
374.611317164
536.845404052
270.294528429
109.119173639
342.142676865
149.073708466
163.288988996
223.138887826
293.516009279
402.838616447
219.975914302
335.064856001
79.6927847217
104.024747623
87.2262338534
981.433176153
136.604060626
143.871047624
199.692613513
117.931951864
311.779348325
56.631617194
320.904086568
135.923383534
192.380502099
257.900837275
170.245058458
359.666849582
137.671292801
160.201742149
161.962543188
389.377876041
851.63689779
390.107155833
386.663786557
274.710036124
276.979906189
115.716011771
243.911376215
234.954598555
81.9010177308
239.81139608
70.8406691213
76.5068403558
160.101554231
234.814348031
171.719200753
143.684885785
131.997216714
78.2874964013
148.684354859
158.102202485
247.243909361
257.753960365
150.170853504
286.844194987
110.602381406
117.508078935
70.734130827
256.827340779
756.97443325
125.893670404
276.345437842
183.655657412
332.872017595
217.43009755
136.636383558
296.717888909
139.026118399
315.270143726
166.302507806
253.085707577
267.104124716
110.813455762
117.620504425
415.807969095
366.972782602
149.14987061
227.953872271
234.711752724
289.698654909
83.8963220053
171.68426166
63.7835355902
42.7325835273
72.6038427394
106.302963483
85.9228845436
157.751444201
145.175813418
256.506567585
117.219404357
106.956257653
147.021115758
368.589515873
811.986739691
209.674937442
317.399559762
279.315321392
115.98629294
292.043440504
316.136668218
152.090833014
327.160698276
126.306332637
146.723897418
100.663945631
160.394075677
278.03708814
135.405536275
130.821834916
161.121999341
132.815260342
226.672092761
373.040787015
80.0986466952
107.949975267
625.983165841
161.852040802
297.256777057
206.545265708
210.799374063
301.484042837
209.308549669
234.860029402
275.174719228
169.02278085
219.842375614
71.2941676589
290.079175484
286.971100102
191.584231063
481.000624655
391.231179546
119.376401815
240.475575804
72.9752405206
115.822766681
258.953544104
370.183084548
156.878999152
265.209026428
31.6497524119
164.923542946
122.384422594
290.649625147
520.686735327
134.266980685
198.047946554
154.351773745
97.2169703524
407.898890341
409.391899992
429.755467821
186.476195065
125.338542926
210.539872072
347.949618247
115.498921262
122.827543612
250.549674882
68.6260358737
308.07476521
127.208401206
402.731894426
47.5583737876
38.5170361684
101.760369377
284.836552494
263.500729693
86.0187290256
151.60416232
144.055928525
82.7214174766
158.06995423
415.59082884
243.827548511
314.284196146
123.400924906
201.998616971
72.353979381
177.488183028
268.204872957
117.144088718
62.9616260537
314.342768634
159.384054093
194.899706048
456.423417636
88.8383583825
363.741060737
182.92342087
345.067397146
331.992433458
362.523526852
83.7870058218
152.084171728
435.74326438
36.1333491458
285.708588126
172.671922124
343.279064547
356.067398005
145.427640032
271.542224603
141.344562456
172.337172024
67.4851218332
168.177248293
214.287765085
198.335639008
175.221826387
597.119785424
73.8379332294
238.373075034
174.382095888
185.913462972
328.963932085
201.404590669
316.649030867
102.86973718
276.033864494
158.263676986
163.400563287
209.543584396
488.371747075
246.48194981
330.427848003
193.944268513
384.593697485
73.069155535
137.059181585
126.41811828
595.764345804
1008.46011642
842.456093046
131.169727742
475.192601051
135.616524656
413.468415989
132.080425555
218.708491771
120.817683905
240.252761059
317.491943687
55.0890098426
187.292695731
276.157975422
88.7548336331
93.8682818369
197.083735481
566.241986535
145.053843125
325.901781273
218.086011561
442.954690361
94.9606555296
74.2314355954
85.2368421418
162.307290919
376.638191962
131.02686455
252.234004818
199.499075394
152.376924888
395.260110434
71.1217237987
70.4241705874
538.138434442
132.522537651
115.004741124
42.5548706547
269.41536438
104.547121341
379.220960154
144.639885386
122.678788019
150.35909195
129.702040755
118.264059816
337.690728205
367.417141925
111.033842397
169.334542218
226.312621636
362.938908241
219.210153943
97.1391877426
117.712748646
189.745196441
142.92028439
426.707136347
85.1559706115
66.7635567057
62.37649238
113.421398635
198.355245426
210.679457162
374.72705321
173.28959483
108.243691292
205.088118599
164.171893369
89.4493410642
277.604270863
239.542135065
143.248419351
146.606546061
12.1167521857
196.276499411
366.072045613
237.425687331
135.459565415
29.9697150792
233.131136454
185.009471324
203.246342029
274.602194706
304.343498522
144.469128711
213.235860115
233.628692834
86.4764976701
162.840273313
121.383190545
113.674038534
258.342400967
98.0940906402
27.0279523284
385.353692912
212.516442421
142.837775932
275.334696006
412.35469236
346.697373854
235.471566236
98.1835434797
765.098354082
183.555713914
327.656621167
164.92121812
264.32042542
385.309270262
291.767369951
291.662034246
35.844146533
281.530064658
235.166281241
144.136511684
155.973387112
130.127360951
389.217837324
91.1256393913
169.668024136
247.144734923
230.461697015
192.551574371
105.314171376
117.289406202
481.913864672
105.948263543
135.27710733
190.341462347
246.839346624
263.19220103
294.320304322
291.335717416
190.873822527
179.228786413
199.6813345
77.3794750598
243.385191818
140.072442207
209.59395386
192.000954628
238.324382929
210.407672402
160.731768768
393.370605718
214.521472321
138.037308646
161.952720609
72.2420869854
271.38986159
33.2648784912
651.500014589
91.4123443788
202.452288644
176.421635947
324.43137901
85.9907189751
159.558408895
520.698234933
246.603367453
339.119144808
137.785577664
101.937000096
403.703355212
58.3867190026
113.602586143
227.045712178
178.186782712
262.527015889
152.637013454
607.582745385
200.692684602
161.876641772
356.798259046
231.500795586
104.753552631
834.386599373
375.268910244
325.978879598
22.1389126114
221.675135257
260.042785608
313.849993293
214.836511841
220.367083346
246.602165974
313.191081252
337.576377579
373.239053786
317.166953789
59.9521043683
330.439736096
232.240795411
294.296310718
326.650086933
346.220437694
346.483366447
305.122051701
504.243059648
151.038869213
203.841739028
256.438074076
171.222947481
285.947155776
172.556958885
397.376066832
247.568458297
190.129122617
82.5564240236
160.70632689
455.763475872
132.917589601
203.929410066
42.0165398892
59.1053485356
212.982071553
200.97302506
132.261553418
236.501194149
117.672991394
395.935977437
376.278734279
45.4181045699
115.248737603
588.355601281
246.846466588
171.23981565
492.313868531
99.4187206991
162.256624386
485.131140494
113.318985521
326.700925876
388.754868643
620.01105787
150.820113823
274.135389547
259.183040312
69.3619218529
113.788502493
112.656802013
224.038650214
476.339135164
139.08406293
224.261846411
408.411545325
171.90083128
242.703489666
163.891189825
268.968071048
283.71235145
41.9819484962
50.0579073751
16.4638984148
301.063736275
149.099119914
274.368727736
260.708396728
56.8138284742
238.857132583
81.5167455802
177.923228253
172.523459516
286.713202662
696.391275625
202.468018723
279.174309843
112.00654188
297.364568368
26.427764308
271.410744217
99.6236737102
185.158305958
206.579783082
278.804608327
85.0917966994
67.0425225626
346.250952327
45.9748713499
181.9448323
136.069133575
184.629736375
416.203737776
112.927074753
96.9096895503
427.415680077
244.4253471
102.372691056
224.569268034
267.939639536
137.71251142
296.627131885
168.155829705
329.647258443
123.003933824
216.701810306
506.821254151
196.485985751
111.572452451
194.5042619
180.928195135
131.405761562
159.000293289
544.220943671
127.322930078
407.496315288
259.25755023
485.134417904
297.717573564
212.673433495
284.992782999
123.431822245
166.990961912
215.808515751
132.995872857
200.598315142
255.459609176
157.744246075
195.758858244
305.135964338
172.548557907
110.464897483
96.9731308083
114.373542758
182.951966866
133.372401173
207.229358393
157.599386682
376.424584465
217.972939397
161.940307071
198.078237173
348.67108594
209.67728234
240.13445356
61.0593515722
175.467166382
166.084833159
225.046977512
205.677227324
55.5271845149
347.954211326
177.067400111
512.825277128
126.572797327
461.943724949
67.3101340081
218.435961848
160.114442001
86.1399225779
473.239096065
106.612202772
32.0518733737
401.880444698
290.876866466
145.186116611
196.732675953
263.099089214
142.549284512
151.360450403
203.132685721
178.75469911
279.571220665
117.184212753
111.928444805
100.636940863
196.716468678
171.035833463
284.364117307
205.879258213
99.0768443686
309.518146135
356.038350134
104.599459303
238.307132607
273.505263431
92.7028548945
185.188710909
143.410614001
474.023793658
93.9927895323
270.889495076
208.751515385
269.502350409
65.0626879283
200.579532077
258.882198371
103.326614321
171.196080079
221.937019371
188.086147652
233.816236626
91.111576345
232.869520405
199.000073197
255.507549769
102.867372925
168.765820794
176.766483434
105.292118842
223.177149854
153.900766266
319.574202294
186.040533521
279.172611235
340.327550432
123.95163761
112.336920999
302.293893164
198.926854773
179.231880437
279.237701397
145.235977169
426.931859022
138.53313636
183.257560318
91.738331525
476.371155799
192.84995464
109.517462164
173.131065153
354.047292141
88.8579615037
122.962766812
204.779260928
329.149611612
130.290098345
332.553365028
157.174913067
125.227114481
330.34113886
125.304742492
234.002249547
68.1902394722
134.704726878
43.2244532987
90.7927399007
127.709229266
92.9827526846
215.633408371
52.375670002
53.8642043493
370.378883964
148.100803968
261.579634866
449.377199385
147.733050802
116.516069886
41.4359288193
77.2648490234
161.923531175
270.057693587
465.633819433
104.634157984
176.170583113
62.2422439478
132.228440166
237.441194004
641.483216165
147.942812888
83.002852517
288.780699144
130.433061743
41.7060994578
161.424275523
220.817438774
272.743100606
240.633073303
196.812251828
105.923620663
117.201452618
268.752563535
35.8506855438
177.329211558
112.248863393
214.280033962
458.714657374
101.248443302
83.0851598739
642.826868813
321.435796338
174.726565971
108.356502149
146.015478069
304.184686503
200.946806065
272.054365117
79.140221186
456.633703526
330.075019544
70.3130268177
58.4661121682
611.019386029
331.510017402
89.5867420191
212.203192165
157.526733246
191.957771901
140.087681834
55.0440590209
153.96322639
91.0152514684
221.76758768
170.363092094
112.857266904
214.674416017
211.186648516
157.612450626
355.794878395
160.139522372
170.030240842
57.9318054488
206.612559861
343.068309311
88.026352579
78.021162037
203.036722519
135.659063145
231.869087704
43.350413946
450.823696758
100.002047468
333.321602807
338.289167241
77.0958017238
439.117315658
129.515330512
110.692187093
237.179956016
142.486771759
147.936585767
204.913720335
372.612004193
50.3726422648
97.9648126688
434.651870672
20.1351189884
660.227976687
531.183093144
202.308002509
177.819839212
89.1330960013
413.137517462
121.75561297
139.495986803
59.5782074496
275.087938145
182.254206539
556.651511594
176.592349886
115.283459068
150.542805246
275.509638954
130.955906067
197.005993438
196.063595636
384.400835599
162.483057737
131.187420333
158.624251893
238.843690623
68.9929290076
375.624737095
210.698802716
257.303971863
143.638006442
173.130931791
241.612395886
156.218238254
160.199189456
47.104808137
215.70300955
115.231124275
86.9779252832
322.179659793
117.752133937
128.225236254
258.129583816
294.387597127
160.849356802
103.073071313
603.72726824
146.310670315
142.981624599
210.531953384
159.476621812
253.326644186
172.009310377
209.209659075
198.21799604
124.126852376
85.6736068547
269.163524975
189.286014099
229.678622623
406.854660079
192.039556561
146.853477272
226.547421998
109.535055643
192.76111112
172.244318918
220.997981732
64.4332620317
22.1736111187
313.470940254
95.6126036805
416.96065194
85.3287025067
114.503288137
83.6715240924
132.478839078
223.998747175
288.707046532
201.473670764
170.952193764
93.5061294665
65.0281281232
138.267286511
184.953161327
98.4508656503
280.303642799
324.853450376
83.1653792017
452.246123671
44.2664187169
211.006046186
200.387069785
177.726125975
293.34223682
387.767176891
146.573315989
107.250118823
153.291127008
172.541992248
240.321102226
151.102760252
136.25933107
220.679614477
115.283597423
228.921476714
328.684764093
5.07506523477
540.34268546
295.907401338
111.638583645
436.489372104
185.166213428
227.304738525
200.979725114
125.118707461
320.391690242
186.920610221
61.6171276032
203.690941509
247.822539151
166.062842741
152.296813554
215.41878671
256.349253664
36.931714567
181.170148055
315.630709372
403.45437018
391.726692853
171.357613261
333.117913508
315.886648119
47.7679308699
106.968359695
306.870256341
206.867167182
148.920256725
148.400385659
352.284829096
49.3636418476
339.831238011
236.141892326
242.645799554
208.358519531
239.746577997
273.249666017
113.983432326
460.72487664
69.916367399
64.854373481
102.466402127
250.064658325
25.8944618478
62.8238919599
38.6928533815
96.780955691
300.09297701
158.307104975
421.150653928
138.99438511
250.432514435
242.724900353
565.177670841
178.41551569
59.6090684141
179.282239492
138.419229322
253.510909701
124.386439706
112.6440271
247.430633772
90.6943336289
288.961427953
150.894588058
178.918712904
499.658155532
151.709041039
197.688281186
214.474344398
133.985853456
352.311746957
420.227550391
137.293384598
232.822498237
69.9061894784
162.10580785
117.216298304
220.271877773
174.7456609
118.896973123
422.644074043
261.919598109
162.770654884
185.872964874
225.048697028
171.481616722
115.891351051
288.516735325
259.421022516
238.481650077
433.579583365
411.038625581
210.546505832
721.114145374
309.30504024
306.353983222
308.427786397
254.5929412
363.847102925
129.787245981
173.228315829
169.308596569
259.321688323
201.87222079
34.9862896102
144.338262317
297.551855184
319.202657626
243.769995962
326.743384734
110.119949248
10.4061855022
325.856749179
211.345739537
166.674557727
220.869751773
357.65044553
25.4857707417
106.585766179
176.987184859
85.0347907726
172.273050203
324.331886741
392.927631866
148.680425746
124.484113118
71.7015081621
109.269314337
424.234600127
152.638873293
104.88676792
180.655287981
137.835059972
246.176656789
328.355452141
121.390347334
235.427142656
159.570876765
143.302014664
178.150279617
152.614444493
187.379839422
220.062720082
273.034750158
369.335671093
119.199708747
159.013050728
101.686837221
178.414606281
303.281497551
168.340479613
186.914331037
259.166110121
433.922583139
279.534910917
150.583423568
128.793871774
28.6362915033
256.435295084
67.7269512853
232.184985793
260.93400026
276.733818927
66.4596541458
174.738644409
119.478000214
384.274006293
207.971635975
562.401803949
135.193778859
152.101542324
168.348418247
147.929176774
97.1798727225
199.337384918
169.828090078
297.892023532
202.421658266
88.2042139698
324.414159388
65.8213307515
39.1205068649
489.778906728
208.269959836
475.112653099
271.329979737
451.691894941
153.453912019
434.001831884
115.922553733
135.280901378
257.464039433
86.2208874386
107.747508757
197.774448044
96.8237740822
322.392492275
117.243799406
139.897967021
488.563310584
297.873448285
182.813926847
311.149481979
351.665390833
48.3152489439
185.518693252
124.956042986
351.578276226
398.379459784
157.774459882
292.836109677
195.626648496
234.688128388
173.009341433
235.466352543
291.698704428
112.633539827
268.257798513
117.3065937
260.19843283
81.6519778978
385.703236364
39.598154711
588.147584079
293.967985881
207.737157307
347.886952756
29.5378892352
146.848533758
196.829826976
83.5484563756
167.16030711
148.240917502
174.175002631
392.724541769
110.884894389
176.024442063
158.179472825
621.311424098
244.056459628
678.47114246
175.640387805
352.10106808
223.076953392
223.29093339
394.230809841
146.264048664
162.414709797
335.004396072
69.0288845221
45.1271796039
318.663382006
476.795354432
102.34939017
254.288420939
216.867506633
134.19399227
128.539057245
225.773849218
217.73474897
203.052032503
172.637846623
481.641915346
220.14952611
152.724889773
271.307297484
512.556726175
115.233489024
111.983813599
250.435683869
194.596514162
129.864818202
174.794923668
289.140856934
153.555957301
726.221293629
42.8102729728
191.802572034
260.626145384
302.241070222
130.825645652
258.443270088
124.969343701
144.229132575
421.705040652
145.009988703
138.466925119
258.362226035
266.622327444
415.025276129
292.983137196
372.76564714
304.127687839
142.39841513
271.290475035
161.533862819
179.103554498
197.912683835
69.4101645914
155.209448207
285.949053983
149.85020897
205.671344555
58.8524974539
145.437013043
421.143389055
146.719492884
75.5802041639
221.125064977
248.740392258
276.041104944
112.75949897
145.83107789
115.996114484
140.029045916
574.555018022
94.6023877518
231.980128021
287.149214787
112.508804363
279.358585648
81.328876939
507.430861355
128.875180877
270.171633571
96.2521901126
113.083431581
134.342973066
278.565766525
