m3a	m2a	angles_b_a	angles_j1_a	angles_j2_a	m3b	m2b	angles_b_b	angles_j1_b	angles_j2_b	mT_b	eT_missing
364.800335	76.974868	2.346243	1.035231	1.506597	158.597633	73.198031	2.065540	1.231443	1.118951	15947.405377	151.502023
260.637969	94.234705	1.726512	2.639589	2.745892	156.131914	65.367280	0.010910	1.187639	1.922689	1.419358	248.538885
715.778063	504.085212	1.179694	2.997099	1.887573	584.516655	187.804114	0.902154	1.553211	2.044591	69619.262732	269.189806
674.155688	264.532541	1.709292	2.208890	0.485623	70.178023	40.562213	0.828282	1.164433	1.248077	7493.175588	149.884256
270.237192	121.265804	2.243762	2.450222	1.951718	158.211359	66.995763	1.384745	0.966780	0.332530	28212.728317	199.091780
695.381140	194.110785	0.750152	2.746772	3.131348	240.573038	136.511561	1.190391	0.589327	1.967258	154735.035696	475.912567
188.028026	105.732592	2.598646	2.033722	3.079179	180.656717	89.925292	0.924700	1.820791	0.677119	15115.124299	202.610653
826.021049	246.027650	0.032784	2.952783	1.932234	186.603794	86.589699	2.799717	2.685513	1.911567	520298.912499	458.870690
235.208933	125.355869	2.929026	2.410512	1.254614	148.454016	53.673711	0.408349	0.872479	1.670762	4457.525320	380.095345
126.461331	89.844885	1.793685	1.069012	2.029399	128.880246	57.305533	2.698074	3.038002	2.716758	27832.213746	192.982114
651.901124	509.193522	2.355650	0.633899	0.645113	153.537464	106.930409	2.902958	2.334729	2.756542	61108.891073	154.042129
1223.133486	1176.480260	1.247909	2.888809	2.900785	215.040608	137.160300	0.616894	1.868218	0.905563	14083.107465	308.396621
297.003957	169.522100	2.242092	2.766922	1.889218	138.892529	98.998128	0.171665	0.933382	1.002888	320.371969	168.082511
745.305783	430.297742	0.817382	2.897979	2.441867	271.501565	179.484946	0.094561	0.715768	2.247224	271.686894	195.272954
435.156506	203.584542	0.636565	2.951373	2.856237	165.643857	61.111812	0.162485	0.087836	0.609720	1107.791219	322.896017
535.612381	422.507006	0.379406	2.407294	2.778553	281.571740	179.155842	1.520552	0.015104	1.777671	81565.398188	375.332225
706.687124	319.975550	0.627514	2.326319	2.871332	422.591331	129.675910	0.418707	1.543094	0.221998	7629.918740	215.753178
337.932068	140.822369	2.822882	1.607516	2.309288	193.750818	107.673473	1.084154	2.691578	1.094443	45225.501121	257.171182
387.432989	258.140571	1.725846	3.045830	3.035180	255.135356	113.751219	0.664135	0.112153	0.073953	31949.933019	473.406903
590.949753	208.603908	0.883742	1.882710	2.603041	860.250809	145.967035	0.188139	1.759805	2.023715	3515.097430	249.993046
156.749362	74.373546	2.413099	3.089943	2.763767	196.793565	77.963196	0.085054	2.553219	1.632418	157.773619	188.294692
391.274912	315.101391	0.567182	1.711549	1.918896	248.863134	130.461569	3.116226	0.996122	1.283206	29119.813861	116.210649
235.518950	77.390256	0.599363	1.687387	2.015879	233.385391	110.322568	2.485184	1.094505	2.307398	140889.952961	158.323649
144.606626	42.511896	1.367600	2.025337	1.865429	233.736430	97.005065	1.695573	2.058867	1.460086	31194.315098	115.887892
473.810812	174.785306	2.054806	2.236540	2.816783	274.668316	65.086434	1.208331	0.568458	1.272072	44424.273707	316.142212
219.270877	166.691588	2.524358	1.344957	2.469360	163.188522	80.947182	0.960057	2.428937	2.969090	14929.198047	358.173586
402.861298	137.466666	2.079932	2.113786	2.840104	150.858076	28.382590	2.346988	1.900586	1.449652	114177.996120	424.910108
620.960884	443.597226	2.144051	0.757468	1.399245	459.761799	208.432611	1.619816	2.835251	1.353319	66880.004063	114.042004
174.047812	133.451097	2.754718	2.352311	1.679969	175.348627	60.906352	0.074917	1.195308	1.383850	48.197599	151.214906
223.126948	67.047428	2.933635	2.207595	2.834354	430.563730	52.029236	0.308541	2.229208	1.620404	9442.981087	483.083469
454.726257	402.998772	1.760325	1.214394	0.556167	533.421855	195.895215	0.894920	2.094419	2.803625	14636.532800	163.874625
136.639470	50.109693	2.636433	0.570150	1.417386	184.631380	96.490373	1.640914	2.496523	1.707967	63954.198732	245.705297
160.264113	97.183485	1.020737	2.113680	3.115952	282.854869	223.724398	1.095450	1.897100	2.330439	7985.744730	229.217659
216.522988	176.520332	2.117582	2.526452	2.472847	143.165402	115.736380	0.122985	0.338793	1.666440	129.490916	208.293433
625.157214	439.395858	1.562033	2.453442	2.962853	311.336735	89.062934	0.616853	2.328212	2.292273	24073.623851	408.285519
249.645843	125.284560	2.860165	1.227633	1.631049	162.812333	74.144449	2.177915	1.129597	0.107679	99248.992498	350.179265
310.387858	154.275631	1.229655	1.722037	2.734593	188.674269	35.735732	2.430308	0.947003	1.622603	34295.180384	190.502265
335.118745	251.290711	0.199911	1.330499	1.765059	240.588408	118.997040	3.003881	1.371203	1.576887	31987.040931	163.390004
290.023721	251.623509	2.724393	1.852920	0.814302	236.711328	126.994029	1.479351	0.943397	0.943636	16440.200563	151.517852
342.073882	264.734583	2.144096	2.263183	2.668144	240.245393	79.492425	0.779043	0.138331	2.757724	27554.433985	190.023026
290.145773	145.588884	0.911658	2.805373	3.091106	161.287170	65.888391	1.169780	0.178700	0.963002	31723.495989	338.420833
172.268496	100.902391	0.754567	0.269069	0.409749	358.805042	294.700365	1.262725	2.932825	2.397382	11575.173709	255.132175
537.633862	127.343394	1.254624	2.631150	2.751443	432.184452	281.787180	0.781959	1.062491	1.147913	48344.808604	539.606871
263.935768	94.522486	2.653717	2.800350	2.012023	251.458371	65.101943	1.252043	0.773367	0.309562	66473.404282	473.875858
419.141123	288.082751	2.454559	2.648280	1.497725	610.129298	491.782796	2.565718	0.363247	0.330389	53973.580209	271.166431
692.801925	157.375823	0.170591	2.771538	2.332610	400.466419	250.074238	1.060251	0.252039	0.770283	39584.848880	230.243963
170.317659	104.609185	2.046314	2.941700	3.057641	335.727847	99.592616	0.562355	2.059673	2.251845	13184.385686	219.133290
422.316735	101.588055	2.865310	1.377887	2.394166	427.778142	280.070785	0.468685	2.190066	0.532396	5148.491331	117.432357
412.402752	310.801530	1.297272	1.338509	0.610146	479.297911	84.836340	3.027379	1.214486	0.692913	256750.307601	230.331380
339.911843	180.501281	2.333308	2.065408	3.025763	238.336813	147.708260	0.881991	1.269924	1.114108	17591.390525	175.043552
285.985872	135.983153	0.326367	2.555163	2.052389	207.099715	133.761093	1.697421	0.885826	0.912612	24536.194796	223.972025
469.670155	406.051425	1.715747	2.428731	2.629596	213.041541	103.685987	2.334003	0.842770	1.193345	45348.745964	343.848924
860.477394	512.413343	0.114639	2.764199	2.683953	345.343157	90.436610	0.848453	1.975580	2.498336	87146.134328	785.339770
171.204259	139.268921	2.908680	1.917248	2.864233	153.961984	77.967280	2.499287	0.202911	0.300833	23348.131147	124.848476
640.851026	219.310112	1.631988	1.168036	1.799424	195.004214	82.719541	1.911279	2.911891	2.498399	30997.573534	260.224784
234.659325	147.430781	2.680207	3.092003	2.311029	332.286609	50.553711	1.453601	0.256860	0.235019	43686.773406	498.790267
566.978891	284.407033	0.916862	2.570128	1.793974	1126.013676	160.356566	0.386407	1.419681	1.701997	11473.701425	407.301339
232.284366	138.690298	2.023310	2.729651	2.430430	327.758760	138.273324	2.906338	0.548712	0.409308	89192.710953	286.816203
490.323282	410.483689	0.636728	2.704913	2.497557	356.627622	63.347685	2.355428	0.702002	0.350696	51862.220864	101.169110
560.756680	343.911636	0.277207	2.556148	2.729913	418.183904	194.327366	1.920973	0.451557	1.940017	101963.796436	335.277978
138.713297	108.812660	1.845425	1.919909	0.865559	326.242119	67.710571	2.380925	1.066524	0.948054	42568.424227	167.103950
257.180863	114.707805	3.132230	2.933649	3.024763	279.929038	144.397993	1.309527	0.594722	1.231058	10673.930913	168.451276
854.260742	601.259629	0.484053	3.030413	3.102772	247.240331	49.701535	0.668032	0.334291	0.884132	13224.784646	166.390474
301.166262	144.321050	2.444382	3.114749	1.750992	179.422864	58.914120	2.147247	0.457083	0.099844	40525.006229	227.528357
607.101924	549.736293	1.082901	1.331671	1.510318	443.115885	182.949687	0.122423	2.272126	1.467747	102.213518	125.689200
302.696889	184.505830	1.271778	2.234839	2.473961	170.273130	71.236203	0.068356	2.800674	1.985094	30.694445	200.501597
366.046878	335.325644	2.564043	3.116486	2.211476	265.746259	86.734801	1.490441	0.382688	0.752754	86279.620944	424.536795
184.447219	96.959081	0.785369	0.144428	0.217279	344.667186	113.732615	2.431264	3.125888	2.596377	223237.451772	231.935706
895.532817	850.116373	3.013073	2.568254	2.650684	123.280646	21.656742	0.539266	0.511693	0.914812	6199.376245	188.036689
430.043917	309.308464	1.190858	1.950420	2.811024	240.514441	188.727320	1.883996	0.779868	1.614817	41083.070895	210.290325
482.319834	384.505555	0.584424	2.011140	0.564196	244.257654	192.231952	2.021808	1.375532	1.916046	54449.862605	214.381488
231.079250	138.874759	0.925336	2.015582	3.052401	293.531654	59.529456	0.831027	2.501059	2.100411	9745.808609	169.952148
284.315852	127.494481	1.534923	2.035985	2.217682	232.721573	111.489581	1.678864	1.953943	2.801268	24482.738502	245.846893
250.688504	122.834644	1.919554	2.305791	2.088149	236.489421	40.198863	1.723306	0.055107	0.946118	73682.758147	180.226993
355.450816	130.818294	0.437404	2.036524	2.714529	306.107789	166.277487	1.526672	1.802095	2.585436	99578.107588	234.201283
392.399941	230.500691	0.890669	2.465281	2.893636	363.478066	176.247830	0.142743	1.198790	1.202507	453.931143	525.637339
192.132852	75.933834	2.912958	2.336830	1.691125	236.562876	71.693020	1.118897	2.218759	2.498543	24115.013340	409.118008
256.765239	137.949442	2.105498	2.892426	2.500366	462.234510	161.973164	0.040900	1.795291	2.713555	91.135587	236.807534
636.172906	614.049779	2.913476	3.079123	2.574024	243.645057	84.552922	2.014094	1.064418	0.232689	63438.078176	450.104615
467.241807	331.531752	3.092605	1.699932	3.005917	596.265820	293.618851	0.295982	0.159200	1.706316	1827.315646	116.410582
304.909093	156.672103	0.977637	2.774324	3.111556	463.423575	280.445454	1.914703	0.337774	0.740267	51496.078160	163.837475
704.404737	385.909375	3.129881	1.195080	2.017422	191.431503	75.035807	1.071212	1.947357	1.130707	52750.112210	265.753673
618.929970	564.249057	1.935742	1.661091	3.000380	260.768743	134.279726	0.786616	2.022044	2.047487	41239.641202	463.982933
264.389209	62.557337	2.153281	2.951695	2.913339	509.101259	101.275234	0.047484	0.899938	0.227637	60.066741	231.677471
159.567255	118.793637	0.203438	0.118013	1.491365	224.601967	151.840057	2.161244	2.665011	2.734561	47291.931432	380.916936
203.066187	109.535552	0.389898	0.388777	0.005118	200.883008	110.193180	2.634288	3.121253	2.668344	182948.265559	305.999078
485.140933	398.593672	3.118696	2.744899	1.602961	536.811475	156.282975	1.696687	0.232002	0.598752	51387.427706	236.362190
410.609586	127.892550	0.507745	3.089221	3.052428	245.636298	152.117325	0.136549	0.179804	1.009094	229.973681	120.142236
682.934800	437.129594	2.695207	2.832515	2.148423	753.398887	115.344654	0.306850	1.136483	0.615268	8535.227636	246.757204
213.843277	130.171691	2.690751	2.536051	2.007409	136.122585	99.945116	0.985178	0.232389	1.559560	9677.296219	116.986454
199.447758	76.898759	0.613581	0.876930	1.071351	564.025921	289.217584	2.514645	1.494479	2.416246	86194.356341	150.317006
256.142176	74.143458	1.634765	2.385981	3.099468	130.743691	44.742183	0.643416	0.901577	1.287639	2358.836540	140.084678
324.585439	178.705315	2.878250	1.799937	0.125375	164.235000	35.851157	0.953619	2.357476	1.730471	5877.424117	111.641350
311.528413	178.054267	2.854517	2.788738	1.906770	270.894992	113.360947	0.044410	1.032188	1.279595	68.811755	308.602149
728.389922	697.104392	2.928509	2.985940	2.102530	257.814696	135.844764	1.798411	1.095644	0.164478	49637.347530	251.425976
752.095335	450.105529	0.508746	2.754104	2.760260	944.090023	72.190128	0.025797	0.197323	0.250914	47.806541	478.077557
535.697316	149.702334	0.288167	2.789139	2.544638	590.043447	185.018535	0.050183	1.857859	1.397612	92.230055	229.036551
459.015148	331.873036	1.022471	3.024543	2.913788	286.109165	174.993122	0.776479	0.182015	2.527945	19709.582356	339.158281
463.600734	363.194619	0.245599	0.142135	0.909925	183.270559	61.438990	3.070386	2.057891	1.147916	24749.426573	109.269314
296.380969	95.220515	3.135223	2.730885	2.744676	186.495266	62.024195	0.553510	0.397398	0.285951	15964.346458	322.392492
251.877847	180.840776	2.254284	0.325807	1.004592	239.987901	140.231426	1.159381	2.730978	2.903325	11612.870937	176.024442
320.727092	279.578687	2.299239	2.552999	1.271243	188.751681	117.955230	1.114341	0.488192	0.898507	29361.569955	223.290933
658.700328	569.995957	2.323572	2.622420	2.605125	272.173045	175.747001	0.900427	0.990850	0.921528	14962.189920	243.594931
267.373982	149.727774	1.149684	2.060937	0.680745	309.408325	199.085292	2.838882	0.200593	2.166442	69137.726951	187.125756
352.170067	258.476259	1.146190	2.479757	2.330184	590.089819	227.153872	0.056792	1.330243	2.586926	155.926221	227.036018
252.533997	109.986694	0.568869	2.967213	2.260542	211.849484	80.714978	0.365182	1.646967	2.481291	1834.173832	150.416237
188.096528	86.387268	2.418383	3.079013	2.440712	280.588842	68.920653	0.697555	0.649935	1.751935	6381.984401	156.432284
660.894120	543.643250	2.412018	2.642384	2.617787	313.281571	92.642042	1.390303	0.669804	0.535698	69316.604666	353.659420
486.967027	272.141882	0.222083	2.490402	3.016749	423.519661	273.091063	0.466303	1.839741	0.489082	4719.692280	177.834857
196.049929	91.318804	2.982690	0.080725	0.819969	194.890316	51.369682	3.115078	1.404156	2.046782	134888.755926	256.082292
602.737319	476.056886	3.069246	2.063631	0.923727	129.103579	71.284426	1.182657	0.903112	0.543213	16103.648851	245.537983
216.998667	158.793260	1.836692	3.106161	3.130746	339.038098	155.257387	0.157363	0.439167	1.685667	1800.932042	450.206695
319.138846	158.870984	0.935507	3.116535	2.754468	172.402913	39.976552	0.283293	2.132876	1.535265	1196.727496	159.034535
718.031367	431.815226	1.727621	2.008549	1.724925	178.691092	75.581788	0.942051	1.589313	2.384380	13603.093565	264.400898
496.516538	371.364979	2.961342	1.050941	0.627961	170.724715	90.048454	2.226173	2.300355	2.010436	41994.096279	160.449128
572.916206	469.013028	0.334549	2.521853	2.733759	343.708430	111.004733	1.262871	0.156946	0.344128	16035.396843	117.068748
497.846498	182.838514	2.649428	0.726902	0.018976	261.747961	127.083039	1.971069	1.874166	2.351751	97989.452637	251.438605
317.953054	130.221200	0.876092	2.953806	2.735604	418.167931	95.246912	0.921668	1.487654	1.450849	25711.964653	281.851297
544.246515	466.903951	2.325305	3.077519	2.227969	506.191530	315.661620	0.732577	0.103295	0.163116	14205.736192	360.319957
389.419202	341.988153	2.485604	3.015295	2.375888	182.894735	40.307076	0.751243	1.234379	1.985203	14860.771464	350.373398
522.860122	361.353962	0.709750	2.181801	2.576177	182.792937	106.118822	1.226866	0.101844	0.849972	13914.873792	169.027531
424.299949	373.400032	1.796011	2.900608	3.050781	141.081826	86.178465	0.095860	0.746183	2.476441	65.777553	193.259316
1208.540241	1068.184825	0.355975	1.885542	0.362047	203.433756	90.283672	3.095865	2.629062	2.147850	224972.728747	250.707792
386.827520	285.658070	2.146352	2.688709	2.862307	216.237059	73.548727	0.568345	1.178731	0.502825	4883.852332	129.640565
309.857108	112.246235	0.220468	2.781806	2.740586	279.306230	95.346318	0.427377	0.641884	0.929039	4002.182811	215.579141
242.706708	193.455854	0.087906	1.657834	1.992668	223.291592	107.487504	0.217027	2.830485	2.288327	641.828705	252.368315
264.274143	223.935585	2.903448	2.978824	2.961180	457.188465	34.461091	0.881768	1.550784	0.920383	23735.378578	294.018840
246.114385	161.301785	2.643144	3.079819	2.457708	240.255387	117.977975	0.463117	2.539041	1.734272	15751.111449	931.030490
1171.904445	800.328918	0.366231	3.084746	3.105973	331.537108	130.757156	0.047018	0.472154	0.733766	289.958360	238.284309
324.314713	141.365935	2.012003	0.630451	0.866477	394.830334	69.432474	2.458604	2.393473	2.870801	116112.349384	182.026194
188.668746	95.490108	0.381506	1.487562	2.500887	185.202186	124.179685	2.368739	1.718333	1.008092	43300.597546	127.672269
209.549883	116.890349	3.002850	2.888636	2.200463	306.760905	181.242958	1.897251	0.248045	0.312368	35357.239422	270.249602
354.913481	305.637042	2.782296	2.658659	2.049297	221.103635	68.547490	0.617769	0.720198	0.369189	27424.158628	385.991263
322.292678	92.600883	2.578943	0.145658	0.094321	271.110980	130.050587	2.730151	2.386741	2.474562	231688.963391	365.435247
361.817379	201.384052	1.725095	2.414783	2.544765	375.167144	82.867800	0.086507	1.309604	0.861612	197.041377	139.191714
142.688963	67.773483	2.678190	2.156624	2.788084	197.480516	87.296771	0.933295	1.984798	2.801283	19337.834217	217.681784
219.825307	139.198094	2.513197	1.918636	0.996080	178.106105	89.514074	2.245722	1.571042	1.115731	16269.662099	136.604061
1073.769645	645.231956	2.256058	2.172470	0.968772	490.436619	206.783199	1.713948	0.536265	0.063455	68115.016389	135.923384
289.363999	145.590602	0.581065	2.140578	2.559080	212.632049	92.580367	0.702341	2.030675	2.852197	5487.791229	183.655657
223.929173	68.277240	2.718756	1.701249	2.378282	171.575449	64.502149	2.966628	0.937235	1.431112	21208.462572	157.751444
398.922014	246.669313	2.576204	2.179505	2.688229	261.131526	37.908248	0.892442	0.248683	0.025371	27169.413087	279.315321
643.130467	373.134648	2.760986	0.322914	0.712621	285.563997	192.840043	1.850874	2.505106	2.502152	39877.861407	227.450921
138.675076	79.794690	3.029089	1.809046	2.425494	276.194057	173.719762	2.601821	0.349967	1.544549	31579.127952	193.948009
170.407272	71.847864	1.110937	2.972431	2.290779	172.274612	54.181314	2.169252	0.217211	1.540129	39650.075225	197.023935
408.864110	107.128425	0.407719	2.916654	3.001619	512.627129	204.917238	0.300001	1.147651	2.337778	3649.459140	144.168764
293.645232	121.306564	1.615298	2.729484	1.801821	231.904770	55.915295	0.688736	1.169587	1.626877	9070.804097	172.975001
114.791379	53.776215	2.618806	1.626725	2.638855	295.995002	214.570539	2.895100	1.071337	0.691300	133880.904978	810.312570
208.911648	110.256301	1.520657	2.675828	2.456732	146.810962	99.532417	1.455828	0.954867	0.064876	26217.407432	242.162246
396.324056	183.571452	0.369324	2.338610	3.080639	217.724307	47.009691	0.603590	0.754860	0.236272	5505.011735	179.134716
765.242094	682.867667	1.157137	2.083161	3.016263	484.644917	77.161861	0.461617	2.290316	2.162987	31714.175169	845.251527
389.822084	257.657346	1.387890	2.380914	3.058657	448.667910	183.954880	0.568362	0.548775	1.002284	10165.617303	144.646407
168.953473	117.167223	2.424406	2.558011	2.543709	194.359724	118.323606	0.467247	1.248154	0.665045	4337.744067	383.442407
407.269935	144.771050	2.038485	0.263218	1.216527	177.961012	66.498311	3.124339	1.493663	2.243185	60526.398713	137.742170
248.054274	162.959298	3.081304	2.553426	1.511977	327.767820	36.352089	1.192010	0.739606	1.211653	14340.710830	149.078783
518.137779	457.232021	0.346227	0.097621	1.560390	219.983372	122.421138	0.568835	1.802975	2.730083	1992.379505	170.814917
418.663599	232.031033	0.823244	2.580052	2.955125	237.913772	84.445209	0.021615	1.322322	2.636413	7.037925	110.259661
358.774528	240.128747	0.487058	2.568315	2.070449	240.117141	141.852537	0.330424	1.508403	1.496332	2260.411731	244.893613
217.320993	146.642796	1.779279	2.243862	0.947065	177.807306	68.956649	2.202195	1.472428	0.677511	54770.593184	136.835153
245.655960	179.283219	1.352631	2.596929	2.522880	213.458687	98.132086	0.237811	1.153480	1.934075	519.957323	270.136301
719.103558	613.548807	0.302792	2.256025	2.908322	1156.059595	1071.768723	3.040599	2.349837	2.934770	30001.683630	110.297877
245.606247	118.327914	1.921574	3.124155	2.766202	255.966316	105.795224	1.886458	0.068375	0.924935	41462.819670	277.626543
342.250331	179.789099	1.200067	3.013453	2.200129	246.297335	93.873122	0.701376	0.196556	0.518110	44623.050419	382.369371
355.087300	129.074569	1.483992	0.525806	0.051935	181.028891	77.233097	2.812282	2.490315	3.112557	191533.065478	347.954211
758.492972	646.442028	2.434240	1.762975	2.968090	175.555331	78.920934	0.757420	0.828078	1.055973	13172.060840	185.188711
293.961904	138.371970	0.000654	3.089853	1.890325	740.684348	72.181206	2.071082	0.316093	0.079598	81284.292453	319.574202
274.525485	135.996274	2.208448	2.708905	2.415214	180.347307	69.592898	1.043238	0.512529	0.657395	33294.403495	140.087682
166.638055	84.546123	2.651886	3.049201	2.857067	312.578871	71.254271	0.719170	1.375201	2.031994	11845.912427	143.165820
538.167781	265.161954	2.228724	0.317906	1.618216	259.959482	87.950308	0.381132	2.448668	3.119896	1278.449146	128.783060
326.334123	201.672527	2.993887	2.196692	2.942008	382.952328	35.634425	0.143172	1.835652	1.222605	2795.777339	510.926619
571.643506	469.471782	1.228565	3.016226	2.635485	324.315266	115.671593	1.546174	2.826637	3.011564	85973.082036	662.921282
157.649862	125.817201	2.278128	2.623349	2.688378	237.606351	131.301459	2.139834	1.288318	0.549905	126646.445999	338.831520
232.822150	172.164426	1.854109	2.668409	2.347012	338.952388	76.881824	1.808888	0.899764	0.082861	59145.022555	161.220989
316.618545	213.348784	2.498268	2.987918	2.864300	311.924711	157.769048	0.249038	0.091759	2.023045	3077.988374	403.071501
217.340878	181.983901	2.146833	2.692266	2.211416	273.653257	134.926801	0.724718	1.552136	2.208944	10374.504478	447.968993
416.849170	157.003398	1.431808	2.270165	1.282427	152.492675	67.512131	1.704332	2.661302	2.816273	40052.223738	206.116145
245.192105	40.497335	3.057264	2.279992	2.656426	232.236589	100.223913	0.117485	2.974101	3.132090	284.258567	214.829082
521.738180	334.124122	0.721345	3.065614	2.899223	207.035068	62.748318	0.058442	0.629887	0.077078	241.951353	334.159819
335.989215	226.436505	1.068075	1.696613	2.401331	416.911182	141.260963	0.140794	2.200100	1.732634	1540.540743	345.943201
201.946639	147.773018	1.545682	2.551719	3.043949	315.992865	131.637561	0.846945	0.093550	1.964841	42533.896280	237.508695
535.927791	234.563549	0.231818	1.205533	2.015600	356.189057	68.377084	2.753214	2.826754	2.120498	962171.127936	481.913865
323.638671	103.616302	0.582802	1.831656	0.890295	183.363802	73.228202	2.921770	2.191396	3.119758	161575.024467	393.370606
261.840269	177.214418	2.192553	3.124016	2.247348	325.410620	156.570348	0.903098	1.155812	0.319009	40487.597316	326.650087
227.403939	98.765367	1.679531	3.000667	2.763720	212.387637	34.375239	1.397461	1.591185	2.108850	55717.014996	326.700926
548.980518	275.503519	1.388994	2.642348	1.467530	269.167026	67.320653	0.794276	2.368163	1.513108	31495.672543	476.339135
254.451244	158.561499	0.297908	0.762578	1.857385	327.694574	73.672576	2.823194	1.822429	1.210677	1651235.210898	696.391276
911.227086	887.154132	2.236325	2.435390	3.060772	205.211475	64.267446	1.380506	0.140923	0.318616	26668.395515	201.481939
238.389856	126.972032	2.153797	2.801954	2.930462	168.715926	97.024956	0.069715	0.530821	1.333008	93.221810	163.854655
457.082726	267.941917	0.227426	2.189135	1.422694	159.130024	102.104555	1.991223	2.158885	3.020748	57670.511475	265.414734
306.037057	181.858138	1.626456	1.560673	2.037239	245.288297	74.942976	2.034783	2.791466	1.432182	114694.403585	245.516801
284.472209	127.164077	2.324347	0.028154	0.228580	399.986772	230.284631	0.816946	2.864542	2.301905	30808.381248	468.899028
394.885835	349.361532	1.919776	1.757280	2.948949	203.860818	108.211397	1.518897	3.106298	2.309742	7991.092205	107.658482
181.459919	32.283863	0.959940	1.253395	0.792602	248.506890	72.587069	3.103296	2.323939	0.188473	79555.620928	122.503534
606.187751	281.788864	2.394365	2.790363	2.729930	242.838536	91.498828	0.106230	1.526661	0.464762	1526.180213	645.088733
298.833199	94.367755	0.840842	1.245030	1.664615	304.309767	129.489908	0.889585	2.254668	3.111773	18970.084132	245.712573
222.423312	66.540004	0.842874	3.073170	2.631529	198.675681	104.496096	1.333161	0.280030	0.214946	16917.390843	118.241909
791.191856	270.326447	0.096493	2.853113	2.751627	598.821486	115.061657	0.414037	1.626796	0.222569	14943.816244	424.814739
926.703980	704.931741	1.406358	0.589714	0.163039	198.989504	96.304698	3.001105	2.598488	1.855118	471916.261309	566.054545
364.393541	295.669712	2.647520	2.949041	2.861163	279.973533	60.548568	0.390012	1.487730	1.437102	6131.310026	303.059670
481.134000	123.767410	0.964786	2.292260	2.920801	639.908376	333.334788	1.998186	1.673358	0.438030	141604.862594	186.361993
474.385109	259.114044	0.479177	3.054130	2.535890	1294.334783	378.165377	1.895909	0.346710	1.723135	280317.553989	369.078903
318.756821	298.988178	2.788092	3.065114	2.836009	303.610382	62.924877	1.391415	0.244240	0.599305	21280.746887	237.366769
240.146677	202.905535	2.005411	2.955790	2.511518	372.796195	101.205871	0.218661	2.146831	2.159304	6932.874070	465.155937
268.860350	248.470389	0.330432	0.372409	0.173837	367.564963	137.443677	1.362507	2.996950	2.440394	31229.295179	130.195781
319.194106	239.747792	2.429811	2.614719	2.902381	168.261734	86.189683	0.348810	0.793897	0.152841	1039.407944	107.865280
159.567271	77.926173	2.528910	2.592020	2.034188	180.034646	89.964405	0.494555	0.415938	1.056349	4116.287386	288.130418
287.376102	103.901482	0.986350	2.349574	1.526074	456.574210	249.719341	2.602771	0.035885	3.027896	139066.245506	205.135005
963.366970	803.409958	1.934235	1.200087	0.461573	377.771048	121.181759	2.861768	1.478902	0.126519	78006.493494	141.512644
235.958941	105.598473	1.094428	2.275756	2.563630	356.566548	272.801823	1.345048	0.367717	1.559246	9501.070957	103.441638
216.695272	139.326729	2.948865	2.657972	1.401780	164.635478	46.252210	1.569216	0.026256	0.432813	49511.066016	269.740770
367.447664	216.286643	0.924689	1.471571	0.862772	322.417351	153.043477	2.900716	1.543201	1.668658	93556.002354	160.535195
493.112274	402.034088	3.063889	2.833734	2.637554	417.361148	184.833427	0.216873	0.527368	1.422578	8694.129641	498.450713
140.176280	71.705079	1.612828	2.336433	2.916946	351.227355	87.866970	2.598305	0.606280	1.517879	16625.733220	130.983192
156.946587	72.725618	1.565227	2.984556	2.590825	199.981752	89.766929	0.585770	2.749556	0.217766	10941.832166	183.403286
364.306875	286.208767	2.753060	2.693895	3.004642	361.732436	50.940387	0.525653	1.593869	1.057361	7780.261923	283.302121
300.455551	139.856736	2.381664	2.506254	2.171161	623.577993	123.460292	0.964810	1.140528	2.068253	26185.682101	157.297331
400.932919	288.085640	0.973634	2.587661	3.101580	220.047907	100.981983	0.541883	2.026153	0.191409	18859.506669	300.344695
346.083987	229.455515	0.114663	1.374068	1.354386	435.999870	310.328820	2.545842	2.352227	1.796508	45196.823201	271.391678
218.931005	147.759101	2.980656	2.918584	3.065778	249.992310	151.763080	1.209691	0.422344	0.473295	58120.545838	358.850031
223.696361	131.303691	2.218319	0.779305	1.584022	236.835630	203.248944	1.893594	2.142183	2.047626	28387.478989	196.691686
369.251629	157.379463	0.357071	2.617178	2.459174	462.118983	379.057695	2.947971	1.595541	0.422330	60800.693894	333.117914
231.422472	92.661821	1.940998	1.503246	1.333801	313.955545	138.674312	0.762019	2.508092	1.480002	18142.801872	201.872221
575.317010	483.587053	0.319778	1.624678	2.075399	167.651478	147.137627	2.686222	1.830342	3.069730	21792.828608	178.092190
238.675575	103.363839	2.523198	1.868598	2.833206	151.516809	101.018949	0.113608	0.170315	0.811759	168.814914	120.173002
374.198963	178.233570	1.107917	2.890844	2.305964	210.528904	124.399568	0.066469	1.301337	0.370659	59.004531	352.228259
330.660264	187.731070	2.179747	3.052482	2.914047	595.801099	136.802001	1.578610	0.560275	0.705066	22729.817571	100.192719
333.680661	94.836807	2.094936	2.700586	2.781213	164.980617	70.695641	0.433602	0.974617	0.932633	13914.370809	485.164644
206.602889	159.488864	2.771348	2.279525	2.702914	195.918930	102.453927	0.848260	0.280671	1.360386	10894.815637	183.934367
442.179733	260.924193	2.866591	0.654944	2.084252	307.426617	91.224638	1.858013	2.339241	0.564580	19050.339743	130.766843
381.390838	113.648019	0.807600	2.723326	2.261238	176.023288	82.719624	1.336972	0.145650	0.761724	49402.335456	294.522925
720.975584	580.782965	1.658043	2.411306	2.595667	306.832252	87.796328	0.200181	0.283020	0.041044	446.430308	165.826701
452.916382	307.105292	0.659703	2.723796	2.578893	236.908992	87.833315	0.444091	0.272046	0.583771	24964.392667	501.688858
597.296896	530.566528	1.558087	2.942043	2.522224	209.693806	68.985934	2.095350	0.877452	0.511188	75989.606350	305.665962
380.234157	257.682589	1.915051	2.964051	2.004636	391.717886	140.292842	0.368459	0.535028	0.528975	1956.186189	122.681616
639.185250	534.423360	1.010229	0.415400	0.016175	472.295067	96.886173	3.131294	0.311906	0.632255	195873.164935	163.765335
412.951832	101.957469	2.970689	0.736593	1.304196	944.153094	270.181684	0.817214	2.519383	0.784301	49006.869850	370.013337
461.044329	83.445532	1.281315	2.430150	2.070411	524.197777	323.341225	2.118709	1.813411	1.989734	34692.775581	189.669286
214.668078	124.131830	2.230690	2.343041	3.094528	595.543379	516.717808	0.644489	2.075630	2.920468	11881.616847	379.894827
652.404096	211.714538	0.313623	3.094174	2.904206	185.230408	86.796878	0.085821	0.319814	1.740032	454.864479	462.270194
800.330763	489.633839	0.257814	0.077634	1.296203	485.313597	98.255452	2.112401	2.540551	3.084894	69842.165007	137.171397
225.006358	163.935206	0.960626	0.650271	1.644299	278.734353	120.400984	2.381149	1.246472	0.928503	160337.503297	205.863218
455.130085	280.518953	3.137562	2.028350	1.821831	247.968983	125.579819	0.572465	1.239745	1.219840	26809.124431	411.720225
158.088741	88.089843	0.623657	0.407327	1.375653	171.089580	45.938455	2.836453	1.756322	2.326931	159577.797178	185.083068
641.378950	496.116159	0.618995	3.116279	2.859400	1161.054018	323.935370	0.073009	0.303770	0.253094	470.486312	405.755003
175.942538	123.923160	2.905035	2.838464	2.712985	96.607646	43.416760	1.072818	0.395310	0.224723	21722.038357	454.949066
439.208038	392.639641	3.067790	2.533672	3.126353	416.833405	113.268477	0.835859	1.104832	1.274178	81487.917340	517.097878
291.838693	206.216290	0.342397	1.672358	1.295830	451.493282	55.714346	2.097374	3.013903	2.355339	156625.530188	243.489307
178.437140	70.908979	2.877610	2.832543	2.265033	180.407873	61.699162	0.155622	2.169299	2.834274	331.193577	299.327103
435.137271	284.157405	2.543840	2.640506	2.739484	336.878246	91.983916	0.060570	0.848501	1.032055	362.228314	439.831411
275.663158	144.528395	0.628908	2.579532	1.729416	682.974487	313.266008	1.635255	0.281683	0.756885	47978.798432	172.479071
325.462365	177.483920	2.539019	0.836682	0.296182	270.155704	104.785071	0.582859	2.196435	2.934488	5957.276487	132.375732
412.512534	114.162329	0.180578	2.321943	1.978645	331.159757	173.316784	2.180020	2.332160	1.231522	339866.362304	335.916606
565.606808	458.396372	2.793336	2.586112	3.005382	127.962491	79.751407	0.585066	1.099737	1.474813	9245.896562	402.592297
215.477762	88.336907	1.369986	2.141784	1.196570	114.989416	38.382963	2.134760	3.069350	2.568423	58321.364779	230.259789
795.128726	717.733679	1.672368	0.364318	0.396232	504.015027	267.406073	2.060015	2.109952	2.985055	127589.256674	231.693784
290.051039	245.468411	2.049939	3.055058	1.883526	386.857302	144.713874	2.308070	1.355644	1.209309	313778.029905	500.175811
328.487995	157.839645	1.163011	0.977535	1.716300	163.195902	86.923292	2.532654	3.133278	2.065228	206124.689212	275.930209
444.651496	180.066854	2.401878	0.919368	1.781702	156.913054	30.239360	2.535996	1.670010	1.552730	248838.329930	305.333446
682.847863	555.454351	2.267605	0.178124	1.380019	307.702462	99.007256	1.972812	2.592640	2.549437	259452.822575	333.159057
484.110345	172.851349	1.067964	2.951650	2.306866	289.404979	120.079029	0.980548	0.877907	0.321037	30005.942800	209.908365
399.599972	144.905177	1.438867	1.808248	2.144091	303.647213	77.430492	2.063005	0.867367	0.912708	40451.152397	108.941796
551.856517	243.472701	2.616950	2.018160	2.780573	270.031662	100.195511	0.273699	0.244137	0.288703	1726.255553	328.247930
336.797577	150.247518	1.513628	3.060704	2.692226	506.357979	109.601096	0.593610	1.407608	2.357458	15405.121416	221.730782
682.351831	201.858046	0.915112	3.039845	3.114909	911.410543	108.800558	0.319937	1.589112	1.988719	27163.450781	809.260720
1240.568522	1030.729841	0.466635	2.684867	2.837292	462.841346	204.361822	0.509337	0.796658	2.166037	13673.770701	398.902958
481.676993	170.930374	0.334851	1.859882	1.922533	546.254288	317.999490	1.130571	2.856825	1.617982	40396.585614	195.469120
586.510971	494.880997	0.775849	2.917329	2.303199	157.770560	49.454939	0.704080	0.296873	0.424770	11677.282905	117.404738
227.899276	152.656698	2.379786	2.720636	2.757252	172.888900	81.759909	1.040523	1.317938	0.142260	14952.452927	193.555615
538.664531	478.693594	2.365511	2.973902	1.767975	362.245054	254.289296	3.102711	0.043244	0.426667	80281.685679	295.484519
858.146648	525.380388	1.121581	2.511817	2.481487	233.211162	128.905667	0.218596	0.708978	0.973175	3209.701593	290.079175
639.052037	254.338262	0.717562	2.596504	2.814286	109.558336	56.534722	2.141053	3.044941	2.451820	37680.220625	314.284196
157.129672	78.077632	2.692436	3.068676	2.581686	342.231985	114.832060	0.313527	0.589019	2.591698	4601.138388	257.969552
242.586438	84.749568	2.389057	2.416477	1.663207	349.928400	190.192955	2.790930	0.503133	2.625465	25495.728067	164.215601
277.268635	209.394624	1.337798	1.959165	2.623130	178.652601	92.644498	0.571474	1.424261	2.253193	3360.549679	122.334647
640.887963	198.206651	0.304178	2.266310	1.610590	229.830959	104.082427	1.148549	0.560949	1.589062	36687.271486	112.692067
623.365982	544.263580	0.430122	2.266276	3.117790	387.883957	51.222480	0.952767	2.001947	2.231410	31557.436577	345.438347
469.015768	204.124128	0.099921	2.517657	1.890849	207.549727	101.284737	2.008130	2.549725	1.645822	55355.071830	336.843138
490.842933	361.824970	0.490350	1.972536	3.004157	319.215536	217.503169	0.976422	1.175358	1.828775	12050.253139	138.685715
845.044805	736.026035	0.701769	1.623722	2.951278	436.316637	108.438358	0.262862	1.891662	1.523353	770.113177	222.426814
236.706724	159.077200	0.606164	0.178080	0.451630	430.488291	92.574632	2.969041	1.068595	2.246072	557324.948667	282.266546
924.823764	823.407198	0.035244	1.684077	2.196195	171.148763	77.839559	1.412706	1.331885	1.123136	34555.000812	171.585902
405.951217	136.489615	0.946542	2.073618	1.417110	410.683718	162.891660	2.067430	1.446746	1.254845	97145.489058	140.502524
227.925307	104.980686	3.113922	2.699369	2.393687	129.613103	81.396354	1.064762	1.701333	1.581555	19343.915807	320.268888
345.182800	229.480106	2.047514	3.057555	2.321047	171.757590	115.891632	2.163910	2.425315	2.423558	86861.807951	464.333875
343.764146	140.075991	2.805671	1.594414	1.191304	489.221084	109.685070	2.002516	1.912927	1.920093	31287.881830	220.172925
215.104067	81.898499	0.934813	1.782679	1.433161	159.776969	97.927266	1.404534	2.220082	2.928311	15142.334960	170.242170
324.919291	157.737846	0.502249	2.625115	3.091471	288.713596	58.170729	1.161412	1.180058	1.673611	84971.091675	506.655010
179.917871	131.839767	2.341496	2.707528	2.232410	311.718012	181.565571	0.706609	0.524902	0.965566	12194.024917	162.307291
295.509300	101.101479	2.613359	1.333610	1.359292	176.971488	77.298921	1.188993	1.298249	3.134702	13241.901906	108.243691
347.348470	228.955028	0.196918	0.424463	1.328414	184.356430	54.566441	2.772097	3.047328	2.873161	558750.461423	366.072046
551.303636	470.127636	2.229847	2.564245	2.916312	532.702100	140.583800	0.005111	1.641305	2.468656	5.531903	765.098354
300.646800	217.274391	2.229613	1.578092	2.660054	127.432657	41.633624	2.032188	2.852791	2.862543	20791.948427	175.155625
362.369328	233.323957	2.922273	0.470211	2.285306	241.371084	146.277393	2.811893	3.107565	1.836767	41772.511386	121.904206
401.366576	299.473809	0.539891	1.016660	1.597479	243.235366	68.915582	2.179680	3.097360	2.500627	257902.985404	208.027165
635.647432	489.610397	1.804925	0.344832	0.960579	158.318721	103.717656	2.657602	1.813104	2.431347	109692.459443	226.294633
527.175005	281.773838	1.298810	2.746530	1.520519	225.204714	60.510181	0.196502	1.743759	2.117813	496.999986	112.091244
387.472043	272.809614	1.768270	2.196276	0.892356	458.404837	76.987645	1.418616	1.058732	1.344720	86517.031422	135.704825
800.722105	698.989838	2.315378	0.009801	0.756456	523.784934	468.776758	1.642629	2.349914	1.291971	36860.003217	232.564237
168.035645	81.495217	3.072475	2.319435	2.495191	169.628490	104.201758	0.371954	1.088102	1.528143	1345.996729	162.265056
197.879371	36.859341	0.938844	2.712961	2.809196	330.173818	62.107172	2.446583	0.866142	1.373654	128062.146865	245.213186
217.753019	126.797004	2.448153	2.933521	2.194841	300.025775	45.234280	0.552633	2.091509	2.645159	19679.819561	328.230216
179.005965	114.632025	2.086028	0.988149	1.794131	238.746483	94.740763	2.935400	1.518414	0.220893	83841.002334	180.926102
270.313793	154.826013	1.326026	2.588298	2.858822	168.314580	75.097700	1.718955	2.145217	2.201393	29948.279823	273.411311
252.430612	115.040931	1.761791	1.299226	0.212525	312.674786	257.840700	3.007914	2.951703	2.073609	20461.355844	112.711618
356.336211	191.361958	0.291079	2.718889	3.089259	147.663191	83.878440	0.469874	0.138548	2.409732	6151.812122	260.191495
719.495732	443.007958	1.784640	2.532694	1.328209	214.673048	134.872406	0.140422	0.912901	0.835115	545.592380	309.702202
585.095232	333.769984	2.278092	2.356210	1.219033	249.743263	95.211948	1.662237	0.062616	0.007388	33152.760239	281.132220
524.330984	134.821061	0.644868	1.790487	1.360780	449.493114	144.158978	2.852411	0.487779	3.074934	268135.987519	244.403187
385.125696	262.830762	0.790740	2.615816	2.326466	92.753130	58.220050	0.290199	1.525248	0.385754	1295.728463	240.201196
339.914468	221.884726	0.137415	0.009640	0.319549	640.248249	576.283764	2.334360	2.950857	2.531215	46203.217615	148.069867
298.092758	105.903343	1.086006	2.830800	2.360268	200.246318	98.435016	0.759145	0.328769	1.406871	5144.268112	119.675914
365.129996	206.423936	1.904424	2.462414	2.425486	309.756070	92.152805	0.939717	1.377579	0.655694	32818.135698	226.395681
312.422050	135.790635	0.236296	0.858966	1.635903	308.994695	125.260128	2.984031	1.447200	2.690085	187459.410969	213.911248
441.219963	160.683738	0.111230	2.664694	1.752652	154.426823	87.922956	0.944220	1.065513	1.771426	13513.764352	184.643799
203.379875	124.956739	2.243473	2.974899	2.098150	253.242117	211.234776	0.897527	0.331583	1.358747	10539.023691	160.844578
255.287655	154.872093	1.997175	2.940119	2.196407	312.807639	209.468291	1.908804	1.172324	0.659608	37044.959548	191.418298
262.931296	118.264745	0.561896	1.649390	0.608088	281.102509	91.461834	2.639173	2.260074	2.027844	71527.581756	157.305084
271.028833	145.712157	0.733371	0.279432	0.776028	177.356332	83.304219	2.403120	2.752838	2.558118	52732.344830	255.681891
302.080434	127.180639	1.229255	2.958909	2.821919	274.479679	58.665618	0.554053	0.395333	0.511422	14901.201297	264.798642
435.286363	223.787162	1.425540	0.297456	0.091512	683.415771	429.079803	3.015251	2.274922	2.645797	343374.768413	415.421909
335.939508	99.337514	0.559986	2.604002	2.045464	171.310555	84.497230	2.163485	1.524098	0.915545	204761.420489	378.579657
289.218126	214.627770	3.074741	2.698879	1.922823	317.616071	242.745249	0.323984	1.029121	0.106041	1603.215662	165.603464
624.565528	491.055886	1.568265	2.548461	2.625685	459.394892	233.348759	1.525062	1.891289	0.540158	33433.418033	162.083926
852.141425	415.234543	0.847320	3.039655	2.130259	369.459964	164.662340	0.125307	0.442651	0.122524	168.736369	128.869231
163.183152	116.442921	0.003200	0.197903	0.781532	349.851935	203.757806	1.870783	2.858734	2.767491	75776.137794	435.161825
684.964672	529.899871	2.212170	0.448774	0.725656	244.674081	84.073487	2.227370	2.668687	3.116620	98944.209909	225.354116
686.098558	588.907632	1.150203	3.030824	2.455946	194.869557	62.523053	0.314832	2.112546	2.173747	3501.715496	956.019405
334.883817	167.864037	0.426426	2.689300	2.533532	439.364775	117.954132	1.190014	0.605704	1.042724	22892.919348	105.260544
636.487527	579.613790	1.015694	2.971370	2.050476	195.579309	92.294759	1.907863	0.169654	1.538410	34174.855326	264.013412
531.697652	246.997180	0.991226	2.887034	2.526793	384.312861	141.552999	1.039917	0.353257	0.158492	19396.358157	191.752506
286.396798	183.526494	0.938279	2.844958	2.681725	188.176403	95.151815	1.457450	0.525415	0.847157	20230.908966	115.502344
269.587561	158.446957	1.615567	2.789785	2.660188	289.675847	156.899103	0.693342	0.456702	1.552981	3208.445623	150.746277
582.458788	553.317120	2.670160	1.998059	2.750207	268.222447	102.442140	2.702849	1.041022	1.052599	24840.736566	162.477831
322.725793	290.638408	2.995201	2.543409	2.845679	190.053587	133.941148	0.935984	2.301068	1.303292	16551.349855	491.518430
353.511591	143.248339	0.341446	3.021725	3.128983	145.605553	61.694668	0.960703	0.002097	0.488562	14115.831368	175.465841
248.240163	68.784629	2.158165	2.290778	2.574847	177.489372	64.394368	1.056865	1.414623	0.940359	27048.020773	272.624158
330.322373	170.776497	1.685521	2.460482	2.969086	427.496028	258.979160	0.133190	0.666898	2.182962	932.353148	240.723043
227.082297	39.811254	0.155463	2.206437	2.281285	253.429013	26.358746	1.956054	1.396263	1.162916	73556.512712	152.584996
473.664585	183.976438	2.090056	0.874543	0.447090	164.339349	116.953152	3.097090	2.665063	2.211541	42039.408822	106.113776
687.881188	424.184344	2.907965	1.760604	0.872031	545.531073	198.057322	2.888863	0.676914	2.638411	554395.812409	442.195152
311.513392	51.654396	1.589281	2.723424	2.876216	207.058441	64.793305	0.930942	1.907069	2.807046	19332.254328	119.137008
904.040785	533.177786	0.534366	0.123151	1.970247	194.492458	82.834950	2.997757	2.833268	1.546563	240841.245684	277.993703
165.465548	87.814537	2.409271	1.015178	1.831901	292.386832	143.783367	3.014286	1.995892	0.674709	67959.125926	119.989574
413.527006	258.541893	1.950779	0.161476	0.888563	252.680550	179.192295	2.960713	2.916048	1.927464	47090.107956	243.425113
143.626323	102.613839	1.557707	2.265182	2.726614	296.965761	52.421501	0.530970	2.384740	2.290622	15461.891823	381.090307
319.879959	126.328254	2.482574	2.627999	2.997101	476.815863	68.437665	1.003160	0.639849	1.101735	35740.911601	318.819269
169.431302	96.536901	2.304599	0.890526	1.073786	173.173800	66.569949	2.976414	1.991630	2.265224	128187.096347	279.156425
414.292892	195.182201	2.283674	2.983161	2.057393	233.061890	105.941176	0.017615	0.017763	0.478240	14.936012	324.194967
259.853167	123.903920	2.585801	3.053578	1.909864	231.325107	81.125491	1.381363	0.963966	0.037422	51794.699711	305.710453
167.288839	91.015108	1.627090	2.941730	2.626385	398.428300	105.594096	1.168455	0.474322	0.394228	26325.943906	246.630088
505.456157	340.131155	1.563588	0.885797	2.256246	353.466409	167.792467	2.831321	1.894699	2.771218	157190.758383	257.251440
436.051921	90.201612	0.822690	2.944437	2.895380	259.240521	67.720158	0.656285	0.098100	1.533858	9423.528006	238.568736
176.342352	82.323647	2.572852	2.186555	1.701173	247.029861	69.343805	1.143121	2.187034	1.639246	11074.317643	140.547813
341.995030	144.600093	1.738294	2.330870	2.345426	247.099942	156.902221	1.883043	1.826764	1.341047	25748.662419	196.295491
304.893305	216.235632	2.365819	1.869864	0.358996	442.485861	123.619824	0.171485	2.302132	2.045033	612.198790	107.031259
246.520869	93.160195	2.692636	2.888287	2.960748	207.566827	38.220522	0.476595	1.202528	0.717815	8749.205927	230.968983
423.143675	50.428701	2.339819	0.239765	0.012259	267.317955	113.974928	2.971648	1.598745	2.758679	96052.750546	192.904208
451.237971	211.426488	1.697236	0.120906	0.014883	244.453087	176.720923	1.652642	2.570141	2.450006	31343.354987	181.247866
342.603863	285.884311	0.517634	0.248623	0.098727	304.327021	190.736418	2.788396	2.565494	2.217090	122857.396144	194.373045
248.790184	72.643475	2.429297	3.113814	2.755020	429.862413	201.013903	1.015276	0.454043	0.293021	18578.178741	118.505134
233.627191	116.873897	1.893417	2.875482	2.487518	201.788761	77.895399	0.651854	0.430992	1.087312	12630.751255	137.261667
363.680441	329.909762	2.420188	1.196749	2.512473	149.299822	74.788074	2.096624	1.134407	0.680011	63500.128481	247.897940
1085.576033	1011.875332	2.862150	0.320806	0.572981	525.991035	234.407665	1.433128	1.806888	1.934647	59054.935774	256.146797
748.671370	636.232677	2.471718	2.711549	1.798734	251.575089	182.012968	1.037197	0.087982	0.604308	19788.682130	201.504335
307.107758	192.565338	3.022523	2.206846	1.231402	267.744063	172.999344	1.661818	0.536672	1.145709	30090.730607	195.335535
236.561857	151.955672	1.499669	3.014640	2.304292	148.015713	44.626865	1.189412	0.615944	1.242785	7573.819189	191.773861
327.789149	186.991938	0.279868	1.749731	2.665055	192.165911	109.006383	2.440687	1.391817	0.387643	34358.364759	132.060839
213.479963	79.603952	2.913764	2.145687	1.366650	178.451978	123.645908	1.164163	1.625369	0.469908	26684.912921	214.060417
739.001680	601.753937	1.657477	2.998297	2.503351	289.807660	59.746482	0.040206	2.613557	2.303026	52.263405	221.616189
236.900582	123.360174	2.138925	2.349860	1.626306	184.508306	74.672372	1.191419	2.806881	2.908550	9604.084651	123.115766
258.206962	107.587726	2.727873	1.933442	2.229527	412.351099	52.066126	0.786756	2.721127	3.133439	15759.793480	139.010878
306.104854	181.541436	0.594603	3.073493	2.932622	228.692790	79.411277	0.022393	0.877286	0.273155	13.825228	116.473635
433.376080	336.966883	2.815229	2.524729	2.403678	149.964433	44.852353	2.190939	0.508849	0.664321	28537.367574	258.504192
505.013299	215.080747	0.833064	2.336469	1.796094	411.383371	112.020111	1.760151	1.187656	1.212263	36276.780881	111.565594
278.992607	142.840928	2.599155	2.236117	1.726003	565.385544	292.594989	0.209709	2.131839	0.636970	940.016154	121.011862
189.236249	96.929151	0.546270	2.297313	3.095607	265.127184	143.723777	1.132734	1.851623	2.608660	16128.892806	118.641919
435.123848	306.994421	1.340572	2.690288	2.363537	296.589423	57.519673	0.454690	1.497109	2.496720	16723.398755	378.321662
407.198332	212.121523	0.762495	2.865321	2.206770	207.656748	99.034898	0.258129	1.700897	1.292082	987.829141	144.165200
461.762003	139.000065	3.044603	3.129612	2.348546	314.317026	139.942005	0.306577	0.897136	2.956599	4961.855988	289.223049
769.716441	618.406299	2.144640	0.410124	0.534783	236.813437	74.666466	2.792727	3.022879	2.977714	585303.300666	264.820024
245.445870	144.256212	2.676083	2.737908	1.776565	194.521224	137.148574	0.817152	0.522007	0.384728	10694.236578	258.771274
325.954500	192.325712	0.644595	2.474181	2.083349	200.496311	105.940234	1.282556	0.300528	0.918155	31840.858832	225.596615
397.665845	218.943037	2.943449	1.653341	1.973129	566.790908	124.546500	0.562461	2.263638	1.489548	12851.287467	156.452389
423.565535	370.526402	2.430810	1.345940	0.379854	318.683415	232.450850	1.922243	3.037881	2.370541	33181.685228	179.501628
268.640472	137.943644	0.162211	1.723928	0.793984	180.732960	113.439163	2.927374	2.560822	2.994547	299171.715370	420.536966
292.982800	151.044041	1.815638	3.071558	1.913157	225.445186	98.243161	0.189997	1.632465	1.135651	624.862341	260.677374
201.553438	71.440995	1.021190	2.937845	2.669245	234.614514	167.439093	2.717472	2.274469	1.955861	128705.664509	514.992755
383.494947	298.664854	0.552105	2.419580	2.023884	416.635950	261.456968	1.649787	0.074254	1.788354	38596.687120	227.456840
387.428767	321.160505	2.154965	1.073663	1.239961	468.522202	188.082787	2.156114	1.802322	0.001057	105035.507038	115.615725
308.342212	199.849130	0.683342	2.208752	2.831090	350.665190	80.699823	2.717045	1.038754	1.810050	70019.044377	214.614167
161.216197	83.671250	2.764647	2.213880	2.950476	189.716103	87.303968	0.583033	0.737708	1.357340	3175.023096	127.395953
253.964582	128.132199	2.982490	3.107851	2.548229	304.614344	95.826743	0.568139	0.180807	0.191803	25424.714342	510.361432
319.332678	241.683632	3.010587	2.950811	1.941063	343.345425	59.542773	1.133081	1.636493	0.790999	76293.848539	354.252581
324.682728	43.256136	3.073346	0.479458	1.031494	167.918678	47.600119	1.702190	1.399438	2.186265	31527.122681	252.721687
1237.400687	200.522341	2.376124	1.065443	0.547098	258.371855	58.892634	2.337515	2.446734	2.943143	109984.115844	173.672762
162.317467	109.914791	2.741350	2.778913	2.761780	528.928028	456.554816	1.753655	0.968158	0.993386	23186.219735	233.052745
215.434646	63.268676	0.653503	2.771040	2.250017	144.958141	64.639789	0.824460	2.130657	1.758235	7420.811548	128.514488
137.582019	60.787820	2.534209	3.032832	2.593873	180.613336	58.199461	1.402017	0.314693	0.345908	28788.450436	176.247044
219.850342	186.192298	1.262523	1.718981	0.733852	160.303532	63.612355	2.247229	2.366793	3.079771	131339.960960	240.681098
260.973219	192.812690	2.951416	2.562882	2.839409	145.374404	82.086478	0.620103	0.602940	0.227253	22322.096980	375.244938
391.566838	204.453765	2.354696	0.313709	0.561371	245.671107	80.024848	2.681860	2.376711	2.197829	226727.780155	335.364142
712.344343	510.280069	0.236753	2.931567	1.041969	327.584400	187.039454	0.692263	0.061617	0.991277	34225.843205	692.819895
190.057306	115.726878	1.794762	2.686180	2.801196	105.492037	51.158505	0.144767	0.768160	0.467436	351.723734	320.089732
215.354102	101.866597	2.095377	0.478144	1.322388	622.972476	260.943577	1.133138	2.916814	2.829116	9867.645795	109.775169
231.391514	100.552633	2.230971	3.036862	2.779076	769.364859	706.242040	0.962720	1.926552	1.393141	22564.569996	526.801742
244.330221	98.814943	1.522071	0.502671	1.388341	174.119910	70.760230	2.409171	3.041216	2.479455	95295.257954	233.111018
653.089736	246.120567	0.706304	2.060686	2.841349	405.255272	83.703184	1.424920	0.655674	1.429222	174290.048727	196.503800
1258.915499	345.559050	0.820718	2.204512	1.505297	567.211215	128.670940	0.865635	2.321527	3.044015	41895.542026	164.177408
362.180361	185.017152	1.252159	2.361530	3.062727	269.536884	91.258790	0.959241	0.342100	0.827631	21635.795230	230.245186
428.455910	294.826786	0.846204	1.773648	1.858973	472.749355	244.134209	2.298341	2.776040	1.637512	87909.444764	254.480193
331.992386	153.323751	0.575320	2.081964	1.951564	383.692723	234.658101	0.275594	1.536661	0.817805	2937.659010	311.858767
487.906262	293.889230	2.974982	2.636681	2.970855	425.950058	303.547099	1.367525	0.576553	1.857610	59438.621976	292.235840
205.008007	111.407215	1.859752	2.739483	2.884033	286.172055	140.531051	0.475035	0.929275	1.441698	7510.931129	212.774465
168.621750	77.883630	2.690885	2.153885	1.229972	185.763409	72.165794	1.251613	3.044838	1.986188	38283.763310	243.707513
