m3a	m2a	angles_b_a	angles_j1_a	angles_j2_a	m3b	m2b	angles_b_b	angles_j1_b	angles_j2_b	mT_b	eT_missing
236.005418	165.706916	2.764569	2.869576	1.959594	797.537829	769.336777	0.983574	0.785311	0.866123	17947.737006	614.761121
352.746503	244.901612	0.458445	3.007561	2.858550	299.327780	112.538433	2.117279	1.005185	2.522977	65089.053823	114.447291
249.123399	125.647797	1.325342	2.391532	2.438240	318.876362	121.090501	1.055303	0.426741	3.132493	38330.033089	287.470797
427.841789	296.241734	2.048684	0.505944	0.334207	228.411092	166.883460	2.641139	2.857070	0.751665	42830.085381	186.874750
430.627589	355.683006	1.834738	1.704558	1.381981	161.818916	76.264830	1.051222	3.109116	2.404501	15593.778389	308.894344
707.847308	506.663636	0.015379	0.303142	1.816003	166.631047	37.243552	2.782487	2.397816	2.990508	77573.241597	199.726983
225.350836	70.185370	2.991102	1.310114	0.343015	282.492059	169.253441	0.862937	2.072211	1.454330	10435.729894	205.223783
159.937089	77.281557	1.645787	2.334624	3.131052	263.576295	70.362799	0.633684	2.089947	2.378670	7239.236124	184.964617
288.254154	229.410175	1.205953	2.184083	0.251669	523.444616	436.509433	1.646950	1.502772	1.852294	95977.564334	405.169201
172.642842	81.257812	2.823224	2.237688	2.313875	330.838734	125.950918	1.020071	0.203134	1.948776	27447.223221	198.993360
218.875294	154.421112	3.113206	3.131925	2.596034	161.609010	72.264638	0.816486	0.018754	1.416490	6760.941446	107.333252
517.535546	241.098594	1.637599	1.139449	2.624246	431.757948	334.629100	0.963961	0.609689	2.867912	5852.797229	144.892608
132.378376	60.901280	2.654473	3.073382	2.755673	457.543298	239.918436	0.529069	2.464777	2.723088	16016.150341	263.736438
235.188013	91.190625	2.946690	2.761093	3.023541	215.988648	93.155701	0.405798	2.159405	0.531953	5908.544920	364.434334
253.750162	196.575020	1.647855	3.060476	1.247595	241.732932	79.025693	2.154981	0.210603	0.724645	38687.211453	214.827457
464.165823	389.432327	1.026684	2.815346	2.207594	389.837224	88.054749	1.152369	1.140703	0.586281	23884.256815	173.933322
382.949045	242.400327	2.917324	1.688928	1.816842	129.789424	92.155782	1.412386	2.410474	0.741230	42474.022170	328.584405
281.566930	212.793553	2.427571	1.937163	0.977471	120.263396	89.371456	2.310766	0.628954	1.804213	21460.004308	162.990368
514.024134	414.658923	2.498258	1.620846	0.855778	219.765908	84.704321	1.393748	2.994328	1.677010	32298.776473	172.811772
174.056876	81.374979	2.663775	3.041633	2.482657	240.415392	115.849903	0.092169	0.383897	3.079037	332.057487	556.988826
405.237427	87.032403	2.706306	3.079815	2.767769	387.494594	75.433413	0.209772	1.132007	0.302089	4219.380566	269.402466
293.422404	96.515534	1.993226	2.008449	1.827277	156.885125	29.559116	0.346566	2.866280	3.038961	1775.230628	200.181265
152.226768	63.704813	2.585033	3.074277	3.127602	100.072228	32.865933	1.772402	0.685937	1.364583	29219.013972	331.867845
210.716097	95.349047	2.255419	0.380241	0.277504	113.440132	24.962852	2.250294	2.638756	2.359409	54397.080106	142.986935
274.413770	61.597216	1.948656	0.692249	0.199155	235.403496	88.969620	2.760505	1.414993	2.290849	104896.910006	160.902317
201.214770	119.199793	1.201929	2.820496	2.996540	97.944188	71.907428	0.807569	0.320391	1.502824	6223.295603	191.422578
227.624704	87.486141	1.860185	1.653694	2.662718	611.682116	517.756753	2.757609	1.605251	0.380341	93224.548195	264.083958
587.225901	454.533592	1.514635	3.081573	2.450848	149.136109	68.785462	0.607010	0.262140	1.131758	9368.112734	333.276532
541.385149	337.925598	3.045548	1.367225	1.745310	476.650227	94.719344	0.288391	1.810699	2.994569	2018.478503	143.795727
218.800150	109.565228	2.895643	2.328870	2.328841	331.662241	97.889265	0.466870	2.481942	2.290241	7184.223728	123.334083
479.489865	235.498267	0.267780	2.150737	1.321726	162.221895	52.903483	2.310957	1.586673	2.393029	287655.701391	374.433992
711.391692	563.499964	2.302774	1.693036	2.093875	921.405455	808.738035	2.565912	0.674652	0.166129	46662.048999	198.446023
198.582321	148.781026	2.816091	2.906754	1.744592	92.660999	35.488653	1.439264	0.092242	0.914801	27295.221080	406.854783
249.606499	128.323707	3.080751	2.112807	2.949946	257.335579	153.438240	0.803429	1.806850	3.004308	17073.030930	574.931188
417.625423	372.428027	1.856389	3.038524	2.717086	120.004735	62.198414	0.841483	0.060274	0.582537	11808.602474	387.581365
180.610382	87.031689	2.703255	2.222892	3.062594	432.004260	147.117811	1.238586	2.847464	0.794259	47573.257012	435.621184
413.457984	293.771755	2.934321	0.117940	0.738665	247.019489	140.084765	2.601681	2.376077	2.543392	109176.557320	207.393699
286.440380	250.795035	2.345944	3.003276	2.955840	318.208293	221.873707	3.070348	0.316589	1.584104	71168.766667	267.113931
193.076582	50.213884	1.669613	1.663409	2.897716	173.909601	66.683470	2.200049	0.229230	1.178293	30452.745282	101.897952
145.932968	41.299470	2.936024	2.874400	2.577166	580.670383	133.525318	0.232296	2.777091	1.479751	1022.825117	164.524468
454.828255	358.710781	0.373231	2.922391	2.738598	180.304624	114.722033	0.525060	2.690217	0.654915	3502.186945	221.345461
404.173782	147.006965	1.069178	3.090679	1.462659	254.703548	99.081694	2.124780	1.284617	1.030288	107866.490282	260.381464
372.584667	161.650162	2.499494	1.741224	2.739823	364.948232	222.757151	0.064320	1.567853	2.596004	70.710918	157.060498
161.972011	77.593221	2.471310	2.978819	2.919131	357.388469	145.467474	0.075522	2.009114	1.961596	365.362792	243.398101
135.150036	88.453173	2.913312	2.597457	2.975860	179.747363	95.209285	0.802786	2.880359	0.858248	13057.816618	297.387261
449.204079	380.405999	0.061750	2.146375	1.552658	681.282157	268.879064	2.450643	1.996397	1.868256	52209.181598	153.536919
123.567329	45.112822	1.496829	0.657307	0.077357	422.836265	329.124722	2.808527	2.012505	0.115414	56456.351473	133.834552
340.468445	219.078495	0.607415	2.306617	2.702916	268.014983	160.119791	1.257711	1.427945	2.608926	20529.317725	180.612611
281.523963	151.744650	3.132303	0.236073	0.638952	258.922015	155.103833	2.903942	2.877485	0.552870	30362.529304	132.605135
373.736240	313.790994	1.629875	2.901247	1.582238	211.326291	58.718873	1.628292	0.439261	0.619441	50098.346659	156.253246
168.300665	100.556346	1.064026	2.531280	2.438806	367.719149	239.156352	2.617543	0.457925	1.056349	20268.194216	115.954749
439.598075	153.430375	0.153670	3.092388	2.752139	161.368545	75.606172	2.590997	0.397961	1.048048	25460.342680	137.038448
358.079546	207.522391	0.252846	2.993160	2.670267	208.036287	94.863980	2.040560	0.643537	0.341743	28635.645734	152.796006
261.689596	127.021268	1.850844	3.031963	1.909146	208.039310	172.047583	0.002222	0.606962	2.392032	0.023463	155.567913
610.833759	568.841281	1.934633	2.107184	2.609722	320.681846	180.929036	0.336073	0.899088	3.035572	832.274359	235.460506
157.962822	37.044170	2.698475	1.900964	2.021920	142.166879	71.651516	1.680913	0.639151	2.329529	16278.613452	151.785441
263.590769	180.395801	0.654013	2.340598	2.443979	173.462840	59.573885	1.344870	2.763552	2.384265	25436.831892	144.681736
268.320475	141.347966	0.508059	3.125660	2.130651	143.567901	72.033304	0.343923	0.398960	1.345977	2409.813887	239.354561
162.365677	75.615131	2.291600	2.992769	2.350072	257.983676	106.013512	1.091986	1.782252	0.811442	52255.702800	423.867354
376.988957	241.863099	0.903543	2.582264	2.321101	338.918371	30.501972	1.551347	0.742019	0.570761	51598.849644	259.525753
223.995146	88.392760	2.340058	2.985135	1.958422	412.934281	114.055333	1.696465	0.795657	1.512918	29621.883665	329.501536
348.893990	186.337473	0.020872	2.810609	1.983610	331.686599	76.656517	1.217496	2.386144	1.685937	16855.909075	101.329575
304.298514	161.024673	1.129140	1.297827	1.893460	268.640016	110.926412	2.163684	1.996901	2.847495	37759.623828	164.505342
181.176637	27.976383	1.019023	1.993814	1.594134	419.627081	79.722834	2.018119	2.491490	1.958181	25522.621269	110.135830
385.046090	237.008065	1.419670	3.075154	1.974997	141.457160	78.384617	0.312728	0.322709	0.217015	1443.961076	195.951285
393.261825	324.094002	1.149862	2.915706	3.109803	459.855911	320.341706	0.602785	2.741281	0.963480	12029.957307	265.329898
339.602781	183.221840	1.528834	2.853064	1.515052	224.202175	118.767883	0.229902	1.269872	1.970415	411.984259	108.835486
403.008400	284.201459	2.135424	1.396950	2.625582	340.261117	228.702688	1.331162	2.146567	0.398341	34662.208673	205.438748
160.858926	77.898720	3.129184	2.783500	2.117334	283.337403	149.505034	0.687863	2.576539	0.393639	16816.110111	220.793302
386.241871	182.514555	0.223895	2.727164	1.486782	137.514205	90.594515	0.938147	1.480388	2.519237	12251.763761	229.728876
313.288612	237.833628	2.205413	2.925131	1.837713	282.120339	161.092854	1.153165	0.494046	0.448821	19478.247407	292.113744
171.632719	67.856971	1.069465	2.984727	2.430288	173.960072	126.133886	0.077988	1.810057	1.020696	77.211132	323.833708
171.691022	55.021825	0.346091	2.964821	3.127419	211.767002	117.514605	2.269510	0.237170	2.624403	42067.640427	174.041114
148.844488	60.091232	2.900810	3.060880	2.512995	277.538580	193.671949	1.008892	0.073791	0.754458	12771.451211	173.025701
390.623349	317.762676	1.664261	2.954809	1.098733	333.084029	178.996218	0.900497	0.197665	0.496257	9933.256971	101.573212
258.773961	83.978749	2.608361	2.238006	2.256779	370.063615	246.864715	0.802037	2.718953	0.996787	29399.093532	364.866035
1328.203682	1270.610355	2.938062	2.868970	2.750386	107.329326	61.262579	0.025033	1.443727	0.267445	8.917555	211.635298
181.082618	79.945150	1.945154	2.684540	2.860642	682.640181	617.927098	1.930394	0.775171	0.499833	50439.735046	309.133995
119.241361	79.754994	0.637352	1.777576	1.324025	191.165008	113.828446	1.842697	2.755961	2.998154	38497.672697	126.268984
699.908823	594.781270	1.310904	2.877299	2.470651	403.671852	363.482111	1.787843	1.606388	0.474036	8997.309725	117.042047
260.803880	120.610241	2.188430	1.831759	2.754304	90.429217	29.532504	1.067131	1.512190	2.081599	18064.778799	202.121822
594.235684	543.515817	1.314265	2.470633	1.870197	264.986352	94.221375	2.789661	0.370382	2.394847	154735.959964	328.057876
327.330301	149.635973	3.103018	1.428154	1.915263	532.267794	334.514060	0.406443	2.047021	0.038148	16343.232905	523.449511
468.066325	290.382624	0.085300	2.453277	0.356887	202.051812	122.924831	2.088134	1.485175	0.468216	44662.373034	166.534975
165.263044	78.125251	2.861284	2.620777	2.997297	155.303462	31.492693	0.119022	1.181764	1.969514	469.420179	583.888305
220.186934	83.272302	1.701499	2.986426	3.114159	232.073690	59.054066	0.697032	0.020652	0.960780	10905.384256	227.183683
296.619917	179.456730	0.558711	2.393912	2.283798	234.782737	155.483413	0.589871	1.150459	2.780788	3948.458633	128.504021
168.575038	79.319457	3.065823	2.391234	1.871262	99.560852	46.993541	0.994840	0.636826	1.422113	26101.247454	310.375306
274.631010	216.761256	2.575834	2.988264	2.093091	496.126075	341.012033	0.120820	0.254241	0.727649	287.706620	186.693410
234.365000	141.125618	2.087231	2.776137	2.801145	160.989999	77.221175	1.183367	0.553298	2.576611	44095.406374	348.315557
532.985517	506.483647	1.482225	2.382751	0.673809	96.832571	63.244407	2.218717	1.447905	0.884494	18154.462275	144.842283
169.204060	68.854534	1.393658	1.760951	1.579222	281.028006	160.758127	2.901341	0.955391	0.981210	52325.012024	121.301243
274.485192	61.708203	0.641984	2.161463	2.558544	174.163692	89.370960	0.532109	1.676199	1.035431	3147.399742	133.685230
452.107449	266.641408	2.516229	0.635861	0.580125	264.646565	89.486688	3.135358	2.880149	2.770235	130266.411552	142.962672
301.001743	102.087771	2.954513	0.723107	2.234547	278.096266	75.643316	3.016495	1.117012	0.747326	433271.986306	452.121329
208.968609	64.928176	0.490141	1.618123	1.431594	102.914851	35.825033	2.683417	2.223568	3.004058	144762.503640	272.358765
188.974067	60.006522	0.222067	3.054381	3.093350	122.259285	72.083722	2.043534	0.123224	1.832315	18740.024068	213.894659
192.199352	99.294845	1.082246	3.032910	2.998550	273.771809	212.851494	2.373517	1.103875	1.155573	66220.412428	381.962517
174.994583	95.495880	2.539806	2.888569	2.544368	494.346569	330.652043	1.301717	0.646825	0.482092	53026.316827	287.264511
483.571963	158.864270	0.794990	2.105929	2.484739	275.114786	136.474089	1.815091	1.103137	1.214034	31952.103212	150.416511
