m3a	m2a	angles_b_a	angles_j1_a	angles_j2_a	m3b	m2b	angles_b_b	angles_j1_b	angles_j2_b	mT_b	eT_missing
355.345719	283.758316	2.033969	1.695726	2.226400	286.105227	75.251044	1.801304	2.937840	0.610508	121638.877758	231.036668
249.470414	199.067275	2.243945	2.724447	2.210436	299.091270	70.790139	0.659271	0.764484	2.872703	16114.874457	315.883501
126.976574	53.040280	0.843964	1.032138	1.066490	525.855688	58.256181	2.653839	2.148223	1.385404	49664.920855	123.609957
2300.489251	2236.789352	0.598493	2.590061	2.650428	195.405462	73.323912	1.470626	0.595484	0.452186	26839.155432	229.785412
159.870203	53.220062	0.610865	3.035212	2.299326	130.399584	84.126089	3.137420	0.036430	1.892706	28233.189279	234.768555
201.494190	110.830850	2.432270	1.553312	2.598068	391.695469	172.185342	0.816985	2.113674	1.875607	21935.166354	180.107134
170.682493	75.720089	2.974282	3.026430	2.339029	436.183200	35.355501	1.517165	0.150838	0.203108	61458.888764	393.499490
172.481155	77.766727	1.154422	2.025131	1.629865	169.870437	114.380716	2.567103	2.742956	1.550554	100742.392645	262.927635
325.863958	239.378779	1.725060	3.101311	2.200024	172.502082	42.310513	1.018375	2.031329	2.768434	14404.432301	359.948171
326.608710	249.570867	0.834126	3.117810	2.292513	620.419672	431.208816	2.524846	0.571117	2.380201	117990.744350	241.891584
168.730085	76.825981	2.085373	2.094819	2.931066	274.170034	85.121334	0.365430	0.310264	0.263557	1590.027767	240.010124
230.119783	153.842848	2.164371	2.727968	2.893597	401.635191	34.179174	1.131829	2.335834	1.480059	30473.462871	232.467980
174.922746	74.953805	1.107464	2.515760	3.000857	527.854708	256.455489	0.633985	2.420250	2.727336	12147.976834	151.768714
219.040325	159.605281	2.699511	0.823352	1.644724	512.624204	285.641985	1.806454	2.872508	2.147839	55847.569957	152.150518
366.125359	113.227926	1.822774	2.133449	2.111974	162.551572	62.914240	1.169355	1.169192	0.394786	13157.288811	163.158840
835.773582	779.618732	1.688368	1.557449	2.718478	816.566343	595.592160	2.059838	1.552529	1.341845	85002.581713	247.785833
326.095708	273.481802	1.516342	2.492890	2.599804	252.857394	78.084460	1.443481	0.615520	1.603100	34507.788446	208.645035
301.089661	241.542652	2.954812	2.334786	2.535244	409.196189	203.532053	1.029491	0.356924	0.931735	28469.684420	228.417178
154.754292	62.063574	1.934221	3.110754	2.791811	253.771624	163.940960	0.190309	0.810097	2.967231	513.339614	244.157881
168.194688	88.626830	1.167308	2.539959	3.136180	128.173752	13.306962	2.666359	2.532981	0.622331	49630.019254	345.787110
429.149624	330.674566	2.215240	2.882466	2.579966	453.204520	26.251006	0.795663	2.524554	2.051868	14548.055577	215.933622
156.795191	75.935663	2.121216	1.535967	2.471525	204.417504	46.768315	1.492414	2.134741	2.816556	22563.649218	235.312004
658.181783	514.493473	3.018235	1.105343	2.707528	208.836156	177.846059	1.946323	1.850862	3.036492	37429.377832	202.474651
447.580968	355.384780	1.198923	2.238708	2.967753	159.800508	70.970538	1.798106	3.047872	1.966235	186824.670091	489.200217
167.977267	82.555146	1.477495	2.896821	1.985749	238.802585	51.220339	2.087059	0.056634	1.375415	48150.764160	253.394349
171.654777	80.022704	2.982724	2.566392	2.675071	127.673769	72.685896	0.212782	1.530043	0.892509	594.731688	129.504579
227.489282	133.573628	1.519023	2.835146	2.978630	149.541485	78.310240	1.444989	0.726692	2.438770	19307.849501	236.175430
1054.721504	756.977870	1.737666	2.561468	3.007222	245.179057	142.893144	1.079192	2.725456	2.641584	27911.883117	393.896898
279.609838	159.486398	2.159534	2.989613	1.931491	141.004193	38.909042	0.603601	0.562800	1.482334	6646.528390	172.582177
171.441197	48.903315	3.110285	1.942445	1.484619	139.632648	53.883178	1.001236	2.320418	1.433755	15010.104625	197.586029
374.126084	73.010133	1.447420	2.972619	3.067576	175.791767	71.383120	0.928074	1.426091	1.680473	47329.262042	357.905759
198.739371	58.547265	1.205509	2.527458	2.640956	122.826231	28.030178	2.299928	0.616865	0.359750	34805.971214	228.036635
193.337787	71.667339	1.306924	1.792514	2.900496	202.924385	108.487569	0.431202	2.572649	0.185941	1218.738408	124.544954
159.597349	149.411552	2.924242	2.986755	2.816443	227.874597	124.060565	0.079693	0.846959	1.850841	119.718652	540.403497
128.997698	42.604282	1.437853	2.529440	2.538044	217.541287	69.034579	0.954416	1.981437	3.027424	19414.850544	215.844688
285.716850	121.243209	1.061752	1.519031	2.730362	363.261309	28.089615	2.880505	0.084429	0.263285	374905.111261	363.146974
542.518338	481.131504	0.566820	1.957867	2.640802	180.977121	86.259429	2.912692	2.757050	1.317633	46949.614516	197.629063
722.901503	526.067308	0.404002	3.018517	2.955728	339.378655	174.214270	0.741891	0.163313	2.080906	4458.534470	126.545682
150.546419	52.187802	1.699950	3.081592	2.427685	177.895467	68.250662	0.273938	0.397041	1.667642	925.150530	118.135248
