423.548298485
125.21276553
141.579730258
166.17282048
128.244213307
149.283204494
163.539775067
127.307098951
395.011813329
147.505524375
312.88297947
364.731311155
742.035776615
147.307980205
181.148617513
450.449483792
288.862119623
169.152628035
328.328713148
271.506382448
263.855052207
540.902228876
271.953652371
262.119497637
251.359537903
263.303569068
265.029479764
307.262118687
205.985297836
770.972021629
125.895101587
630.58380315
250.833171741
221.397375865
186.927947015
478.319138991
463.600734072
299.435152159
305.476196825
502.999444221
270.480781372
167.618584997
324.313117338
199.942833245
364.727243053
232.003924141
626.15425186
191.399301232
217.941934449
257.113493161
186.913865819
1015.20428207
358.451184676
449.163327089
184.277624787
133.618271224
251.27807016
235.445040189
111.19480745
382.900985597
233.996803591
351.02826541
383.699972118
569.434398859
255.04424466
149.752403719
299.598484866
536.652143973
367.977136637
155.575236558
430.735509974
153.089457482
183.959287747
193.922592335
266.311123615
161.767304833
790.99841468
373.211860913
355.77267971
271.333761067
264.689375757
230.220083676
151.179327556
460.134745657
294.504701286
181.384140665
347.865085891
845.725236255
172.114762783
332.17382623
353.260455804
365.209816593
201.699282209
533.638143908
304.716928676
1090.44680659
217.128384071
247.809801526
227.501477151
249.026218391
273.674231471
1067.11630483
175.782355757
499.111047951
266.788478604
296.380969064
472.649376894
221.996482048
701.073081878
153.032168081
184.295696045
130.304503774
382.756065113
287.26378408
160.908326343
174.11359576
267.664713319
481.439860647
243.194430934
426.948823947
203.228914121
189.240160457
263.411895718
167.895110899
371.142991342
625.794322283
261.401801599
508.337936281
192.475684395
559.671844213
414.884649839
231.674039504
334.975915733
134.775215645
239.623467613
438.447127761
103.843380165
239.353919734
266.879458758
335.979095264
337.044681841
200.954587369
383.1160102
815.97195507
494.058663964
251.87784741
434.471929886
554.655488445
228.953181053
2175.03729259
403.792688674
357.422371701
490.051875191
320.727092407
442.621286917
163.801352832
167.600622964
228.501480531
408.826180941
212.206044742
461.911063402
315.63270193
216.640545352
322.573252622
454.613820007
588.973305668
268.934796097
211.679003966
368.575236945
656.821905829
259.897143115
477.415133727
454.55925039
143.529762594
137.861296347
197.562996066
138.061707816
232.542030193
291.336423593
513.540774229
334.708318458
279.314687295
198.988014654
167.2495784
471.431050264
196.294428591
511.780523146
151.025150512
159.078214895
163.082149177
1053.96721323
589.714002373
178.660730011
589.093440027
430.217667642
85.1297645888
454.24784935
245.152436238
388.177381848
386.316003951
204.592917997
393.683557859
521.051708655
196.614514376
425.219264608
127.557034957
312.061305416
210.310684963
427.6318776
196.524821016
423.661443693
333.702806417
509.318728392
289.387391899
326.188424721
142.808590497
356.619662613
203.674281528
310.093510377
185.790539257
224.759360278
342.493247653
306.082576583
365.463165867
274.35090511
425.712673042
449.782116685
309.673882286
191.885754464
144.302444759
223.983251831
614.160822672
323.406065583
496.834594886
355.949074417
198.076110782
286.838877748
313.112331344
