143.960535009
266.428527454
91.9855273672
233.425288686
283.67285755
67.7171490928
270.824222375
195.473553642
38.6099912822
127.854584686
487.652624669
230.194077634
350.343984264
183.800430301
334.957352059
168.719479487
367.759247055
301.011929427
309.185779181
110.119949248
10.4061855022
325.856749179
211.345739537
166.674557727
220.869751773
357.65044553
25.4857707417
106.585766179
176.987184859
85.0347907726
172.273050203
324.331886741
392.927631866
148.680425746
124.484113118
71.7015081621
109.269314337
424.234600127
152.638873293
104.88676792
180.655287981
137.835059972
246.176656789
328.355452141
121.390347334
235.427142656
159.570876765
143.302014664
178.150279617
152.614444493
187.379839422
220.062720082
273.034750158
369.335671093
119.199708747
159.013050728
101.686837221
178.414606281
303.281497551
168.340479613
186.914331037
259.166110121
433.922583139
279.534910917
150.583423568
128.793871774
28.6362915033
256.435295084
67.7269512853
232.184985793
260.93400026
276.733818927
66.4596541458
174.738644409
119.478000214
384.274006293
207.971635975
562.401803949
135.193778859
152.101542324
168.348418247
147.929176774
97.1798727225
199.337384918
169.828090078
297.892023532
202.421658266
88.2042139698
324.414159388
65.8213307515
39.1205068649
489.778906728
208.269959836
475.112653099
271.329979737
451.691894941
153.453912019
434.001831884
115.922553733
135.280901378
257.464039433
86.2208874386
107.747508757
197.774448044
96.8237740822
322.392492275
117.243799406
139.897967021
488.563310584
297.873448285
182.813926847
311.149481979
351.665390833
48.3152489439
185.518693252
124.956042986
351.578276226
398.379459784
157.774459882
292.836109677
195.626648496
234.688128388
173.009341433
235.466352543
291.698704428
112.633539827
268.257798513
117.3065937
260.19843283
81.6519778978
385.703236364
39.598154711
588.147584079
293.967985881
207.737157307
347.886952756
29.5378892352
146.848533758
196.829826976
83.5484563756
167.16030711
148.240917502
174.175002631
392.724541769
110.884894389
176.024442063
158.179472825
621.311424098
244.056459628
678.47114246
175.640387805
352.10106808
223.076953392
223.29093339
394.230809841
146.264048664
162.414709797
335.004396072
69.0288845221
45.1271796039
318.663382006
476.795354432
102.34939017
254.288420939
216.867506633
134.19399227
128.539057245
225.773849218
217.73474897
203.052032503
172.637846623
481.641915346
220.14952611
152.724889773
271.307297484
512.556726175
115.233489024
111.983813599
250.435683869
194.596514162
129.864818202
174.794923668
289.140856934
153.555957301
726.221293629
42.8102729728
191.802572034
260.626145384
302.241070222
130.825645652
258.443270088
124.969343701
144.229132575
421.705040652
145.009988703
138.466925119
258.362226035
266.622327444
415.025276129
292.983137196
372.76564714
304.127687839
142.39841513
271.290475035
161.533862819
179.103554498
197.912683835
69.4101645914
155.209448207
285.949053983
149.85020897
205.671344555
58.8524974539
145.437013043
421.143389055
146.719492884
75.5802041639
221.125064977
248.740392258
276.041104944
112.75949897
145.83107789
115.996114484
140.029045916
574.555018022
94.6023877518
231.980128021
287.149214787
112.508804363
279.358585648
81.328876939
507.430861355
128.875180877
270.171633571
96.2521901126
113.083431581
134.342973066
278.565766525
